years
 1991 1992 1993 1994 1995 1996 1997 1998 1999 2000 2001 2002 2003 2004 2005 2006 2007 2008 2009 2010 2011 2012 2013 2014 2015 2016 2017 2018 2019 2020
reclasobs
 0 0 0 0 0 0 0 0 0 252601 567819 844713 477998 351125 339783 2.1784e+06 2.13404e+06 4.81314e+06 1.55562e+06 2.62356e+06 3.21686e+06 3.843e+06 1.13348e+06 3.07943e+06 1.97215e+06 2.03268e+06 2.025e+06 2.42433e+06 2.27542e+06 1.05018e+06
reclaspred
 2.9212e+06 1.59489e+06 797928 675080 605124 1.17126e+06 619756 510253 382121 284109 438351 611014 597642 435765 424489 1.41296e+06 1.27892e+06 3.10356e+06 2.55834e+06 1.91584e+06 3.40408e+06 2.72797e+06 2.05036e+06 3.19557e+06 2.34085e+06 2.01831e+06 2.52232e+06 2.77776e+06 2.19331e+06 1.25344e+06
pelacesobs
 0 0 0 0 0 0 0 0 0 0 0 0 0 0 0 552880 188675 0 991730 2.46772e+06 1.41603e+06 1.21717e+06 2.29649e+06 1.80582e+06 0 1.4828e+06 1.56532e+06 1.57751e+06 1.42118e+06 867257
pelacespred
 1.18686e+06 709357 347963 236861 231655 465263 203242 233568 155290 108219 183851 215187 233637 174064 175762 504227 459566 1.30595e+06 1.09496e+06 755656 1.32846e+06 1.13693e+06 858227 1.47537e+06 1.03456e+06 891684 1.27583e+06 1.38233e+06 899620 585972
mphobs
 0 0 0 0 0 0 0 0 0 0 0 498337 0 5186 125008 0 168611 109162 213762 579715 649985 157893 87575 83554 0 0 0 0 0 0
mphpred
 2.28391e+06 1.50275e+06 722234 388876 333878 360629 560748 275430 244235 161051 112278 269427 297612 241403 145513 185098 839112 732348 1.59404e+06 1.18836e+06 1.28693e+06 1.60372e+06 1.49568e+06 1.16435e+06 1.65036e+06 1.32433e+06 1.06172e+06 1.20591e+06 1.75183e+06 1.11756e+06
desembarqueobs
 494567 514787 250237 358949 120608 361735 552515 73892 212993 205616 52469 317467 293654 387597 252695 516296 358380 742168 942051 627588 828172 859565 418607 520667 417249 300574 407403 355545 319650 289779
desembarquepred
 494563 514135 250372 358981 120611 361709 552410 73895.1 213016 205632 52470.7 317491 293661 387528 252653 516196 358389 742014 941684 627350 828169 859455 418584 520665 417221 300553 407376 355509 319623 289770
Reclutas
 165703 96301.5 95039.8 110739 90128.8 212257 74343.4 29375.2 34713.4 50906.7 95236.2 132353 107938 74465.8 69576.1 447560 74406.8 674758 384991 304954 438774 571750 102972 343999 276496 121307 300448 337666 77628.4 56102.5
log_desv_Rt
 0.160991 -0.381721 -0.394909 -0.242033 -0.447965 0.408594 -0.64051 -1.56905 -1.40208 -1.01921 -0.392844 -0.0637316 -0.267649 -0.638865 -0.706784 1.15461 -0.639657 1.56515 1.00402 0.770957 1.13478 1.3995 -0.314748 0.891433 0.672993 -0.150878 0.75607 0.872852 -0.597272 -0.922024
SSB
 2.28391e+06 1.50275e+06 722234 388876 333878 360629 560748 275430 244235 161051 112278 269427 297612 241403 145513 185098 839112 732348 1.59404e+06 1.18836e+06 1.28693e+06 1.60372e+06 1.49568e+06 1.16435e+06 1.65036e+06 1.32433e+06 1.06172e+06 1.20591e+06 1.75183e+06 1.11756e+06
BT
 3.1592e+06 2.14326e+06 1.04749e+06 846662 632132 1.38472e+06 956491 605364 568105 445217 468530 759526 804345 803194 658820 1.57803e+06 1.33993e+06 3.67077e+06 3.42796e+06 2.30707e+06 3.73365e+06 3.42866e+06 2.34513e+06 3.8895e+06 2.77597e+06 2.32503e+06 3.36065e+06 3.54629e+06 2.34094e+06 1.64071e+06
Ftot
 0.187588 0.348406 0.345339 0.617903 0.237863 0.399369 0.9422 0.172441 0.658813 0.850164 0.163645 0.63306 0.591646 1.04459 0.765403 0.510016 0.31712 0.320517 0.437005 0.391869 0.300311 0.383418 0.229679 0.209702 0.209764 0.172806 0.207118 0.166491 0.159423 0.254915
BD_Bspro_t
 0.970553 0.79582 0.599646 0.492723 0.432416 0.507345 0.528942 0.314756 0.362427 0.314873 0.297786 0.586364 0.474585 0.379 0.261656 0.314693 0.559105 0.512577 0.635116 0.535039 0.509022 0.56068 0.573886 0.55363 0.666189 0.669858 0.672756 0.723759 0.778583 0.6947
BD_Bspro
 2.27449 1.49655 0.719256 0.387273 0.332501 0.359142 0.558436 0.274295 0.243228 0.160387 0.111815 0.268317 0.296385 0.240407 0.144913 0.184335 0.835653 0.729328 1.58746 1.18346 1.28162 1.59711 1.48951 1.15955 1.64356 1.31887 1.05735 1.20094 1.74461 1.11295
BD_Bo
 1.3362 0.879182 0.422542 0.227511 0.195335 0.210986 0.328065 0.16114 0.14289 0.0942227 0.0656882 0.157628 0.174118 0.141232 0.0851324 0.108291 0.490922 0.428459 0.932589 0.69525 0.752915 0.938257 0.875045 0.681204 0.965542 0.774796 0.62116 0.705515 1.02491 0.653827
BD_Brms
 7.14693 4.70249 2.26005 1.21689 1.04479 1.1285 1.75472 0.861891 0.764274 0.50397 0.351347 0.843107 0.931305 0.75541 0.455348 0.579219 2.6258 2.2917 4.98815 3.71869 4.02712 5.01846 4.68036 3.64356 5.1644 4.14416 3.3224 3.77359 5.48193 3.49713
Sel_flota
 0.693519 0.97727 0.998777 0.999936 0.999997
 0.693519 0.97727 0.998777 0.999936 0.999997
 0.693519 0.97727 0.998777 0.999936 0.999997
 0.693519 0.97727 0.998777 0.999936 0.999997
 0.693519 0.97727 0.998777 0.999936 0.999997
 0.693519 0.97727 0.998777 0.999936 0.999997
 0.693519 0.97727 0.998777 0.999936 0.999997
 0.693519 0.97727 0.998777 0.999936 0.999997
 0.693519 0.97727 0.998777 0.999936 0.999997
 0.693519 0.97727 0.998777 0.999936 0.999997
 0.693519 0.97727 0.998777 0.999936 0.999997
 0.693519 0.97727 0.998777 0.999936 0.999997
 0.693519 0.97727 0.998777 0.999936 0.999997
 0.693519 0.97727 0.998777 0.999936 0.999997
 0.693519 0.97727 0.998777 0.999936 0.999997
 0.693519 0.97727 0.998777 0.999936 0.999997
 0.693519 0.97727 0.998777 0.999936 0.999997
 0.693519 0.97727 0.998777 0.999936 0.999997
 0.693519 0.97727 0.998777 0.999936 0.999997
 0.693519 0.97727 0.998777 0.999936 0.999997
 0.693519 0.97727 0.998777 0.999936 0.999997
 0.693519 0.97727 0.998777 0.999936 0.999997
 0.693519 0.97727 0.998777 0.999936 0.999997
 0.693519 0.97727 0.998777 0.999936 0.999997
 0.693519 0.97727 0.998777 0.999936 0.999997
 0.693519 0.97727 0.998777 0.999936 0.999997
 0.693519 0.97727 0.998777 0.999936 0.999997
 0.693519 0.97727 0.998777 0.999936 0.999997
 0.693519 0.97727 0.998777 0.999936 0.999997
 0.693519 0.97727 0.998777 0.999936 0.999997
Sel_reclas
 1 1 1 1 1
 1 1 1 1 1
 1 1 1 1 1
 1 1 1 1 1
 1 1 1 1 1
 1 1 1 1 1
 1 1 1 1 1
 1 1 1 1 1
 1 1 1 1 1
 1 1 1 1 1
 1 1 1 1 1
 1 1 1 1 1
 1 1 1 1 1
 1 1 1 1 1
 1 1 1 1 1
 1 1 1 1 1
 1 1 1 1 1
 1 1 1 1 1
 1 1 1 1 1
 1 1 1 1 1
 1 1 1 1 1
 1 1 1 1 1
 1 1 1 1 1
 1 1 1 1 1
 1 1 1 1 1
 1 1 1 1 1
 1 1 1 1 1
 1 1 1 1 1
 1 1 1 1 1
 1 1 1 1 1
Sel_pelaces
 1 1 1 1 1
 1 1 1 1 1
 1 1 1 1 1
 1 1 1 1 1
 1 1 1 1 1
 1 1 1 1 1
 1 1 1 1 1
 1 1 1 1 1
 1 1 1 1 1
 1 1 1 1 1
 1 1 1 1 1
 1 1 1 1 1
 1 1 1 1 1
 1 1 1 1 1
 1 1 1 1 1
 1 1 1 1 1
 1 1 1 1 1
 1 1 1 1 1
 1 1 1 1 1
 1 1 1 1 1
 1 1 1 1 1
 1 1 1 1 1
 1 1 1 1 1
 1 1 1 1 1
 1 1 1 1 1
 1 1 1 1 1
 1 1 1 1 1
 1 1 1 1 1
 1 1 1 1 1
 1 1 1 1 1
pf_obs 
 0.8446 0.082 0.0669 0.0065 0
 0.8095 0.147 0.0364 0.0071 0
 0.9664 0.0169 0.016 0.0007 0
 0.9276 0.0648 0.0075 0.0001 0
 0.7033 0.2144 0.0806 0.0017 0
 0.9318 0.0425 0.0243 0.0014 0
 0.5671 0.3108 0.0964 0.0239 0.0018
 0.0768 0.2599 0.5324 0.112 0.0189
 0.490249 0.384438 0.106611 0.0170017 0.00170017
 0.7925 0.1577 0.0466 0.003 0.0002
 0.840416 0.127587 0.0312969 0.00059994 9.999e-05
 0.8084 0.0986 0.0794 0.0134 0.0002
 0.7335 0.1905 0.0724 0.0035 0.0001
 0.4001 0.4547 0.1325 0.0127 0
 0.49795 0.308269 0.164784 0.0264974 0.00249975
 0.9179 0.0499 0.0305 0.0017 0
 0.2467 0.6533 0.0926 0.0074 0
 0.9418 0.0223 0.034 0.0019 0
 0.707729 0.231977 0.0356964 0.0245975 0
 0.517169 0.277429 0.184464 0.0207286 0.00020938
 0.811772 0.124168 0.05621 0.00726502 0.000585176
 0.764997 0.148141 0.077277 0.00933861 0.000247198
 0.163321 0.427699 0.378323 0.0303852 0.000271297
 0.753843 0.0900009 0.118128 0.0371064 0.000921714
 0.721811 0.176058 0.0630433 0.0369309 0.00215725
 0.143369 0.312575 0.442814 0.0836902 0.0175525
 0.692698 0.0596174 0.167031 0.0765114 0.00414204
 0.394062 0.376323 0.152708 0.0712218 0.00568511
 0.125707 0.32114 0.495352 0.0537591 0.00404204
 0.23352 0.215282 0.420074 0.123614 0.00750983
pf_pred 
 0.44298 0.153914 0.37506 0.0280448 8.63224e-07
 0.415688 0.313079 0.0762143 0.181465 0.0135526
 0.564253 0.223921 0.114883 0.027267 0.0696764
 0.66771 0.218797 0.0590598 0.0295408 0.0248928
 0.652337 0.26343 0.0560255 0.0146896 0.0135174
 0.80372 0.143493 0.0402311 0.00835449 0.00420072
 0.457531 0.466437 0.0559798 0.0152884 0.00476435
 0.464947 0.311101 0.193479 0.0224467 0.00802593
 0.60509 0.219546 0.102955 0.0625675 0.00984194
 0.775383 0.158977 0.0369861 0.0168334 0.0118201
 0.849141 0.128038 0.0163082 0.00367282 0.00284031
 0.740822 0.230526 0.0244025 0.00303755 0.00121161
 0.679812 0.261361 0.0524934 0.00539552 0.000938012
 0.630706 0.283232 0.0706237 0.0137791 0.00165991
 0.749682 0.186035 0.0497126 0.0119607 0.00260971
 0.948607 0.0425231 0.00664556 0.00172102 0.000503566
 0.313706 0.66265 0.0196564 0.0029884 0.00099887
 0.900478 0.0398476 0.0576675 0.00166855 0.000338008
 0.573132 0.397277 0.0120264 0.0169752 0.000589863
 0.590585 0.273265 0.126949 0.00374227 0.00545795
 0.720084 0.191103 0.0597892 0.0270657 0.00195869
 0.718652 0.22243 0.0405433 0.0123752 0.00599953
 0.269097 0.578323 0.121285 0.021545 0.00975078
 0.728705 0.094135 0.140872 0.0288523 0.00743537
 0.593874 0.323306 0.0291829 0.0426617 0.0109755
 0.403588 0.404169 0.15379 0.0135608 0.0248928
 0.730822 0.132501 0.0933105 0.0347009 0.00866564
 0.670386 0.262745 0.0333128 0.0229181 0.0106379
 0.273819 0.540057 0.149066 0.0184734 0.0185853
 0.359364 0.224187 0.311528 0.0840521 0.0208698
pobs_RECLAS
 0 0 0 0 0
 0 0 0 0 0
 0 0 0 0 0
 0 0 0 0 0
 0 0 0 0 0
 0 0 0 0 0
 0 0 0 0 0
 0 0 0 0 0
 0 0 0 0 0
 0 0 0 0 0
 0.991045 0.00858322 0.000360255 1.14367e-05 0
 0.934742 0.0480273 0.0164251 0.00080598 0
 0.827803 0.169806 0.00239088 0 0
 0.941827 0.0461693 0.0120037 0 0
 0.791401 0.0380133 0.147996 0.0225897 0
 0.846168 0.0940531 0.0597789 0 0
 0.134021 0.677848 0.182769 0.00536245 0
 0.80878 0.0450904 0.141981 0.00414843 0
 0.846168 0.0940531 0.0597789 0 0
 0.905697 0.0802665 0.012482 0.00150086 5.37128e-05
 0.989698 0.0102097 9.19794e-05 0 0
 0.975433 0.0193895 0.00387452 0.00125025 5.28907e-05
 0.303575 0.632131 0.0575291 0.00676475 0
 0.966965 0.00978017 0.0227588 0.000495775 0
 0.843318 0.132988 0.00938335 0.0141283 0.000182051
 0.564624 0.303363 0.111486 0.0197234 0.00080311
 0.826376 0.0876187 0.0782897 0.00655872 0.00115652
 0.89761 0.0855135 0.0140674 0.00269457 0.000114338
 0.34875 0.467042 0.161289 0.0227151 0.000203297
 0.318654 0.224769 0.449479 0.00709798 0
ppred_RECLAS
 0.533692 0.130933 0.312067 0.0233071 7.1735e-07
 0.505913 0.267615 0.063692 0.151468 0.0113115
 0.650866 0.18143 0.0910049 0.0215737 0.0551247
 0.744661 0.169506 0.044693 0.0223268 0.0188126
 0.72797 0.207248 0.0431056 0.0112887 0.0103872
 0.854591 0.106959 0.0293137 0.00607999 0.00305688
 0.553303 0.385432 0.0451229 0.012307 0.00383498
 0.553883 0.261805 0.159259 0.0184548 0.0065982
 0.690743 0.17377 0.0795852 0.0483044 0.00759784
 0.83507 0.117581 0.0266952 0.0121339 0.00851959
 0.888799 0.094697 0.0117979 0.00265391 0.00205223
 0.805003 0.173891 0.0179792 0.00223518 0.000891506
 0.754051 0.201623 0.0395593 0.00406103 0.000705964
 0.716645 0.218607 0.0531459 0.0103551 0.00124734
 0.813743 0.139286 0.0363353 0.00873099 0.00190488
 0.963705 0.0301509 0.00460444 0.00119096 0.000348449
 0.394162 0.585419 0.0169792 0.00257829 0.000861736
 0.928797 0.0288954 0.0408869 0.00118161 0.000239349
 0.65767 0.319115 0.00944202 0.0133111 0.000462512
 0.674552 0.218862 0.0993922 0.00292638 0.00426774
 0.786459 0.14684 0.0449211 0.0203108 0.00146976
 0.785362 0.170504 0.0303814 0.00926223 0.00449008
 0.344062 0.52143 0.106946 0.0189753 0.00858726
 0.79435 0.0724072 0.105976 0.0216796 0.00558657
 0.675536 0.259499 0.0229089 0.0334503 0.00860516
 0.491045 0.347379 0.129288 0.0113869 0.020901
 0.795565 0.101786 0.070106 0.0260407 0.00650257
 0.743048 0.205761 0.0255175 0.0175346 0.00813853
 0.349215 0.48674 0.131414 0.0162666 0.0163642
 0.446863 0.196424 0.266922 0.0719317 0.0178592
pobs_PELACES
 0 0 0 0 0
 0 0 0 0 0
 0 0 0 0 0
 0 0 0 0 0
 0 0 0 0 0
 0 0 0 0 0
 0 0 0 0 0
 0 0 0 0 0
 0 0 0 0 0
 0 0 0 0 0
 0 0 0 0 0
 0 0 0 0 0
 0 0 0 0 0
 0 0 0 0 0
 0 0 0 0 0
 0 0 0 0 0
 0.505614 0.472636 0.0217494 0 0
 0 0 0 0 0
 0.443492 0.261883 0.143347 0.151278 0
 0.227955 0.32914 0.350689 0.0885471 0.00366901
 0.970185 0.0296113 0.000203453 0 0
 0.997202 0.00247181 0.000326279 0 0
 0.445219 0.490057 0.0546422 0.010081 0
 0.90214 0.0892962 0.00764917 0.000914606 0
 0 0 0 0 0
 0.581667 0.319106 0.0959925 0.00289975 0.000334073
 0.762889 0.0836404 0.116647 0.0363945 0.000428098
 0.88444 0.0763242 0.0277011 0.0115352 0
 0.521256 0.241999 0.230069 0.00667565 0
 0.616807 0.101726 0.260614 0.0208532 0
ppred_PELACES
 0.538299 0.129764 0.308869 0.0230666 7.09946e-07
 0.51436 0.26335 0.0625221 0.148666 0.0111022
 0.65845 0.177704 0.0889176 0.0210761 0.0538528
 0.755785 0.162367 0.0426233 0.0212878 0.0179369
 0.732439 0.203927 0.0423434 0.011088 0.0102025
 0.859268 0.103596 0.028312 0.00587132 0.00295194
 0.575219 0.366862 0.0426626 0.0116318 0.00362451
 0.557995 0.259524 0.157678 0.0182704 0.00653226
 0.704199 0.166557 0.0759258 0.0460717 0.00724656
 0.845975 0.110002 0.0248241 0.0112797 0.00791974
 0.890322 0.0934167 0.0116249 0.00261483 0.002022
 0.814215 0.165758 0.0170614 0.00212058 0.000845784
 0.764317 0.193354 0.0377779 0.00387728 0.000674013
 0.736411 0.203705 0.0491571 0.00957407 0.00115324
 0.824563 0.131376 0.0340863 0.00818818 0.00178643
 0.96536 0.0287942 0.00438136 0.00113304 0.000331499
 0.401293 0.578572 0.0167429 0.0025421 0.000849635
 0.930843 0.0281028 0.0396751 0.00114644 0.000232225
 0.66687 0.310605 0.00916178 0.0129139 0.000448706
 0.682753 0.213541 0.0967068 0.00284689 0.00415178
 0.791255 0.143639 0.0438483 0.0198235 0.00143449
 0.791446 0.165765 0.0294568 0.00897903 0.00435275
 0.349009 0.517672 0.106002 0.0188062 0.00851071
 0.797697 0.0712983 0.104198 0.0213141 0.00549238
 0.679894 0.256093 0.0225746 0.0329595 0.00847887
 0.495188 0.344687 0.128129 0.011284 0.0207121
 0.798821 0.10024 0.0689396 0.0256054 0.00639384
 0.746059 0.203399 0.0251948 0.0173117 0.00803507
 0.352681 0.484287 0.130604 0.0161654 0.0162622
 0.453063 0.194452 0.263765 0.0710739 0.0176461
pobs_pel_tallas
 0 0 0 0 0 0 0 0 0 0 0 0 0 0 0 0 0 0 0 0 0 0 0 0 0 0
 0 0 0 0 0 0 0 0 0 0 0 0 0 0 0 0 0 0 0 0 0 0 0 0 0 0
 0 0 0 0 0 0 0 0 0 0 0 0 0 0 0 0 0 0 0 0 0 0 0 0 0 0
 0 0 0 0 0 0 0 0 0 0 0 0 0 0 0 0 0 0 0 0 0 0 0 0 0 0
 0 0 0 0 0 0 0 0 0 0 0 0 0 0 0 0 0 0 0 0 0 0 0 0 0 0
 0 0 0 0 0 0 0 0 0 0 0 0 0 0 0 0 0 0 0 0 0 0 0 0 0 0
 0 0 0 0 0 0 0 0 0 0 0 0 0 0 0 0 0 0 0 0 0 0 0 0 0 0
 0 0 0 0 0 0 0 0 0 0 0 0 0 0 0 0 0 0 0 0 0 0 0 0 0 0
 0 0 0 0 0 0 0 0 0 0 0 0 0 0 0 0 0 0 0 0 0 0 0 0 0 0
 0 0 0 0 0 0 0 0 0 0 0 0 0 0 0 0 0 0 0 0 0 0 0 0 0 0
 0 0 0 0 0 0 0 0 0 0 0 0 0 0 0 0 0 0 0 0 0 0 0 0 0 0
 0 0 0 0 0 0 0 0 0 0 0 0 0 0 0 0 0 0 0 0 0 0 0 0 0 0
 0.00862536 0 0 0.000197151 0.00414017 0.0128641 0.00837892 0.0270097 0.101434 0.158115 0.152841 0.127902 0.109271 0.109419 0.0830992 0.0579132 0.0238553 0.00714673 0.00463305 0.00128148 0.00103504 0.000492878 0.000147863 0.000147863 4.92878e-05 0
 0 0 0 0 0 0 0 0 0 0 0 0 0 0 0 0 0 0 0 0 0 0 0 0 0 0
 0 0 0 0 0 0 0 0.0054083 0.00873648 0.0413646 0.0450493 0.0745869 0.0622846 0.0627006 0.0613931 0.0827291 0.12552 0.122667 0.0946155 0.0697135 0.0546179 0.0294188 0.0215738 0.0213955 0.0102223 0.00600262
 0 0 0 0 0.00359764 0.0251062 0.0480494 0.140153 0.205849 0.193036 0.1447 0.116669 0.0760912 0.0342217 0.00950174 0.001854 0.000860785 0 0 0 0.000165536 0 0.000143464 0 0 0
 0 0 0 0 0 0 0 0.000145254 0.000435761 0.0275982 0.070085 0.0708112 0.156366 0.174668 0.174014 0.160142 0.0824315 0.0480064 0.0283245 0.00493863 0.00203355 0 0 0 0 0
 0 0 0 0 0 0 0 0 0 0 0 0 0 0 0 0 0 0 0 0 0 0 0 0 0 0
 0 0 1.00437e-05 0.000401748 0.00122533 0.00171747 0.00176769 0.0269171 0.070346 0.194647 0.189555 0.159765 0.064822 0.0314167 0.0384472 0.0292271 0.0345202 0.0313363 0.0194345 0.0106764 0.0143323 0.0359363 0.0279516 0.0138201 0.00172751 0
 0 0.0021121 0.0136068 0.0755702 0.200478 0.177729 0.0527432 0.0373336 0.0318909 0.0142505 0.0149659 0.0166563 0.0217959 0.0798694 0.0677717 0.0528807 0.04013 0.0224614 0.0357745 0.0225083 0.00881397 0.00855152 0.00135912 0.000746735 0 0
 0 0 0 0 5.4009e-05 0.00500934 0.000945158 0.0243581 0.138947 0.33067 0.221406 0.137944 0.0707744 0.0437923 0.0131692 0.00525238 0.0047753 0.00276346 9.45158e-05 9.00151e-06 2.25038e-05 9.00151e-06 4.50075e-06 0 0 0
 0.000866109 0.00284123 0.00948549 0.0512746 0.133035 0.25785 0.225252 0.132002 0.0553304 0.0519788 0.0540692 0.017754 0.00435017 0.00159236 0.00146478 0.000404838 0.000125132 0.000115318 0.000107957 0.000100596 0 0 0 0 0 0
 0 0 0 0 0.00144013 0.00171154 0.00461396 0.0210425 0.0478622 0.0707936 0.0888783 0.103762 0.0637923 0.0337046 0.0602308 0.124433 0.169614 0.0934646 0.0462172 0.0250306 0.0313229 0.00938855 0.002487 0.000210481 0 0
 0 0.00764035 0.051015 0.0998891 0.058973 0.0496711 0.0374665 0.0718981 0.12319 0.153886 0.159021 0.0857701 0.0377988 0.023471 0.0147837 0.00900784 0.00315554 0.000888139 0.00291439 0.00214683 0.00393193 0.00274676 0.000635225 9.99891e-05 0 0
 0 0 0 0 0 0 0 0 0 0 0 0 0 0 0 0 0 0 0 0 0 0 0 0 0 0
 0 0 0 0 0 0 0 0 0 0 0 0 0 0 0 0 0 0 0 0 0 0 0 0 0 0
 0 0 0 0 0 0 0 0 0 0 0 0 0 0 0 0 0 0 0 0 0 0 0 0 0 0
 0 0 0 0 0 0 0 0 0 0 0 0 0 0 0 0 0 0 0 0 0 0 0 0 0 0
 0 0 0 0 0 0 0 0 0 0 0 0 0 0 0 0 0 0 0 0 0 0 0 0 0 0
 0 0 0 0 0 0 0 0 0 0 0 0 0 0 0 0 0 0 0 0 0 0 0 0 0 0
ppred_pel_tallas
 1.1126e-16 4.4339e-05 0.000430991 0.00286409 0.0130197 0.0405093 0.0863098 0.125974 0.125987 0.0863733 0.040724 0.0136456 0.00445698 0.00398041 0.00699628 0.0120451 0.0186227 0.026069 0.0336419 0.040844 0.0474361 0.0530543 0.0568528 0.0576559 0.0546142 0.0478473
 1.1866e-16 4.23672e-05 0.000411824 0.00273672 0.0124407 0.0387079 0.0824722 0.120376 0.120401 0.0825967 0.0391263 0.0136505 0.00577847 0.00706992 0.0127426 0.0211522 0.0308493 0.039659 0.0454582 0.047437 0.0466309 0.0451676 0.0447945 0.0458285 0.0471917 0.0472776
 1.13839e-16 5.42357e-05 0.00052719 0.00350336 0.0159258 0.0495511 0.105575 0.154093 0.15411 0.105659 0.0498345 0.0167459 0.00556768 0.00505302 0.00870746 0.0144636 0.0211995 0.027456 0.0317977 0.0336192 0.0334949 0.0327055 0.0323219 0.0325792 0.0329245 0.0325316
 1.06442e-16 6.22531e-05 0.000605122 0.00402125 0.01828 0.056876 0.121181 0.17687 0.176886 0.121258 0.0571336 0.0190245 0.00589213 0.00469618 0.00785266 0.0129394 0.0187688 0.0238975 0.0269078 0.0271769 0.0252459 0.0224218 0.0199342 0.0183086 0.0173285 0.0164318
 1.04113e-16 6.033e-05 0.00058643 0.00389703 0.0177154 0.0551191 0.117438 0.171408 0.171428 0.117534 0.0554421 0.0186485 0.00624069 0.0057067 0.0097967 0.0161324 0.0233098 0.0294763 0.0327861 0.0323952 0.0289531 0.0241339 0.0195964 0.0161901 0.0138703 0.0121355
 1.01932e-16 7.07768e-05 0.000687976 0.00457184 0.0207829 0.0646635 0.137773 0.201085 0.201095 0.137822 0.0648278 0.0212577 0.00576476 0.00329574 0.00503403 0.00823814 0.0119258 0.0151341 0.0169296 0.0168794 0.0152922 0.0129803 0.0107408 0.00897121 0.00764339 0.00653271
 1.03105e-16 4.73801e-05 0.000460552 0.00306053 0.0139127 0.0432879 0.0922308 0.134621 0.134656 0.0924035 0.0438677 0.0155873 0.00726321 0.00963275 0.0174603 0.0287729 0.0414029 0.0519793 0.0570961 0.0551813 0.0474321 0.0370008 0.0271149 0.0195896 0.0145905 0.0113477
 1.07555e-16 4.59614e-05 0.000446761 0.00296889 0.0134961 0.0419916 0.0894685 0.130587 0.130612 0.0895918 0.042406 0.0146954 0.0059885 0.00706901 0.0127119 0.0211746 0.0310387 0.0401571 0.0463321 0.0484913 0.0472082 0.0440795 0.0405208 0.0370037 0.033208 0.028706
 1.08081e-16 5.8004e-05 0.000563819 0.00374678 0.0170323 0.052994 0.11291 0.164799 0.164815 0.112989 0.0532594 0.0178002 0.00567906 0.00479832 0.00814862 0.0135085 0.0197613 0.0255094 0.0293726 0.0307402 0.0301037 0.0286228 0.027285 0.0263417 0.0253755 0.0237867
 1.03217e-16 6.96818e-05 0.000677332 0.00450111 0.0204614 0.0636631 0.135641 0.197975 0.197985 0.135693 0.0638374 0.0209652 0.00576665 0.00344323 0.00533229 0.00873105 0.0126334 0.0160235 0.0179204 0.0178853 0.0162789 0.0139988 0.0119132 0.0104321 0.00947045 0.00870096
 1.00964e-16 7.33346e-05 0.000712839 0.00473706 0.021534 0.0670004 0.142752 0.208352 0.208361 0.142796 0.067148 0.0219605 0.00580752 0.00304929 0.0045096 0.00733642 0.0105548 0.0132596 0.0145819 0.0141233 0.0121889 0.0095795 0.00711283 0.00524521 0.00401226 0.00321218
 1.00891e-16 6.70658e-05 0.000651904 0.00433213 0.0196932 0.0612731 0.130549 0.190544 0.19056 0.130627 0.061535 0.0204495 0.00622989 0.00479285 0.00792594 0.0129823 0.01866 0.0233905 0.0256217 0.0246346 0.0209681 0.0160561 0.0113794 0.00779097 0.00540009 0.00388521
 1.01643e-16 6.29558e-05 0.000611953 0.00406664 0.0184864 0.0575181 0.122549 0.178868 0.178887 0.12264 0.0578242 0.0193706 0.00628683 0.0054609 0.00927853 0.0152563 0.0220091 0.0277532 0.0307072 0.0300362 0.0263284 0.0211658 0.0161544 0.0121777 0.00930764 0.00719323
 1.02627e-16 6.06572e-05 0.00058961 0.00391817 0.0178114 0.0554181 0.118075 0.172338 0.172357 0.118171 0.0557409 0.0187442 0.00626107 0.00570933 0.00979895 0.0161427 0.0233392 0.0295383 0.0328884 0.0325232 0.0290505 0.0240911 0.019261 0.015405 0.0125298 0.0102378
 1.02141e-16 6.79182e-05 0.000660189 0.00438719 0.0199435 0.0620518 0.132208 0.192965 0.192977 0.13227 0.0622601 0.0205454 0.0058993 0.00396526 0.00635691 0.0104334 0.015097 0.0191397 0.0213746 0.0212496 0.019157 0.0161323 0.0131967 0.0108668 0.00911871 0.00767623
 1.00304e-16 7.95154e-05 0.000772918 0.00513631 0.0233489 0.0726472 0.154783 0.22591 0.225913 0.154796 0.0726928 0.0234805 0.00546656 0.00149395 0.00144916 0.0022706 0.00326477 0.00410875 0.0045326 0.00441337 0.00384306 0.003064 0.00232212 0.00175251 0.00136346 0.00109436
 1.0103e-16 3.30541e-05 0.000321298 0.00213514 0.00970607 0.0301995 0.0643452 0.0939254 0.0939811 0.0646171 0.0311121 0.0123408 0.00874338 0.0147297 0.0273459 0.0450212 0.0645345 0.0804859 0.0873943 0.0827326 0.0684695 0.0498209 0.0322507 0.0190194 0.0106716 0.00606341
 1.01307e-16 7.66723e-05 0.000745283 0.00495266 0.0225141 0.0700497 0.149248 0.217833 0.217836 0.149262 0.0700953 0.0226465 0.00528759 0.00148514 0.00150719 0.00243631 0.00365504 0.00491282 0.00599815 0.00679352 0.00730533 0.00759187 0.00765941 0.00743294 0.00682765 0.0058476
 1.01715e-16 5.49293e-05 0.000533932 0.00354817 0.0161295 0.050185 0.106925 0.156067 0.156097 0.107071 0.050675 0.0175443 0.00709693 0.00827253 0.0147274 0.0241969 0.0347035 0.0433342 0.0471659 0.0448662 0.0375106 0.0278992 0.0189345 0.0123022 0.00820735 0.00595093
 1.03834e-16 5.62375e-05 0.000546649 0.00363267 0.0165136 0.0513801 0.109472 0.159781 0.159802 0.109573 0.0517199 0.0174964 0.0061043 0.00595817 0.0103802 0.017192 0.025039 0.0320628 0.0363808 0.0370795 0.0346855 0.0306755 0.0264637 0.0227021 0.0193139 0.0159896
 1.03533e-16 6.51746e-05 0.000633521 0.00420997 0.0191379 0.0595452 0.126868 0.18517 0.185184 0.126936 0.0597733 0.019797 0.00586655 0.0042568 0.00696702 0.0114691 0.0166442 0.0212043 0.0238813 0.0240939 0.0222722 0.019515 0.0168675 0.0147978 0.013184 0.0116599
 1.0253e-16 6.51904e-05 0.000633674 0.00421099 0.0191425 0.0595596 0.126899 0.185216 0.185232 0.126977 0.059822 0.0199005 0.00611408 0.00479001 0.00796444 0.0130786 0.0188694 0.0238049 0.02637 0.0258689 0.0228316 0.0186365 0.014665 0.011649 0.00959082 0.00810927
 1.06518e-16 2.87475e-05 0.000279436 0.00185695 0.00844147 0.0262648 0.0559618 0.0816884 0.0817383 0.0562059 0.0270845 0.0108097 0.007804 0.0132702 0.0247248 0.0408927 0.0590516 0.0745649 0.0827059 0.0812728 0.0718594 0.0586903 0.0460107 0.0360911 0.0290042 0.0236974
 1.06093e-16 6.57053e-05 0.000638678 0.00424424 0.0192937 0.06003 0.1279 0.186676 0.186683 0.127935 0.0601459 0.0196306 0.00509722 0.0025254 0.00372144 0.00623811 0.00942412 0.0127826 0.0158325 0.0183263 0.0203145 0.0219373 0.02314 0.0235951 0.0229076 0.0209151
 1.05458e-16 5.6002e-05 0.000544359 0.00361746 0.0164445 0.051165 0.109013 0.159113 0.159138 0.109134 0.0515697 0.0176134 0.00655127 0.00694786 0.012215 0.0201008 0.0289457 0.0364043 0.0401433 0.0391309 0.034275 0.0278254 0.0220185 0.0180087 0.0157045 0.0143202
 1.08423e-16 4.07881e-05 0.000396475 0.00263471 0.011977 0.0372652 0.0793987 0.115892 0.115925 0.0795617 0.0378129 0.0135606 0.0066157 0.00910718 0.0166432 0.0276047 0.0401229 0.0512115 0.0578294 0.0585462 0.0543235 0.047712 0.0411612 0.0358069 0.0314582 0.0273923
 1.05666e-16 6.57979e-05 0.000639579 0.00425023 0.0193209 0.0601146 0.128081 0.18694 0.18695 0.128129 0.0602751 0.0197856 0.00542134 0.00321152 0.0049959 0.00827504 0.0121972 0.0159378 0.0186979 0.0201119 0.0204222 0.0202137 0.0199325 0.0195996 0.0189052 0.0175275
 1.03876e-16 6.14519e-05 0.000597335 0.0039695 0.0180448 0.0561441 0.119622 0.174595 0.174615 0.119717 0.0564658 0.0189738 0.00630148 0.00568837 0.00973141 0.0159947 0.0230473 0.0290155 0.0320414 0.0312901 0.0274545 0.0222866 0.0175374 0.014126 0.0120192 0.0106597
 1.08266e-16 2.905e-05 0.000282376 0.00187649 0.00853029 0.0265411 0.0565505 0.0825468 0.0825936 0.0567791 0.027309 0.0107494 0.00745153 0.0124684 0.0232186 0.0384592 0.0556792 0.0706029 0.0788657 0.0784261 0.0707195 0.059555 0.0486999 0.0400767 0.0336279 0.0283616
 1.17776e-16 3.73183e-05 0.000362747 0.00241058 0.0109582 0.034095 0.0726437 0.10603 0.106049 0.0727374 0.0344107 0.011875 0.00473098 0.0054917 0.00996514 0.0169061 0.0255027 0.0344962 0.0425816 0.0491166 0.0543143 0.058666 0.0621239 0.0638347 0.0626599 0.0580011
pSPR Fmed_Fpbrs
0.559018   0.236961 0.236961
Fs Fmed_Fpbrs
0.345927   1.005 1.005
SSBpbr Bo_Bmed_Bpbrs
1.70926e+06  870044  319565 319565
Ro
141063
SPR SPRFo_SPRFmed_SPRFpbrs
1.00414e+06 561333 237942
Fref
1.005
log_Ro
11.677
likeval ReclasPelacesDesembMPH_pf_preclas_ppelaces_ptallas_desvR_qrecl_qpela
 10.6797 21.725 0.0123018 0.00233675 228.48 103.98 77.6358 0 28.7761 4.31452e-07 0 0.0538675 0 0 0
q_reclas_q_pelaces
1.09755 1
M
1
N
 165703 41749.2 99706.2 7447.47 0.229221
 96301.5 53522.4 12786.1 30413 2271.25
 95039.8 27822.9 14007.8 3321.36 8486.76
 110739 27516.8 7303.61 3649.89 3075.47
 90128.8 26539.8 5534.15 1449.5 1333.76
 212257 28114.3 7738.34 1605.39 807.163
 74343.4 59194.5 7000.53 1910.39 595.314
 29375.2 14228.7 8671.53 1004.95 359.305
 34713.4 9588.45 4422.65 2685.36 422.391
 50906.7 8086.74 1852.84 842.596 591.629
 95236.2 10385.3 1296.13 291.591 225.484
 132353 31276.6 3255.88 404.922 161.507
 107938 31388.3 6197.83 636.467 110.644
 74465.8 26343.9 6476.86 1262.73 152.109
 69576.1 13275.2 3491.7 839.39 183.138
 447560 15053.3 2311.48 598.051 174.98
 74406.8 115596 3364.15 510.94 170.772
 674758 21968.7 31193 901.626 182.638
 384991 198754 5908.47 8331.7 289.5
 304954 104601 47703.1 1404.83 2048.78
 438774 85489.4 26237.4 11865.2 858.613
 571750 131067 23450.9 7150.94 3466.62
 102972 161224 33148.9 5882.37 2662.08
 343999 32303.3 47386.4 9695.02 2498.31
 276496 109421 9681.67 14138.3 3637.14
 121307 87945.9 32792.8 2888.47 5301.91
 300448 39586.3 27326.1 10151.4 2534.91
 337666 95739.9 11894.5 8174.18 3793.99
 77628.4 110674 29932 3705.38 3727.61
 56102.5 25568.7 34840.9 9390.52 2331.5
pred_Ctot
 12914.1 4487.05 10934.1 817.588 0.0251655
 13326.3 10036.8 2443.3 5817.47 434.473
 13047 5177.63 2656.38 630.482 1611.1
 25257.8 8276.53 2234.09 1117.46 941.633
 8781.46 3546.18 754.19 197.745 181.965
 33198.7 5927.18 1661.8 345.093 173.516
 23757.2 24219.7 2906.74 793.846 247.388
 2113.55 1414.2 879.518 102.038 36.4842
 8350.41 3029.79 1420.81 863.448 135.821
 15029.9 3081.59 716.933 326.295 229.118
 6519 982.969 125.201 28.1968 21.8055
 30803.6 9585.32 1014.66 126.302 50.3791
 23738.9 9126.69 1833.06 188.411 32.7552
 25706.4 11544 2878.49 561.61 67.6547
 18906.1 4691.57 1253.69 301.636 65.8137
 86737.8 3888.19 607.65 157.365 46.0446
 9453.54 19969 592.346 90.0556 30.101
 86566.1 3830.69 5543.77 160.404 32.4939
 65213.9 45204.2 1368.43 1931.52 67.1176
 46898.2 21699.9 10081 297.172 433.414
 53039.7 14076.2 4403.94 1993.6 144.273
 86232.1 26689.6 4864.85 1484.92 719.893
 9709.91 20867.8 4376.35 777.413 351.84
 29783.7 3847.49 5757.74 1179.25 303.899
 23945.9 13036.1 1176.7 1720.18 442.547
 8745.69 8758.28 3332.6 293.86 539.423
 25711.1 4661.55 3282.77 1220.82 304.867
 23496.5 9208.99 1167.58 803.261 372.85
 5182.85 10222.2 2821.52 349.664 351.782
 5830.1 3637.07 5054.04 1363.61 338.579
F
 0.130096 0.183324 0.187359 0.187576 0.187587
 0.241626 0.340486 0.34798 0.348383 0.348405
 0.239499 0.337489 0.344917 0.345316 0.345338
 0.428528 0.603858 0.617147 0.617863 0.617901
 0.164963 0.232456 0.237572 0.237848 0.237862
 0.27697 0.390291 0.39888 0.399343 0.399367
 0.653434 0.920783 0.941048 0.942139 0.942196
 0.119591 0.168521 0.17223 0.172429 0.17244
 0.4569 0.643838 0.658008 0.658771 0.658811
 0.589606 0.83084 0.849125 0.85011 0.850162
 0.113491 0.159926 0.163445 0.163635 0.163645
 0.439039 0.61867 0.632286 0.633019 0.633058
 0.410318 0.578198 0.590923 0.591608 0.591644
 0.724445 1.02085 1.04332 1.04453 1.04459
 0.530822 0.748005 0.764467 0.765354 0.7654
 0.353706 0.498423 0.509392 0.509983 0.510014
 0.219929 0.309911 0.316732 0.317099 0.317119
 0.222285 0.313232 0.320125 0.320497 0.320516
 0.303071 0.427072 0.436471 0.436977 0.437003
 0.271769 0.382962 0.39139 0.391844 0.391868
 0.208271 0.293485 0.299944 0.300292 0.30031
 0.265908 0.374702 0.382949 0.383393 0.383416
 0.159287 0.224458 0.229398 0.229664 0.229678
 0.145433 0.204936 0.209446 0.209689 0.209701
 0.145475 0.204996 0.209507 0.20975 0.209763
 0.119844 0.168878 0.172595 0.172795 0.172806
 0.14364 0.20241 0.206864 0.207104 0.207117
 0.115464 0.162706 0.166287 0.16648 0.16649
 0.110563 0.1558 0.159228 0.159413 0.159423
 0.176788 0.249121 0.254603 0.254898 0.254914
nmprior
 8 8 7 0
nm_flota  nm_reclas  nm_pelaces    nm_pelaL
inf 14.1381 13.5686 22.8582
cv_recla  cv_pelaces  cv_mph
0.302557 0.54846 1.4918
 ------------------------------------------------
Talla a la edad & desviación 
 8 13.2811 15.8009 17.003 17.5766
 0.8 1.32811 1.58009 1.7003 1.75766
