years
 1991 1992 1993 1994 1995 1996 1997 1998 1999 2000 2001 2002 2003 2004 2005 2006 2007 2008 2009 2010 2011 2012 2013 2014 2015 2016 2017 2018 2019 2020
reclasobs
 0 0 0 0 0 0 0 0 0 252601 567819 844713 477998 351125 339783 2.1784e+06 2.13404e+06 4.81314e+06 1.55562e+06 2.62356e+06 3.21686e+06 3.843e+06 1.13348e+06 3.07943e+06 1.97215e+06 2.03268e+06 2.025e+06 2.42433e+06 2.27542e+06 1.05018e+06
reclaspred
 3.22154e+06 1.80452e+06 913427 921591 924155 1.46744e+06 923548 819495 597733 435972 505034 648055 636822 492777 493769 1.27181e+06 1.21656e+06 2.80073e+06 2.30444e+06 1.76658e+06 3.09047e+06 2.47859e+06 1.96096e+06 3.01409e+06 2.26479e+06 2.00369e+06 2.38845e+06 2.52676e+06 2.05394e+06 1.28901e+06
pelacesobs
 0 0 0 0 0 0 0 0 0 0 0 0 0 0 0 552880 188675 0 991730 2.46772e+06 1.41603e+06 1.21717e+06 2.29649e+06 1.80582e+06 0 1.4828e+06 1.56532e+06 1.57751e+06 1.42118e+06 867257
pelacespred
 1.82834e+06 1.13839e+06 575958 475381 497400 816484 476180 523150 367932 254194 304676 326062 352025 286371 294788 630776 604641 1.6064e+06 1.36051e+06 964367 1.64197e+06 1.43063e+06 1.1298e+06 1.90093e+06 1.37489e+06 1.21351e+06 1.65021e+06 1.72422e+06 1.15232e+06 819822
mphobs
 0 0 0 0 0 0 0 0 0 0 0 498337 0 5186 125008 0 168611 109162 213762 579715 649985 157893 87575 83554 0 0 0 0 0 0
mphpred
 491522 328871 163753 89469.9 98957.8 112974 149023 92596.1 82316.5 56673.7 37522.1 60367.9 64553.2 54442.6 36507.6 45733.9 146785 138354 280215 210693 233386 283556 265707 218751 304109 251309 206839 222080 308263 207037
desembarqueobs
 494567 514787 250237 358949 120608 361735 552515 73892 212993 205616 52469 317467 293654 387597 252695 516296 358380 742168 942051 627588 828172 859565 418607 520667 417249 300574 407403 355545 319650 289779
desembarquepred
 494574 513516 250875 358978 120613 361749 552564 73896.3 213043 205662 52471.5 317533 293705 387636 252692 516266 358409 742083 941882 627466 828238 859575 418614 520689 417247 300576 407403 355530 319643 289789
Reclutas
 197697 111550 110972 188350 151084 257719 107028 48824.7 45946.4 61176.9 113056 148858 124299 86493.4 85578.5 456637 96690.1 714194 410550 337265 465201 622226 131967 384740 327103 146070 329018 363780 103879 80322.4
log_desv_Rt
 0.136859 -0.435405 -0.440596 0.0884271 -0.132041 0.401995 -0.476782 -1.26164 -1.3224 -1.0361 -0.421992 -0.146883 -0.327184 -0.689806 -0.70044 0.974015 -0.578364 1.42128 0.867622 0.670993 0.992594 1.28343 -0.26732 0.802692 0.6404 -0.165787 0.646238 0.746675 -0.506651 -0.763827
SSB
 3.13331e+06 2.09645e+06 1.04388e+06 570344 630827 720175 949976 590273 524744 361278 239192 384827 411508 347056 232725 291540 935711 881963 1.78629e+06 1.34311e+06 1.48777e+06 1.80759e+06 1.69381e+06 1.39448e+06 1.9386e+06 1.60202e+06 1.31854e+06 1.41569e+06 1.96509e+06 1.3198e+06
BT
 4.23162e+06 2.88225e+06 1.45037e+06 1.29264e+06 1.13231e+06 2.01114e+06 1.48849e+06 1.15594e+06 979109 728837 680976 946629 1.00128e+06 1.0008e+06 868558 1.73475e+06 1.54143e+06 4.00699e+06 3.74303e+06 2.57087e+06 4.0965e+06 3.7882e+06 2.72188e+06 4.45057e+06 3.25266e+06 2.79759e+06 3.85838e+06 3.9532e+06 2.66823e+06 1.99232e+06
Ftot
 0.134819 0.245468 0.239287 0.357917 0.119716 0.232566 0.513239 0.0822877 0.321477 0.421486 0.101285 0.448147 0.420482 0.704834 0.485831 0.401723 0.261584 0.259042 0.369794 0.324895 0.249502 0.319939 0.189383 0.165885 0.167529 0.135423 0.162817 0.135601 0.135515 0.198353
BD_Bspro_t
 0.97866 0.845008 0.684801 0.595586 0.589155 0.665066 0.656735 0.494988 0.552373 0.509778 0.477553 0.678039 0.561941 0.471657 0.362417 0.417418 0.588415 0.561484 0.662468 0.565956 0.544709 0.58952 0.602401 0.595054 0.699229 0.70789 0.715173 0.753034 0.797227 0.728568
BD_Bspro
 2.55305 1.70821 0.850563 0.464722 0.514003 0.586805 0.774049 0.48096 0.427566 0.294372 0.194896 0.313561 0.3353 0.282784 0.189626 0.23755 0.762426 0.718632 1.45548 1.09438 1.21224 1.47284 1.38013 1.13623 1.57959 1.30534 1.07436 1.15352 1.60117 1.07539
BD_Bo
 1.65202 1.10535 0.550382 0.300712 0.332601 0.37971 0.500871 0.311219 0.276669 0.190482 0.126113 0.202899 0.216966 0.182984 0.122703 0.153714 0.49335 0.465012 0.941813 0.708149 0.784419 0.953043 0.893052 0.735232 1.02212 0.844659 0.695194 0.746418 1.03608 0.69586
BD_Brms
 10.3313 6.91256 3.44195 1.88058 2.08 2.37461 3.13233 1.94629 1.73022 1.19123 0.78868 1.26888 1.35685 1.14434 0.767356 0.961286 3.08529 2.90807 5.88987 4.42859 4.90556 5.96009 5.58493 4.59796 6.39209 5.28229 4.34757 4.66791 6.47942 4.35174
Sel_flota
 0.805722 1 1 1 1
 0.805722 1 1 1 1
 0.805722 1 1 1 1
 0.805722 1 1 1 1
 0.805722 1 1 1 1
 0.805722 1 1 1 1
 0.805722 1 1 1 1
 0.805722 1 1 1 1
 0.805722 1 1 1 1
 0.805722 1 1 1 1
 0.805722 1 1 1 1
 0.805722 1 1 1 1
 0.805722 1 1 1 1
 0.805722 1 1 1 1
 0.805722 1 1 1 1
 0.805722 1 1 1 1
 0.805722 1 1 1 1
 0.805722 1 1 1 1
 0.805722 1 1 1 1
 0.805722 1 1 1 1
 0.805722 1 1 1 1
 0.805722 1 1 1 1
 0.805722 1 1 1 1
 0.805722 1 1 1 1
 0.805722 1 1 1 1
 0.805722 1 1 1 1
 0.805722 1 1 1 1
 0.805722 1 1 1 1
 0.805722 1 1 1 1
 0.805722 1 1 1 1
Sel_reclas
 1 1 1 1 1
 1 1 1 1 1
 1 1 1 1 1
 1 1 1 1 1
 1 1 1 1 1
 1 1 1 1 1
 1 1 1 1 1
 1 1 1 1 1
 1 1 1 1 1
 1 1 1 1 1
 1 1 1 1 1
 1 1 1 1 1
 1 1 1 1 1
 1 1 1 1 1
 1 1 1 1 1
 1 1 1 1 1
 1 1 1 1 1
 1 1 1 1 1
 1 1 1 1 1
 1 1 1 1 1
 1 1 1 1 1
 1 1 1 1 1
 1 1 1 1 1
 1 1 1 1 1
 1 1 1 1 1
 1 1 1 1 1
 1 1 1 1 1
 1 1 1 1 1
 1 1 1 1 1
 1 1 1 1 1
Sel_pelaces
 1 1 1 1 1
 1 1 1 1 1
 1 1 1 1 1
 1 1 1 1 1
 1 1 1 1 1
 1 1 1 1 1
 1 1 1 1 1
 1 1 1 1 1
 1 1 1 1 1
 1 1 1 1 1
 1 1 1 1 1
 1 1 1 1 1
 1 1 1 1 1
 1 1 1 1 1
 1 1 1 1 1
 1 1 1 1 1
 1 1 1 1 1
 1 1 1 1 1
 1 1 1 1 1
 1 1 1 1 1
 1 1 1 1 1
 1 1 1 1 1
 1 1 1 1 1
 1 1 1 1 1
 1 1 1 1 1
 1 1 1 1 1
 1 1 1 1 1
 1 1 1 1 1
 1 1 1 1 1
 1 1 1 1 1
pf_obs 
 0.8446 0.082 0.0669 0.0065 0
 0.8095 0.147 0.0364 0.0071 0
 0.9664 0.0169 0.016 0.0007 0
 0.9276 0.0648 0.0075 0.0001 0
 0.7033 0.2144 0.0806 0.0017 0
 0.9318 0.0425 0.0243 0.0014 0
 0.5671 0.3108 0.0964 0.0239 0.0018
 0.0768 0.2599 0.5324 0.112 0.0189
 0.490249 0.384438 0.106611 0.0170017 0.00170017
 0.7925 0.1577 0.0466 0.003 0.0002
 0.840416 0.127587 0.0312969 0.00059994 9.999e-05
 0.8084 0.0986 0.0794 0.0134 0.0002
 0.7335 0.1905 0.0724 0.0035 0.0001
 0.4001 0.4547 0.1325 0.0127 0
 0.49795 0.308269 0.164784 0.0264974 0.00249975
 0.9179 0.0499 0.0305 0.0017 0
 0.2467 0.6533 0.0926 0.0074 0
 0.9418 0.0223 0.034 0.0019 0
 0.707729 0.231977 0.0356964 0.0245975 0
 0.517169 0.277429 0.184464 0.0207286 0.00020938
 0.811772 0.124168 0.05621 0.00726502 0.000585176
 0.764997 0.148141 0.077277 0.00933861 0.000247198
 0.163321 0.427699 0.378323 0.0303852 0.000271297
 0.753843 0.0900009 0.118128 0.0371064 0.000921714
 0.721811 0.176058 0.0630433 0.0369309 0.00215725
 0.143369 0.312575 0.442814 0.0836902 0.0175525
 0.692698 0.0596174 0.167031 0.0765114 0.00414204
 0.394062 0.376323 0.152708 0.0712218 0.00568511
 0.125707 0.32114 0.495352 0.0537591 0.00404204
 0.23352 0.215282 0.420074 0.123614 0.00750983
pf_pred 
 0.45074 0.122795 0.402464 0.0239998 7.81687e-07
 0.416557 0.296655 0.0641157 0.21014 0.0125315
 0.563368 0.208245 0.116125 0.0250979 0.087164
 0.742414 0.160258 0.046419 0.0258849 0.0250238
 0.651124 0.27514 0.0458751 0.0132878 0.014573
 0.746091 0.178079 0.059803 0.00997119 0.00605568
 0.473559 0.415539 0.0777813 0.0261207 0.0070002
 0.452219 0.297354 0.197671 0.0370004 0.0157556
 0.53439 0.236728 0.124245 0.0825938 0.0220433
 0.699453 0.179324 0.0616329 0.0323475 0.0272426
 0.811705 0.14165 0.0278312 0.00956547 0.00924844
 0.732007 0.226202 0.0314386 0.00617702 0.00417568
 0.679162 0.250725 0.0591795 0.00822505 0.0027085
 0.622863 0.276883 0.0783452 0.0184921 0.00341645
 0.732563 0.184759 0.0607002 0.0171754 0.00480294
 0.933104 0.0523635 0.0100398 0.00329846 0.0011943
 0.382718 0.585059 0.0252233 0.00483613 0.00216414
 0.900153 0.0441705 0.0527698 0.00227503 0.000631395
 0.594849 0.372823 0.0143016 0.0170858 0.000941044
 0.619644 0.249361 0.120542 0.00462403 0.00582851
 0.730547 0.18255 0.0569734 0.0275412 0.00238817
 0.740164 0.201632 0.0394326 0.0123068 0.00646503
 0.324094 0.531197 0.112293 0.0219609 0.0104544
 0.740277 0.0982334 0.126915 0.0268295 0.00774478
 0.628035 0.291206 0.030545 0.0394635 0.0107506
 0.43526 0.384683 0.140964 0.014786 0.0243072
 0.73308 0.131535 0.0922195 0.0337932 0.00937175
 0.684243 0.245169 0.0347848 0.0243876 0.011415
 0.340455 0.482806 0.137229 0.0194701 0.0200398
 0.430619 0.224452 0.252498 0.0717678 0.0206629
pobs_RECLAS
 0 0 0 0 0
 0 0 0 0 0
 0 0 0 0 0
 0 0 0 0 0
 0 0 0 0 0
 0 0 0 0 0
 0 0 0 0 0
 0 0 0 0 0
 0 0 0 0 0
 0 0 0 0 0
 0.991045 0.00858322 0.000360255 1.14367e-05 0
 0.934742 0.0480273 0.0164251 0.00080598 0
 0.827803 0.169806 0.00239088 0 0
 0.941827 0.0461693 0.0120037 0 0
 0.791401 0.0380133 0.147996 0.0225897 0
 0.846168 0.0940531 0.0597789 0 0
 0.134021 0.677848 0.182769 0.00536245 0
 0.80878 0.0450904 0.141981 0.00414843 0
 0.846168 0.0940531 0.0597789 0 0
 0.905697 0.0802665 0.012482 0.00150086 5.37128e-05
 0.989698 0.0102097 9.19794e-05 0 0
 0.975433 0.0193895 0.00387452 0.00125025 5.28907e-05
 0.303575 0.632131 0.0575291 0.00676475 0
 0.966965 0.00978017 0.0227588 0.000495775 0
 0.843318 0.132988 0.00938335 0.0141283 0.000182051
 0.564624 0.303363 0.111486 0.0197234 0.00080311
 0.826376 0.0876187 0.0782897 0.00655872 0.00115652
 0.89761 0.0855135 0.0140674 0.00269457 0.000114338
 0.34875 0.467042 0.161289 0.0227151 0.000203297
 0.318654 0.224769 0.449479 0.00709798 0
ppred_RECLAS
 0.505183 0.110624 0.362571 0.0216209 7.04206e-07
 0.470991 0.268978 0.0581339 0.190535 0.0113624
 0.616675 0.182821 0.101947 0.0220338 0.0765225
 0.782794 0.135136 0.0391423 0.0218271 0.021101
 0.698909 0.237455 0.0395918 0.0114678 0.012577
 0.785555 0.150401 0.0505081 0.00842141 0.00511447
 0.530437 0.370643 0.0693775 0.0232986 0.00624388
 0.506428 0.267928 0.17811 0.0333388 0.0141964
 0.589121 0.208902 0.10964 0.0728853 0.0194522
 0.744568 0.152406 0.0523813 0.0274919 0.0231533
 0.842759 0.118289 0.0232412 0.00798793 0.00772318
 0.773944 0.190805 0.0265189 0.00521041 0.00352225
 0.726124 0.214025 0.0505172 0.00702112 0.00231205
 0.676038 0.237844 0.0672988 0.0158848 0.00293475
 0.774627 0.155699 0.0511529 0.0144739 0.00404751
 0.945833 0.0423998 0.00812943 0.00267083 0.000967052
 0.436124 0.53444 0.023041 0.00441771 0.0019769
 0.918339 0.0361254 0.0431584 0.00186066 0.000516394
 0.647444 0.324424 0.012445 0.0148678 0.000818882
 0.670551 0.215987 0.104409 0.00400516 0.00504843
 0.771755 0.154633 0.0482604 0.0233293 0.00202295
 0.780629 0.170231 0.0332917 0.0103902 0.00545822
 0.373907 0.492049 0.104017 0.0203424 0.00968397
 0.780134 0.0831586 0.107439 0.0227122 0.00655627
 0.677623 0.252384 0.0264729 0.0342025 0.00931742
 0.489502 0.347734 0.127425 0.0133658 0.0219725
 0.773693 0.111522 0.078188 0.0286515 0.00794581
 0.729438 0.210078 0.029806 0.020897 0.0097812
 0.391065 0.445759 0.126699 0.0179761 0.0185021
 0.485102 0.202975 0.228337 0.0649005 0.0186857
pobs_PELACES
 0 0 0 0 0
 0 0 0 0 0
 0 0 0 0 0
 0 0 0 0 0
 0 0 0 0 0
 0 0 0 0 0
 0 0 0 0 0
 0 0 0 0 0
 0 0 0 0 0
 0 0 0 0 0
 0 0 0 0 0
 0 0 0 0 0
 0 0 0 0 0
 0 0 0 0 0
 0 0 0 0 0
 0 0 0 0 0
 0.505614 0.472636 0.0217494 0 0
 0 0 0 0 0
 0.443492 0.261883 0.143347 0.151278 0
 0.227955 0.32914 0.350689 0.0885471 0.00366901
 0.970185 0.0296113 0.000203453 0 0
 0.997202 0.00247181 0.000326279 0 0
 0.445219 0.490057 0.0546422 0.010081 0
 0.90214 0.0892962 0.00764917 0.000914606 0
 0 0 0 0 0
 0.581667 0.319106 0.0959925 0.00289975 0.000334073
 0.762889 0.0836404 0.116647 0.0363945 0.000428098
 0.88444 0.0763242 0.0277011 0.0115352 0
 0.521256 0.241999 0.230069 0.00667565 0
 0.616807 0.101726 0.260614 0.0208532 0
ppred_PELACES
 0.507344 0.110141 0.360988 0.0215265 7.01131e-07
 0.474913 0.266984 0.0577028 0.189122 0.0112781
 0.620295 0.181095 0.100985 0.0218257 0.0757999
 0.78667 0.132724 0.0384438 0.0214376 0.0207245
 0.700521 0.236183 0.0393797 0.0114064 0.0125096
 0.788056 0.148647 0.0499191 0.00832319 0.00505483
 0.538624 0.364181 0.068168 0.0228924 0.00613502
 0.507746 0.267212 0.177634 0.0332498 0.0141585
 0.5941 0.20637 0.108311 0.072002 0.0192164
 0.749673 0.14936 0.0513344 0.0269424 0.0226905
 0.843617 0.117643 0.0231143 0.00794432 0.00768101
 0.778931 0.186595 0.0259339 0.00509546 0.00344454
 0.731452 0.209862 0.0495344 0.00688452 0.00226707
 0.685855 0.230636 0.0652595 0.0154034 0.00284582
 0.780018 0.151974 0.0499293 0.0141277 0.00395069
 0.947137 0.0413787 0.00793366 0.00260651 0.000943763
 0.440253 0.530527 0.0228723 0.00438536 0.00196243
 0.919576 0.0355782 0.0425047 0.00183248 0.000508572
 0.652836 0.319462 0.0122546 0.0146404 0.000806357
 0.675136 0.212981 0.102956 0.00394941 0.00497817
 0.77456 0.152732 0.0476672 0.0230426 0.00199808
 0.784121 0.167521 0.0327617 0.0102248 0.00537132
 0.376754 0.489812 0.103544 0.0202499 0.00963994
 0.781953 0.0824707 0.10655 0.0225243 0.00650204
 0.679965 0.250551 0.0262806 0.033954 0.00924973
 0.491672 0.346256 0.126883 0.013309 0.0218791
 0.775515 0.110624 0.0775584 0.0284207 0.00788182
 0.73115 0.208749 0.0296174 0.0207647 0.0097193
 0.393135 0.444243 0.126268 0.0179149 0.0184392
 0.488279 0.201722 0.226928 0.0645 0.0185704
pobs_pel_tallas
 0 0 0 0 0 0 0 0 0 0 0 0 0 0 0 0 0 0 0 0 0 0 0 0 0 0
 0 0 0 0 0 0 0 0 0 0 0 0 0 0 0 0 0 0 0 0 0 0 0 0 0 0
 0 0 0 0 0 0 0 0 0 0 0 0 0 0 0 0 0 0 0 0 0 0 0 0 0 0
 0 0 0 0 0 0 0 0 0 0 0 0 0 0 0 0 0 0 0 0 0 0 0 0 0 0
 0 0 0 0 0 0 0 0 0 0 0 0 0 0 0 0 0 0 0 0 0 0 0 0 0 0
 0 0 0 0 0 0 0 0 0 0 0 0 0 0 0 0 0 0 0 0 0 0 0 0 0 0
 0 0 0 0 0 0 0 0 0 0 0 0 0 0 0 0 0 0 0 0 0 0 0 0 0 0
 0 0 0 0 0 0 0 0 0 0 0 0 0 0 0 0 0 0 0 0 0 0 0 0 0 0
 0 0 0 0 0 0 0 0 0 0 0 0 0 0 0 0 0 0 0 0 0 0 0 0 0 0
 0 0 0 0 0 0 0 0 0 0 0 0 0 0 0 0 0 0 0 0 0 0 0 0 0 0
 0 0 0 0 0 0 0 0 0 0 0 0 0 0 0 0 0 0 0 0 0 0 0 0 0 0
 0 0 0 0 0 0 0 0 0 0 0 0 0 0 0 0 0 0 0 0 0 0 0 0 0 0
 0.00862536 0 0 0.000197151 0.00414017 0.0128641 0.00837892 0.0270097 0.101434 0.158115 0.152841 0.127902 0.109271 0.109419 0.0830992 0.0579132 0.0238553 0.00714673 0.00463305 0.00128148 0.00103504 0.000492878 0.000147863 0.000147863 4.92878e-05 0
 0 0 0 0 0 0 0 0 0 0 0 0 0 0 0 0 0 0 0 0 0 0 0 0 0 0
 0 0 0 0 0 0 0 0.0054083 0.00873648 0.0413646 0.0450493 0.0745869 0.0622846 0.0627006 0.0613931 0.0827291 0.12552 0.122667 0.0946155 0.0697135 0.0546179 0.0294188 0.0215738 0.0213955 0.0102223 0.00600262
 0 0 0 0 0.00359764 0.0251062 0.0480494 0.140153 0.205849 0.193036 0.1447 0.116669 0.0760912 0.0342217 0.00950174 0.001854 0.000860785 0 0 0 0.000165536 0 0.000143464 0 0 0
 0 0 0 0 0 0 0 0.000145254 0.000435761 0.0275982 0.070085 0.0708112 0.156366 0.174668 0.174014 0.160142 0.0824315 0.0480064 0.0283245 0.00493863 0.00203355 0 0 0 0 0
 0 0 0 0 0 0 0 0 0 0 0 0 0 0 0 0 0 0 0 0 0 0 0 0 0 0
 0 0 1.00437e-05 0.000401748 0.00122533 0.00171747 0.00176769 0.0269171 0.070346 0.194647 0.189555 0.159765 0.064822 0.0314167 0.0384472 0.0292271 0.0345202 0.0313363 0.0194345 0.0106764 0.0143323 0.0359363 0.0279516 0.0138201 0.00172751 0
 0 0.0021121 0.0136068 0.0755702 0.200478 0.177729 0.0527432 0.0373336 0.0318909 0.0142505 0.0149659 0.0166563 0.0217959 0.0798694 0.0677717 0.0528807 0.04013 0.0224614 0.0357745 0.0225083 0.00881397 0.00855152 0.00135912 0.000746735 0 0
 0 0 0 0 5.4009e-05 0.00500934 0.000945158 0.0243581 0.138947 0.33067 0.221406 0.137944 0.0707744 0.0437923 0.0131692 0.00525238 0.0047753 0.00276346 9.45158e-05 9.00151e-06 2.25038e-05 9.00151e-06 4.50075e-06 0 0 0
 0.000866109 0.00284123 0.00948549 0.0512746 0.133035 0.25785 0.225252 0.132002 0.0553304 0.0519788 0.0540692 0.017754 0.00435017 0.00159236 0.00146478 0.000404838 0.000125132 0.000115318 0.000107957 0.000100596 0 0 0 0 0 0
 0 0 0 0 0.00144013 0.00171154 0.00461396 0.0210425 0.0478622 0.0707936 0.0888783 0.103762 0.0637923 0.0337046 0.0602308 0.124433 0.169614 0.0934646 0.0462172 0.0250306 0.0313229 0.00938855 0.002487 0.000210481 0 0
 0 0.00764035 0.051015 0.0998891 0.058973 0.0496711 0.0374665 0.0718981 0.12319 0.153886 0.159021 0.0857701 0.0377988 0.023471 0.0147837 0.00900784 0.00315554 0.000888139 0.00291439 0.00214683 0.00393193 0.00274676 0.000635225 9.99891e-05 0 0
 0 0 0 0 0 0 0 0 0 0 0 0 0 0 0 0 0 0 0 0 0 0 0 0 0 0
 0 0 0 0 0 0 0 0 0 0 0 0 0 0 0 0 0 0 0 0 0 0 0 0 0 0
 0 0 0 0 0 0 0 0 0 0 0 0 0 0 0 0 0 0 0 0 0 0 0 0 0 0
 0 0 0 0 0 0 0 0 0 0 0 0 0 0 0 0 0 0 0 0 0 0 0 0 0 0
 0 0 0 0 0 0 0 0 0 0 0 0 0 0 0 0 0 0 0 0 0 0 0 0 0 0
 0 0 0 0 0 0 0 0 0 0 0 0 0 0 0 0 0 0 0 0 0 0 0 0 0 0
ppred_pel_tallas
 1.12605e-16 4.17893e-05 0.000406207 0.00269939 0.012271 0.0381798 0.0813465 0.11873 0.118741 0.0814012 0.0383652 0.0128134 0.00408678 0.00352032 0.00620579 0.010843 0.0171246 0.0246681 0.0329919 0.0416854 0.0503163 0.0580788 0.0635976 0.0652866 0.0621498 0.0544496
 1.22609e-16 3.9118e-05 0.000380241 0.00252684 0.0114867 0.0357394 0.0761475 0.111145 0.111171 0.0762738 0.0361637 0.0127135 0.00561211 0.00713532 0.0129301 0.0214872 0.0313855 0.0404641 0.0466336 0.049154 0.0491516 0.0488144 0.0498536 0.0524116 0.0551209 0.0560595
 1.17977e-16 5.10929e-05 0.000496641 0.00330036 0.015003 0.0466798 0.099457 0.145164 0.145182 0.099543 0.0469691 0.0158402 0.00540893 0.00512307 0.00890741 0.0148317 0.0218096 0.0283986 0.0331872 0.0356076 0.0362735 0.036476 0.0372366 0.0386677 0.040041 0.0403451
 1.06801e-16 6.4797e-05 0.00062985 0.00418557 0.019027 0.0592002 0.126133 0.184097 0.18411 0.126195 0.0594109 0.0196362 0.00571689 0.00397987 0.00644867 0.0106166 0.0154288 0.0197125 0.0223308 0.0227973 0.0215676 0.0197032 0.018175 0.0173506 0.0169739 0.0165084
 1.04458e-16 5.77011e-05 0.000560875 0.00372721 0.0169434 0.0527173 0.112321 0.16394 0.163963 0.112432 0.053091 0.0180231 0.00643803 0.00648088 0.0113077 0.0186211 0.0268641 0.0338821 0.0375226 0.0368058 0.0325062 0.0266122 0.0211126 0.0170535 0.0144147 0.012603
 1.03169e-16 6.49112e-05 0.00063096 0.00419295 0.0190605 0.0593045 0.126355 0.184422 0.184436 0.126425 0.0595405 0.0197429 0.00590797 0.00438235 0.00721146 0.0118768 0.017237 0.0219573 0.0247155 0.0248926 0.0229119 0.0198933 0.0169198 0.0145053 0.0125803 0.0108327
 1.05395e-16 4.43658e-05 0.000431251 0.00286582 0.0130276 0.0405339 0.0863632 0.126057 0.126092 0.0865348 0.0411105 0.0146932 0.00704818 0.00956643 0.0174087 0.0287497 0.0415052 0.0523952 0.0581021 0.057097 0.0505327 0.041414 0.0327451 0.0261069 0.0214938 0.0180813
 1.10925e-16 4.18225e-05 0.000406529 0.00270153 0.0122808 0.0382102 0.0814118 0.118828 0.118854 0.0815389 0.0386375 0.0135179 0.00581778 0.00724592 0.0131385 0.0219359 0.032254 0.0419414 0.0487972 0.0517659 0.0514443 0.049414 0.0469947 0.0444798 0.0413428 0.036998
 1.13652e-16 4.89353e-05 0.000475669 0.00316099 0.0143694 0.0447086 0.0952572 0.139035 0.139055 0.0953552 0.0450381 0.015323 0.00556217 0.00574287 0.0101281 0.0168684 0.0247782 0.0322003 0.0374919 0.0399522 0.0402067 0.0396406 0.0393448 0.0394339 0.0391746 0.0376485
 1.08062e-16 6.17496e-05 0.000600228 0.00398873 0.0181322 0.056416 0.120201 0.17544 0.175454 0.120272 0.0566535 0.0188187 0.00571508 0.00437907 0.00726908 0.0120017 0.0174811 0.0224141 0.0255381 0.0263108 0.0252289 0.0234456 0.0219929 0.0212237 0.0208113 0.0201512
 1.02794e-16 6.94877e-05 0.000675445 0.00448857 0.0204044 0.0634857 0.135263 0.197423 0.197435 0.135319 0.063672 0.0209427 0.00584037 0.00362866 0.00568489 0.00930635 0.013443 0.0170001 0.0189147 0.0187069 0.0167616 0.0140546 0.0115474 0.00972375 0.00853795 0.00767116
 1.01891e-16 6.41595e-05 0.000623654 0.0041444 0.0188398 0.0586178 0.124892 0.182288 0.182306 0.12498 0.0589129 0.019692 0.00628351 0.00529323 0.00893218 0.0146642 0.0211159 0.0265489 0.0292359 0.0283792 0.0245806 0.019425 0.014528 0.0107878 0.00827319 0.0065921
 1.02558e-16 6.02488e-05 0.00058564 0.00389178 0.0176915 0.0550449 0.11728 0.171178 0.171198 0.117379 0.0553774 0.0186523 0.00630489 0.00585831 0.0100881 0.0166189 0.0240189 0.0303793 0.0337873 0.0333462 0.0296828 0.0244742 0.0194003 0.0153506 0.0123508 0.0100016
 1.03969e-16 5.6493e-05 0.000549132 0.00364918 0.0165886 0.0516136 0.109969 0.160508 0.16053 0.110078 0.0519794 0.017646 0.00630577 0.00635709 0.0111121 0.0183472 0.026579 0.0337474 0.0377821 0.037716 0.034226 0.0291022 0.024099 0.0200868 0.0170036 0.0143691
 1.03566e-16 6.42491e-05 0.000624524 0.00415018 0.0188661 0.0586996 0.125066 0.182541 0.182556 0.125138 0.0589409 0.0195638 0.00590365 0.00446014 0.00737171 0.0121455 0.0176315 0.0224707 0.0253183 0.0255505 0.0236089 0.0206421 0.0177504 0.0154384 0.0136036 0.011894
 1.00661e-16 7.80145e-05 0.000758328 0.00503936 0.0229082 0.0712759 0.151861 0.221646 0.22165 0.151881 0.0713414 0.0230975 0.00551464 0.00179651 0.0020516 0.00327321 0.00471942 0.00595986 0.00661383 0.00650802 0.00577354 0.00475133 0.00378148 0.00304171 0.00252923 0.0021485
 1.01568e-16 3.62632e-05 0.000352491 0.00234243 0.0106484 0.0331313 0.0705917 0.103041 0.103092 0.070841 0.0339685 0.0130652 0.00840485 0.0135729 0.0251032 0.0413355 0.0592888 0.0740242 0.0805322 0.0765031 0.063731 0.0469629 0.0311542 0.0192356 0.0116636 0.00737707
 1.01506e-16 7.57443e-05 0.000736261 0.00489271 0.0222416 0.0692018 0.147442 0.215196 0.2152 0.147459 0.0692593 0.0224083 0.00531403 0.00166518 0.00186673 0.00303586 0.00452746 0.00602815 0.0072612 0.00807861 0.00850782 0.00866189 0.00859876 0.00826586 0.00757189 0.0065036
 1.02041e-16 5.37733e-05 0.000522696 0.0034735 0.01579 0.0491289 0.104675 0.152783 0.152814 0.104826 0.049633 0.0172455 0.00712461 0.00848529 0.0151534 0.0249075 0.0357382 0.0446588 0.0486702 0.0464062 0.038969 0.0292252 0.0201379 0.0134158 0.00924972 0.00691281
 1.04265e-16 5.56101e-05 0.00054055 0.00359214 0.0163294 0.0508069 0.10825 0.157999 0.158019 0.108351 0.051146 0.0173103 0.00605975 0.00594496 0.010371 0.0171907 0.0250674 0.0321622 0.0366104 0.0375056 0.0353616 0.0316202 0.0276462 0.024043 0.0207032 0.017314
 1.04064e-16 6.37995e-05 0.000620154 0.00412114 0.0187341 0.0582889 0.124191 0.181264 0.181279 0.124263 0.0585314 0.0194352 0.00588318 0.00447452 0.00740714 0.0122059 0.0177227 0.0225972 0.0254876 0.0257809 0.0239365 0.0211183 0.018426 0.0163389 0.0147066 0.0131231
 1.02923e-16 6.45871e-05 0.000627809 0.00417201 0.0189654 0.0590084 0.125724 0.183502 0.183518 0.125803 0.0592737 0.0197317 0.00609648 0.00483172 0.00805682 0.0132392 0.0191175 0.0241525 0.026821 0.0264251 0.0234975 0.0194179 0.0155598 0.0126359 0.0106258 0.00913235
 1.06776e-16 3.10328e-05 0.00030165 0.00200457 0.00911252 0.0283527 0.0604102 0.0881803 0.0882276 0.0606411 0.0291284 0.0113537 0.00763304 0.0125975 0.0234093 0.0387195 0.0559335 0.070672 0.0784743 0.0772663 0.0685564 0.0563284 0.0445715 0.0353963 0.0288344 0.0238636
 1.06456e-16 6.44084e-05 0.000626073 0.00416047 0.0189129 0.0588451 0.125376 0.182992 0.183 0.125416 0.0589788 0.0193009 0.00514194 0.0027936 0.00425435 0.00712364 0.0107059 0.0144079 0.0176495 0.0201394 0.0219655 0.0233607 0.0243593 0.0246753 0.023904 0.0218468
 1.05793e-16 5.60078e-05 0.000544416 0.00361784 0.0164462 0.0511703 0.109025 0.15913 0.159154 0.109143 0.0515664 0.0175903 0.00648986 0.00681426 0.0119648 0.0196967 0.0283861 0.0357482 0.0395111 0.0386713 0.0341126 0.0280165 0.0225394 0.0187734 0.0165992 0.0152343
 1.08788e-16 4.04984e-05 0.000393659 0.00261601 0.011892 0.0370006 0.078835 0.115069 0.115102 0.0789987 0.0375508 0.0134826 0.00661471 0.00914291 0.0167158 0.0277244 0.0402944 0.0514265 0.0580686 0.0587904 0.054568 0.047975 0.0414791 0.0362177 0.0319821 0.0280189
 1.06451e-16 6.38782e-05 0.000620919 0.00412622 0.0187572 0.0583607 0.124344 0.181486 0.181497 0.124397 0.0585379 0.0192703 0.00541924 0.00346099 0.00550914 0.00914225 0.0134836 0.0176342 0.0207164 0.0223292 0.0227391 0.0225854 0.0223505 0.0220453 0.0213176 0.0198062
 1.04636e-16 6.02239e-05 0.000585398 0.00389018 0.0176842 0.0550222 0.117231 0.171107 0.171127 0.11733 0.0553524 0.0186381 0.00628518 0.00581526 0.00999756 0.0164466 0.0237224 0.0299165 0.0331359 0.0325338 0.028821 0.0237795 0.019174 0.0159046 0.0138952 0.0125453
 1.08675e-16 3.23821e-05 0.000314766 0.00209173 0.00950874 0.0295854 0.0630365 0.0920126 0.0920555 0.0632463 0.0302901 0.0115452 0.00720857 0.0115013 0.0213258 0.0353306 0.051187 0.0649875 0.0727493 0.0726146 0.065899 0.0560704 0.0465342 0.0389883 0.0333168 0.0285674
 1.16212e-16 4.0219e-05 0.000390943 0.00259795 0.0118099 0.0367452 0.0782902 0.114271 0.114291 0.078387 0.0370711 0.0127555 0.00498762 0.0056614 0.0102083 0.0172291 0.025794 0.0344999 0.0419075 0.0473283 0.0510785 0.0539025 0.0560828 0.0570569 0.0558348 0.0517786
pSPR Fmed_Fpbrs
0.637327   0.209904 0.209904
Fs Fmed_Fpbrs
0.241974   1.005 1.005
SSBpbr Bo_Bmed_Bpbrs
1.89665e+06  1.11395e+06  303282 303282
Ro
172410
SPR SPRFo_SPRFmed_SPRFpbrs
1.22728e+06 782179 257611
Fref
1.005
log_Ro
11.8776
likeval ReclasPelacesDesembMPH_pf_preclas_ppelaces_ptallas_desvR_qrecl_qpela
 14.0211 16.7127 0.0645577 0.000811089 228.825 105.245 76.7874 0 23.0709 6.25309e-07 4.96667e-07 0.330286 0 0 0
q_reclas_q_pelaces
0.893995 1.10546
M
1
N
 197697 43861.8 143758 8572.58 0.279214
 111550 65242.3 14100.7 46215.3 2756
 110972 33672.8 18777.1 4058.27 14094.2
 188350 33665.7 9751.33 5437.68 5256.8
 151084 51931.2 8658.69 2508 2750.58
 257719 50469.9 16948.9 2825.96 1716.26
 107028 78609 14714.2 4941.35 1324.25
 48824.7 26038.2 17309.4 3239.99 1379.66
 45946.4 16809.4 8822.25 5864.75 1565.23
 61176.9 13045.7 4483.75 2353.26 1981.88
 113056 16025.3 3148.63 1082.18 1046.31
 148858 38331.6 5327.51 1046.74 707.6
 124299 38164.7 9008.14 1251.99 412.28
 86493.4 32586.6 9220.49 2176.35 402.085
 85578.5 18032.4 5924.32 1676.31 468.765
 456637 21284.7 4080.98 1340.76 485.461
 96690.1 121536 5239.71 1004.63 449.565
 714194 28810.7 34419.7 1483.91 411.834
 410550 213244 8180.1 9772.63 538.252
 337265 112117 54198 2079.05 2620.61
 465201 95496.7 29804.2 14407.5 1249.31
 622226 139972 27373.9 8543.31 4487.99
 131967 176889 37393.7 7312.99 3481.33
 384740 41677.6 53846.6 11383 3285.89
 327103 123830 12988.7 16781.1 4571.5
 146070 105140 38527.8 4041.24 6643.55
 329018 48181.5 33780 12378.5 3432.87
 363780 106158 15061.7 10559.8 4942.69
 103879 119976 34101 4838.27 4979.84
 80322.4 34262 38543.1 10955.2 3154.13
pred_Ctot
 12978.3 3535.68 11588.2 691.032 0.0225073
 12859.2 9157.78 1979.26 6487.04 386.849
 12495.5 4618.86 2575.64 556.668 1933.29
 30534.9 6591.3 1909.18 1064.62 1029.21
 8851.19 3740.17 623.613 180.63 198.101
 28265.7 6746.53 2265.64 377.759 229.42
 23693.7 20790.8 3891.65 1306.9 350.243
 1990.67 1308.95 870.148 162.876 69.356
 6768.74 2998.46 1573.72 1046.16 279.206
 11446.3 2934.57 1008.6 529.357 445.817
 5637.96 983.874 193.31 66.4401 64.238
 29365.8 9074.51 1261.22 247.803 167.515
 23208.6 8567.86 2022.3 281.069 92.5558
 24796.9 11023 3119.01 736.191 136.013
 18087.3 4561.77 1498.71 424.067 118.587
 81941.9 4598.38 881.661 289.659 104.88
 11816.1 18063.2 778.748 149.312 66.8162
 86501.9 4244.65 5071.02 218.624 60.6751
 68506.6 42936.6 1647.06 1967.71 108.377
 50158.6 20185.1 9757.57 374.303 471.803
 54437.1 13602.8 4245.4 2052.25 177.956
 91271.6 24863.8 4862.55 1517.59 797.221
 11953.3 19591.7 4141.62 809.967 385.583
 30761 4081.93 5273.77 1114.85 321.822
 26397.7 12240 1283.87 1658.74 451.872
 9630.16 8511.15 3118.85 327.141 537.799
 25845.5 4637.41 3251.29 1191.41 330.41
 24013.6 8604.25 1220.78 855.886 400.612
 6853.01 9718.4 2762.27 391.913 403.381
 7597.72 3960.17 4455 1266.25 364.57
F
 0.108627 0.134819 0.134819 0.134819 0.134819
 0.197779 0.245468 0.245468 0.245468 0.245468
 0.192799 0.239287 0.239287 0.239287 0.239287
 0.288381 0.357917 0.357917 0.357917 0.357917
 0.0964575 0.119716 0.119716 0.119716 0.119716
 0.187383 0.232566 0.232566 0.232566 0.232566
 0.413528 0.513239 0.513239 0.513239 0.513239
 0.066301 0.0822877 0.0822877 0.0822877 0.0822877
 0.259021 0.321477 0.321477 0.321477 0.321477
 0.339601 0.421486 0.421486 0.421486 0.421486
 0.0816075 0.101285 0.101285 0.101285 0.101285
 0.361082 0.448147 0.448147 0.448147 0.448147
 0.338791 0.420482 0.420482 0.420482 0.420482
 0.5679 0.704834 0.704834 0.704834 0.704834
 0.391445 0.485831 0.485831 0.485831 0.485831
 0.323677 0.401723 0.401723 0.401723 0.401723
 0.210764 0.261584 0.261584 0.261584 0.261584
 0.208716 0.259042 0.259042 0.259042 0.259042
 0.297951 0.369794 0.369794 0.369794 0.369794
 0.261775 0.324895 0.324895 0.324895 0.324895
 0.201029 0.249502 0.249502 0.249502 0.249502
 0.257782 0.319939 0.319939 0.319939 0.319939
 0.15259 0.189383 0.189383 0.189383 0.189383
 0.133657 0.165885 0.165885 0.165885 0.165885
 0.134982 0.167529 0.167529 0.167529 0.167529
 0.109113 0.135423 0.135423 0.135423 0.135423
 0.131185 0.162817 0.162817 0.162817 0.162817
 0.109257 0.135601 0.135601 0.135601 0.135601
 0.109187 0.135515 0.135515 0.135515 0.135515
 0.159817 0.198353 0.198353 0.198353 0.198353
nmprior
 8 8 7 0
nm_flota  nm_reclas  nm_pelaces    nm_pelaL
inf 12.0088 16.7977 29.5325
cv_recla  cv_pelaces  cv_mph
0.346671 0.481047 0.8789
 ------------------------------------------------
Talla a la edad & desviación 
 8 13.2811 15.8009 17.003 17.5766
 0.8 1.32811 1.58009 1.7003 1.75766
