years
 1991 1992 1993 1994 1995 1996 1997 1998 1999 2000 2001 2002 2003 2004 2005 2006 2007 2008 2009 2010 2011 2012 2013 2014 2015 2016 2017 2018 2019 2020
reclasobs
 0 0 0 0 0 0 0 0 0 252601 567819 844713 477998 351125 339783 2.1784e+06 2.13404e+06 4.81314e+06 1.55562e+06 2.62356e+06 3.21686e+06 3.843e+06 1.13348e+06 3.07943e+06 1.97215e+06 2.03268e+06 2.025e+06 2.42433e+06 2.27542e+06 1.05018e+06
reclaspred
 3.27106e+06 1.91559e+06 798276 477397 89871.7 2.0646e+06 805502 249217 729382 218702 217988 865394 478822 387666 264649 1.85868e+06 1.10093e+06 7.70822e+06 4.55827e+06 1.47433e+06 3.53379e+06 3.55569e+06 1.91587e+06 4.73368e+06 2.71799e+06 1.19045e+06 2.29559e+06 3.5649e+06 2.46313e+06 801882
pelacesobs
 0 0 0 0 0 0 0 0 0 0 0 0 0 0 0 552880 188675 0 991730 2.46772e+06 1.41603e+06 1.21717e+06 2.29649e+06 1.80582e+06 0 1.4828e+06 1.56532e+06 1.57751e+06 1.42118e+06 867257
pelacespred
 521443 420091 190956 88342.9 12511.5 496914 150818 60545.5 166475 37044.1 49932.2 173595 89618.8 75765.9 49336.7 372250 217156 1.99629e+06 1.13364e+06 372196 833248 806661 438288 1.29295e+06 718307 307804 669036 1.00706e+06 580363 219328
mphobs
 0 0 0 0 0 0 0 0 0 0 0 498337 0 5186 125008 0 168611 109162 213762 579715 649985 157893 87575 83554 0 0 0 0 0 0
mphpred
 58270.3 401431 189527 57677.7 29317.5 4535.2 216387 58872.9 21995.1 64825.9 10687.4 24292 84646.8 29810 17860.7 16345.3 218117 112497 926553 409283 157004 347935 392948 214199 517804 276845 106348 223829 471438 229220
desembarqueobs
 494567 514787 250237 358949 120608 361735 552515 73892 212993 205616 52469 317467 293654 387597 252695 516296 358380 742168 942051 627588 828172 859565 418607 520667 417249 300574 407403 355545 319650 289779
desembarquepred
 494208 520250 247006 358196 120435 361434 551561 73846.5 212753 205271 52432 317042 293063 386649 252210 515700 358072 741628 940299 625826 827229 858324 418160 520284 416725 300075 406997 355259 319342 289395
Reclutas
 537092 641.409 1689.79 97595 813.462 329656 829.251 236.886 69154.6 1038.59 35400.9 185275 35257.5 72997.6 43369.9 401841 1690.63 1.19273e+06 77746.1 11721.9 432575 557083 1803.14 383004 103555 6705.63 234059 309430 3004.03 1108.96
log_desv_Rt
 3.02336 -3.70689 -2.7382 1.31802 -3.46926 2.53524 -3.45004 -4.70298 0.973539 -3.22494 0.303931 1.95904 0.299872 1.02762 0.506959 2.73325 -2.7377 3.82119 1.09064 -0.801351 2.80695 3.05991 -2.67328 2.68524 1.3773 -1.35986 2.19277 2.47193 -2.16285 -3.15938
SSB
 162247 1.11774e+06 527719 160597 81631.5 12627.8 602506 163925 61243.1 180501 29757.8 67638.4 235690 83002.6 49731.3 45511.8 607324 313235 2.57989e+06 1.1396e+06 437160 968786 1.09412e+06 596415 1.44177e+06 770846 296113 623229 1.31267e+06 638240
BT
 1.4876e+06 1.4143e+06 676058 529338 130269 1.46604e+06 841367 210669 575705 269241 161204 661901 460648 582886 363670 1.26312e+06 784972 5.26784e+06 3.49245e+06 1.52782e+06 2.66667e+06 2.60734e+06 1.37266e+06 3.47944e+06 2.05568e+06 1.0094e+06 1.98001e+06 2.6706e+06 1.60631e+06 830416
Ftot
 0.263038 0.462551 0.523173 1.15711 1.82284 0.303501 1.07103 0.50228 0.494883 1.38976 0.412055 0.61252 0.972372 1.45824 1.40672 0.472018 0.548229 0.16907 0.355629 0.701415 0.40151 0.413475 0.375454 0.192703 0.266828 0.430896 0.307251 0.175019 0.226553 0.604048
BD_Bspro_t
 0.958787 0.713876 0.445337 0.239757 0.143468 0.0370002 0.52935 0.212186 0.134209 0.326533 0.107813 0.31729 0.409057 0.17549 0.109962 0.106629 0.47283 0.317867 0.723051 0.505351 0.274936 0.449027 0.491079 0.37997 0.617358 0.527743 0.381658 0.584467 0.718414 0.552188
BD_Bspro
 0.872522 6.01091 2.83793 0.86365 0.438992 0.0679088 3.24011 0.881546 0.329349 0.970685 0.16003 0.363741 1.26748 0.446366 0.267441 0.24475 3.26602 1.68449 13.8739 6.12848 2.35093 5.20987 5.8839 3.20736 7.75345 4.1454 1.59242 3.35156 7.05918 3.43228
BD_Bo
 0.0987229 0.680113 0.321102 0.097719 0.0496704 0.00768364 0.366608 0.0997439 0.0372647 0.10983 0.0181068 0.0411561 0.143411 0.0505047 0.0302601 0.0276926 0.369539 0.190594 1.56979 0.693416 0.265999 0.589479 0.665742 0.362901 0.877275 0.469038 0.180177 0.379217 0.798722 0.388351
BD_Brms
 0.804763 5.5441 2.61754 0.796579 0.4049 0.062635 2.98849 0.813086 0.303772 0.895302 0.147602 0.335493 1.16904 0.411701 0.246672 0.225743 3.01239 1.55368 12.7965 5.65255 2.16836 4.80528 5.42695 2.95827 7.15132 3.82347 1.46875 3.09127 6.51097 3.16573
Sel_flota
 1 1 1 1 1
 1 1 1 1 1
 1 1 1 1 1
 1 1 1 1 1
 1 1 1 1 1
 1 1 1 1 1
 1 1 1 1 1
 1 1 1 1 1
 1 1 1 1 1
 1 1 1 1 1
 1 1 1 1 1
 1 1 1 1 1
 1 1 1 1 1
 1 1 1 1 1
 1 1 1 1 1
 1 1 1 1 1
 1 1 1 1 1
 1 1 1 1 1
 1 1 1 1 1
 1 1 1 1 1
 1 1 1 1 1
 1 1 1 1 1
 1 1 1 1 1
 1 1 1 1 1
 1 1 1 1 1
 1 1 1 1 1
 1 1 1 1 1
 1 1 1 1 1
 1 1 1 1 1
 1 1 1 1 1
Sel_reclas
 1 1 1 1 1
 1 1 1 1 1
 1 1 1 1 1
 1 1 1 1 1
 1 1 1 1 1
 1 1 1 1 1
 1 1 1 1 1
 1 1 1 1 1
 1 1 1 1 1
 1 1 1 1 1
 1 1 1 1 1
 1 1 1 1 1
 1 1 1 1 1
 1 1 1 1 1
 1 1 1 1 1
 1 1 1 1 1
 1 1 1 1 1
 1 1 1 1 1
 1 1 1 1 1
 1 1 1 1 1
 1 1 1 1 1
 1 1 1 1 1
 1 1 1 1 1
 1 1 1 1 1
 1 1 1 1 1
 1 1 1 1 1
 1 1 1 1 1
 1 1 1 1 1
 1 1 1 1 1
 1 1 1 1 1
Sel_pelaces
 1 1 1 1 1
 1 1 1 1 1
 1 1 1 1 1
 1 1 1 1 1
 1 1 1 1 1
 1 1 1 1 1
 1 1 1 1 1
 1 1 1 1 1
 1 1 1 1 1
 1 1 1 1 1
 1 1 1 1 1
 1 1 1 1 1
 1 1 1 1 1
 1 1 1 1 1
 1 1 1 1 1
 1 1 1 1 1
 1 1 1 1 1
 1 1 1 1 1
 1 1 1 1 1
 1 1 1 1 1
 1 1 1 1 1
 1 1 1 1 1
 1 1 1 1 1
 1 1 1 1 1
 1 1 1 1 1
 1 1 1 1 1
 1 1 1 1 1
 1 1 1 1 1
 1 1 1 1 1
 1 1 1 1 1
pf_obs 
 0.8446 0.082 0.0669 0.0065 0
 0.8095 0.147 0.0364 0.0071 0
 0.9664 0.0169 0.016 0.0007 0
 0.9276 0.0648 0.0075 0.0001 0
 0.7033 0.2144 0.0806 0.0017 0
 0.9318 0.0425 0.0243 0.0014 0
 0.5671 0.3108 0.0964 0.0239 0.0018
 0.0768 0.2599 0.5324 0.112 0.0189
 0.490249 0.384438 0.106611 0.0170017 0.00170017
 0.7925 0.1577 0.0466 0.003 0.0002
 0.840416 0.127587 0.0312969 0.00059994 9.999e-05
 0.8084 0.0986 0.0794 0.0134 0.0002
 0.7335 0.1905 0.0724 0.0035 0.0001
 0.4001 0.4547 0.1325 0.0127 0
 0.49795 0.308269 0.164784 0.0264974 0.00249975
 0.9179 0.0499 0.0305 0.0017 0
 0.2467 0.6533 0.0926 0.0074 0
 0.9418 0.0223 0.034 0.0019 0
 0.707729 0.231977 0.0356964 0.0245975 0
 0.517169 0.277429 0.184464 0.0207286 0.00020938
 0.811772 0.124168 0.05621 0.00726502 0.000585176
 0.764997 0.148141 0.077277 0.00933861 0.000247198
 0.163321 0.427699 0.378323 0.0303852 0.000271297
 0.753843 0.0900009 0.118128 0.0371064 0.000921714
 0.721811 0.176058 0.0630433 0.0369309 0.00215725
 0.143369 0.312575 0.442814 0.0836902 0.0175525
 0.692698 0.0596174 0.167031 0.0765114 0.00414204
 0.394062 0.376323 0.152708 0.0712218 0.00568511
 0.125707 0.32114 0.495352 0.0537591 0.00404204
 0.23352 0.215282 0.420074 0.123614 0.00750983
pf_pred 
 0.971991 0.0205147 0.00675915 0.000734989 7.51797e-08
 0.0040879 0.968018 0.0204308 0.00673152 0.000732059
 0.0444262 0.00390629 0.925012 0.0195232 0.007132
 0.921685 0.00347922 0.000305919 0.0724419 0.00208749
 0.062285 0.864278 0.00326251 0.000286865 0.0698874
 0.997651 0.000146322 0.0020304 7.66442e-06 0.000164856
 0.00915614 0.988516 0.000144983 0.00201181 0.000170941
 0.0203275 0.00897001 0.968422 0.000142036 0.00213838
 0.963842 0.000735009 0.00032434 0.0350165 8.24558e-05
 0.0606295 0.905404 0.000690446 0.000304676 0.0329709
 0.957534 0.00257469 0.0384488 2.93204e-05 0.00141308
 0.953636 0.0443948 0.000119372 0.00178263 6.68748e-05
 0.476488 0.49924 0.0232412 6.24927e-05 0.000968237
 0.876404 0.0588921 0.0617042 0.00287253 0.000127394
 0.858836 0.123717 0.00831345 0.00871041 0.000423481
 0.988803 0.00961654 0.00138528 9.30871e-05 0.000102274
 0.017807 0.971195 0.0094453 0.00136061 0.000191882
 0.983357 0.000296369 0.016164 0.000157202 2.58387e-05
 0.171042 0.815162 0.000245678 0.0133993 0.000151733
 0.09094 0.155487 0.741031 0.000223336 0.0123187
 0.948444 0.00468848 0.00801626 0.0382044 0.000646612
 0.832233 0.159118 0.000786573 0.00134486 0.00651792
 0.0109506 0.82312 0.157375 0.000777959 0.00777668
 0.901996 0.00107319 0.0806688 0.0154234 0.000838386
 0.445621 0.500048 0.000594956 0.044721 0.00901516
 0.0929094 0.404219 0.453588 0.000539679 0.0487436
 0.931336 0.00637956 0.0277554 0.0311453 0.003384
 0.819842 0.167788 0.00114933 0.00500037 0.00622075
 0.025126 0.799242 0.163572 0.00112045 0.0109392
 0.030655 0.0243558 0.774741 0.158558 0.0116899
pobs_RECLAS
 0 0 0 0 0
 0 0 0 0 0
 0 0 0 0 0
 0 0 0 0 0
 0 0 0 0 0
 0 0 0 0 0
 0 0 0 0 0
 0 0 0 0 0
 0 0 0 0 0
 0 0 0 0 0
 0.991045 0.00858322 0.000360255 1.14367e-05 0
 0.934742 0.0480273 0.0164251 0.00080598 0
 0.827803 0.169806 0.00239088 0 0
 0.941827 0.0461693 0.0120037 0 0
 0.791401 0.0380133 0.147996 0.0225897 0
 0.846168 0.0940531 0.0597789 0 0
 0.134021 0.677848 0.182769 0.00536245 0
 0.80878 0.0450904 0.141981 0.00414843 0
 0.846168 0.0940531 0.0597789 0 0
 0.905697 0.0802665 0.012482 0.00150086 5.37128e-05
 0.989698 0.0102097 9.19794e-05 0 0
 0.975433 0.0193895 0.00387452 0.00125025 5.28907e-05
 0.303575 0.632131 0.0575291 0.00676475 0
 0.966965 0.00978017 0.0227588 0.000495775 0
 0.843318 0.132988 0.00938335 0.0141283 0.000182051
 0.564624 0.303363 0.111486 0.0197234 0.00080311
 0.826376 0.0876187 0.0782897 0.00655872 0.00115652
 0.89761 0.0855135 0.0140674 0.00269457 0.000114338
 0.34875 0.467042 0.161289 0.0227151 0.000203297
 0.318654 0.224769 0.449479 0.00709798 0
ppred_RECLAS
 0.971991 0.0205147 0.00675915 0.000734989 7.51797e-08
 0.0040879 0.968018 0.0204308 0.00673152 0.000732059
 0.0444262 0.00390629 0.925012 0.0195232 0.007132
 0.921685 0.00347922 0.000305919 0.0724419 0.00208749
 0.062285 0.864278 0.00326251 0.000286865 0.0698874
 0.997651 0.000146322 0.0020304 7.66442e-06 0.000164856
 0.00915614 0.988516 0.000144983 0.00201181 0.000170941
 0.0203275 0.00897001 0.968422 0.000142036 0.00213838
 0.963842 0.000735009 0.00032434 0.0350165 8.24558e-05
 0.0606295 0.905404 0.000690446 0.000304676 0.0329709
 0.957534 0.00257469 0.0384488 2.93204e-05 0.00141308
 0.953636 0.0443948 0.000119372 0.00178263 6.68748e-05
 0.476488 0.49924 0.0232412 6.24927e-05 0.000968237
 0.876404 0.0588921 0.0617042 0.00287253 0.000127394
 0.858836 0.123717 0.00831345 0.00871041 0.000423481
 0.988803 0.00961654 0.00138528 9.30871e-05 0.000102274
 0.017807 0.971195 0.0094453 0.00136061 0.000191882
 0.983357 0.000296369 0.016164 0.000157202 2.58387e-05
 0.171042 0.815162 0.000245678 0.0133993 0.000151733
 0.09094 0.155487 0.741031 0.000223336 0.0123187
 0.948444 0.00468848 0.00801626 0.0382044 0.000646612
 0.832233 0.159118 0.000786573 0.00134486 0.00651792
 0.0109506 0.82312 0.157375 0.000777959 0.00777668
 0.901996 0.00107319 0.0806688 0.0154234 0.000838386
 0.445621 0.500048 0.000594956 0.044721 0.00901516
 0.0929094 0.404219 0.453588 0.000539679 0.0487436
 0.931336 0.00637956 0.0277554 0.0311453 0.003384
 0.819842 0.167788 0.00114933 0.00500037 0.00622075
 0.025126 0.799242 0.163572 0.00112045 0.0109392
 0.030655 0.0243558 0.774741 0.158558 0.0116899
pobs_PELACES
 0 0 0 0 0
 0 0 0 0 0
 0 0 0 0 0
 0 0 0 0 0
 0 0 0 0 0
 0 0 0 0 0
 0 0 0 0 0
 0 0 0 0 0
 0 0 0 0 0
 0 0 0 0 0
 0 0 0 0 0
 0 0 0 0 0
 0 0 0 0 0
 0 0 0 0 0
 0 0 0 0 0
 0 0 0 0 0
 0.505614 0.472636 0.0217494 0 0
 0 0 0 0 0
 0.443492 0.261883 0.143347 0.151278 0
 0.227955 0.32914 0.350689 0.0885471 0.00366901
 0.970185 0.0296113 0.000203453 0 0
 0.997202 0.00247181 0.000326279 0 0
 0.445219 0.490057 0.0546422 0.010081 0
 0.90214 0.0892962 0.00764917 0.000914606 0
 0 0 0 0 0
 0.581667 0.319106 0.0959925 0.00289975 0.000334073
 0.762889 0.0836404 0.116647 0.0363945 0.000428098
 0.88444 0.0763242 0.0277011 0.0115352 0
 0.521256 0.241999 0.230069 0.00667565 0
 0.616807 0.101726 0.260614 0.0208532 0
ppred_PELACES
 0.971991 0.0205147 0.00675915 0.000734989 7.51797e-08
 0.0040879 0.968018 0.0204308 0.00673152 0.000732059
 0.0444262 0.00390629 0.925012 0.0195232 0.007132
 0.921685 0.00347922 0.000305919 0.0724419 0.00208749
 0.062285 0.864278 0.00326251 0.000286865 0.0698874
 0.997651 0.000146322 0.0020304 7.66442e-06 0.000164856
 0.00915614 0.988516 0.000144983 0.00201181 0.000170941
 0.0203275 0.00897001 0.968422 0.000142036 0.00213838
 0.963842 0.000735009 0.00032434 0.0350165 8.24558e-05
 0.0606295 0.905404 0.000690446 0.000304676 0.0329709
 0.957534 0.00257469 0.0384488 2.93204e-05 0.00141308
 0.953636 0.0443948 0.000119372 0.00178263 6.68748e-05
 0.476488 0.49924 0.0232412 6.24927e-05 0.000968237
 0.876404 0.0588921 0.0617042 0.00287253 0.000127394
 0.858836 0.123717 0.00831345 0.00871041 0.000423481
 0.988803 0.00961654 0.00138528 9.30871e-05 0.000102274
 0.017807 0.971195 0.0094453 0.00136061 0.000191882
 0.983357 0.000296369 0.016164 0.000157202 2.58387e-05
 0.171042 0.815162 0.000245678 0.0133993 0.000151733
 0.09094 0.155487 0.741031 0.000223336 0.0123187
 0.948444 0.00468848 0.00801626 0.0382044 0.000646612
 0.832233 0.159118 0.000786573 0.00134486 0.00651792
 0.0109506 0.82312 0.157375 0.000777959 0.00777668
 0.901996 0.00107319 0.0806688 0.0154234 0.000838386
 0.445621 0.500048 0.000594956 0.044721 0.00901516
 0.0929094 0.404219 0.453588 0.000539679 0.0487436
 0.931336 0.00637956 0.0277554 0.0311453 0.003384
 0.819842 0.167788 0.00114933 0.00500037 0.00622075
 0.025126 0.799242 0.163572 0.00112045 0.0109392
 0.030655 0.0243558 0.774741 0.158558 0.0116899
pobs_pel_tallas
 0 0 0 0 0 0 0 0 0 0 0 0 0 0 0 0 0 0 0 0 0 0 0 0 0 0
 0 0 0 0 0 0 0 0 0 0 0 0 0 0 0 0 0 0 0 0 0 0 0 0 0 0
 0 0 0 0 0 0 0 0 0 0 0 0 0 0 0 0 0 0 0 0 0 0 0 0 0 0
 0 0 0 0 0 0 0 0 0 0 0 0 0 0 0 0 0 0 0 0 0 0 0 0 0 0
 0 0 0 0 0 0 0 0 0 0 0 0 0 0 0 0 0 0 0 0 0 0 0 0 0 0
 0 0 0 0 0 0 0 0 0 0 0 0 0 0 0 0 0 0 0 0 0 0 0 0 0 0
 0 0 0 0 0 0 0 0 0 0 0 0 0 0 0 0 0 0 0 0 0 0 0 0 0 0
 0 0 0 0 0 0 0 0 0 0 0 0 0 0 0 0 0 0 0 0 0 0 0 0 0 0
 0 0 0 0 0 0 0 0 0 0 0 0 0 0 0 0 0 0 0 0 0 0 0 0 0 0
 0 0 0 0 0 0 0 0 0 0 0 0 0 0 0 0 0 0 0 0 0 0 0 0 0 0
 0 0 0 0 0 0 0 0 0 0 0 0 0 0 0 0 0 0 0 0 0 0 0 0 0 0
 0 0 0 0 0 0 0 0 0 0 0 0 0 0 0 0 0 0 0 0 0 0 0 0 0 0
 0.00862536 0 0 0.000197151 0.00414017 0.0128641 0.00837892 0.0270097 0.101434 0.158115 0.152841 0.127902 0.109271 0.109419 0.0830992 0.0579132 0.0238553 0.00714673 0.00463305 0.00128148 0.00103504 0.000492878 0.000147863 0.000147863 4.92878e-05 0
 0 0 0 0 0 0 0 0 0 0 0 0 0 0 0 0 0 0 0 0 0 0 0 0 0 0
 0 0 0 0 0 0 0 0.0054083 0.00873648 0.0413646 0.0450493 0.0745869 0.0622846 0.0627006 0.0613931 0.0827291 0.12552 0.122667 0.0946155 0.0697135 0.0546179 0.0294188 0.0215738 0.0213955 0.0102223 0.00600262
 0 0 0 0 0.00359764 0.0251062 0.0480494 0.140153 0.205849 0.193036 0.1447 0.116669 0.0760912 0.0342217 0.00950174 0.001854 0.000860785 0 0 0 0.000165536 0 0.000143464 0 0 0
 0 0 0 0 0 0 0 0.000145254 0.000435761 0.0275982 0.070085 0.0708112 0.156366 0.174668 0.174014 0.160142 0.0824315 0.0480064 0.0283245 0.00493863 0.00203355 0 0 0 0 0
 0 0 0 0 0 0 0 0 0 0 0 0 0 0 0 0 0 0 0 0 0 0 0 0 0 0
 0 0 1.00437e-05 0.000401748 0.00122533 0.00171747 0.00176769 0.0269171 0.070346 0.194647 0.189555 0.159765 0.064822 0.0314167 0.0384472 0.0292271 0.0345202 0.0313363 0.0194345 0.0106764 0.0143323 0.0359363 0.0279516 0.0138201 0.00172751 0
 0 0.0021121 0.0136068 0.0755702 0.200478 0.177729 0.0527432 0.0373336 0.0318909 0.0142505 0.0149659 0.0166563 0.0217959 0.0798694 0.0677717 0.0528807 0.04013 0.0224614 0.0357745 0.0225083 0.00881397 0.00855152 0.00135912 0.000746735 0 0
 0 0 0 0 5.4009e-05 0.00500934 0.000945158 0.0243581 0.138947 0.33067 0.221406 0.137944 0.0707744 0.0437923 0.0131692 0.00525238 0.0047753 0.00276346 9.45158e-05 9.00151e-06 2.25038e-05 9.00151e-06 4.50075e-06 0 0 0
 0.000866109 0.00284123 0.00948549 0.0512746 0.133035 0.25785 0.225252 0.132002 0.0553304 0.0519788 0.0540692 0.017754 0.00435017 0.00159236 0.00146478 0.000404838 0.000125132 0.000115318 0.000107957 0.000100596 0 0 0 0 0 0
 0 0 0 0 0.00144013 0.00171154 0.00461396 0.0210425 0.0478622 0.0707936 0.0888783 0.103762 0.0637923 0.0337046 0.0602308 0.124433 0.169614 0.0934646 0.0462172 0.0250306 0.0313229 0.00938855 0.002487 0.000210481 0 0
 0 0.00764035 0.051015 0.0998891 0.058973 0.0496711 0.0374665 0.0718981 0.12319 0.153886 0.159021 0.0857701 0.0377988 0.023471 0.0147837 0.00900784 0.00315554 0.000888139 0.00291439 0.00214683 0.00393193 0.00274676 0.000635225 9.99891e-05 0 0
 0 0 0 0 0 0 0 0 0 0 0 0 0 0 0 0 0 0 0 0 0 0 0 0 0 0
 0 0 0 0 0 0 0 0 0 0 0 0 0 0 0 0 0 0 0 0 0 0 0 0 0 0
 0 0 0 0 0 0 0 0 0 0 0 0 0 0 0 0 0 0 0 0 0 0 0 0 0 0
 0 0 0 0 0 0 0 0 0 0 0 0 0 0 0 0 0 0 0 0 0 0 0 0 0 0
 0 0 0 0 0 0 0 0 0 0 0 0 0 0 0 0 0 0 0 0 0 0 0 0 0 0
 0 0 0 0 0 0 0 0 0 0 0 0 0 0 0 0 0 0 0 0 0 0 0 0 0 0
ppred_pel_tallas
 1.00275e-16 8.00616e-05 0.000778227 0.0051716 0.0235093 0.0731462 0.155846 0.227462 0.227464 0.155856 0.0731788 0.0236035 0.00540816 0.00129559 0.00106534 0.00164154 0.00237316 0.00301765 0.00338608 0.00339035 0.00308676 0.00262923 0.00216913 0.00178259 0.00146802 0.00119128
 1.01636e-16 3.36916e-07 3.27504e-06 2.17683e-05 9.90128e-05 0.000308565 0.000660872 0.000984081 0.00107719 0.00111574 0.00183534 0.00450639 0.0110756 0.0241031 0.0456794 0.0752787 0.107883 0.13449 0.145925 0.137963 0.113918 0.0825543 0.0530571 0.0309144 0.017043 0.00950352
 1.2986e-16 3.65933e-06 3.557e-05 0.000236375 0.00107453 0.00334326 0.00712324 0.0103969 0.0103987 0.00713276 0.00337938 0.00119708 0.000612673 0.00108383 0.00265727 0.00611034 0.0128003 0.0243916 0.0422529 0.0664925 0.0949994 0.12317 0.144888 0.154638 0.149796 0.131786
 1.07628e-16 7.5918e-05 0.00073795 0.00490394 0.0222926 0.0693605 0.14778 0.215689 0.21569 0.147782 0.0693666 0.0223105 0.0049506 0.000845737 0.000299415 0.000428457 0.000748106 0.00126355 0.00207587 0.00332762 0.00515408 0.00759432 0.0104948 0.013468 0.0159574 0.0174037
 1.12171e-16 5.13052e-06 4.98705e-05 0.000331411 0.0015066 0.00468803 0.00999142 0.0146002 0.0146833 0.0103975 0.00605097 0.00544092 0.0101985 0.0215618 0.0407785 0.0671965 0.0963157 0.120133 0.13054 0.12391 0.103399 0.077034 0.0531267 0.0364832 0.027557 0.0240201
 1.00088e-16 8.21752e-05 0.000798772 0.00530812 0.0241299 0.0750772 0.15996 0.233466 0.233466 0.15996 0.0750775 0.0241308 0.00531052 0.000804514 9.45363e-05 3.00008e-05 4.39863e-05 7.33059e-05 0.000114866 0.000168316 0.000229802 0.000290755 0.000339158 0.000363448 0.00035731 0.000322537
 1.00488e-16 7.54384e-07 7.33298e-06 4.87349e-05 0.0002216 0.00068999 0.00147361 0.0021707 0.00226575 0.00193793 0.00224839 0.00471983 0.0113288 0.0245948 0.0465881 0.0767331 0.109868 0.136754 0.147983 0.139227 0.113909 0.0810824 0.0502755 0.0272424 0.0130143 0.00561506
 1.28325e-16 1.67436e-06 1.62754e-05 0.000108156 0.000491661 0.00152975 0.00325938 0.00475763 0.00475998 0.00327159 0.00157507 0.000641514 0.000555624 0.00122845 0.00299104 0.00672724 0.0138282 0.0259601 0.0444629 0.0693735 0.0984521 0.126913 0.148451 0.157449 0.151353 0.131842
 1.03536e-16 7.93904e-05 0.000771703 0.00512824 0.0233122 0.0725329 0.154539 0.225554 0.225554 0.15454 0.0725344 0.0233166 0.00514 0.000800279 0.00014282 0.000136515 0.000255933 0.000477651 0.000855673 0.00146082 0.00235249 0.00353831 0.00493377 0.00634793 0.00751622 0.00817869
 1.05862e-16 4.99416e-06 4.85451e-05 0.000322604 0.00146656 0.00456349 0.00972621 0.0142139 0.014301 0.0101515 0.00599101 0.00558715 0.0106561 0.0225745 0.0426917 0.0703248 0.100735 0.12549 0.136027 0.128451 0.105977 0.0769531 0.0501065 0.0306114 0.0192102 0.0138152
 1.01353e-16 7.88708e-05 0.000766652 0.00509467 0.0231597 0.0720583 0.153528 0.224078 0.224079 0.153529 0.0720636 0.0231757 0.00513783 0.000870192 0.000302777 0.000446603 0.000800172 0.00134736 0.00211774 0.00310589 0.00423389 0.0053345 0.00617865 0.00655212 0.00634704 0.00561373
 1.00205e-16 7.85498e-05 0.000763532 0.00507394 0.0230654 0.071765 0.152903 0.223167 0.223172 0.152924 0.071835 0.0232675 0.00558073 0.00186838 0.00217249 0.00345589 0.00494435 0.00616276 0.00668718 0.00632678 0.00523793 0.00382684 0.00251641 0.00155486 0.000975069 0.000675481
 1.00969e-16 3.92478e-05 0.000381502 0.00253522 0.0115248 0.0358581 0.0764013 0.11152 0.111568 0.0766359 0.0366459 0.0137992 0.00824031 0.0128227 0.0236288 0.0388994 0.0557927 0.0696536 0.0757614 0.0719322 0.0598411 0.0439448 0.0289055 0.0174963 0.0101783 0.00599391
 1.02106e-16 7.21882e-05 0.000701695 0.00466301 0.0211974 0.0659529 0.14052 0.205094 0.2051 0.140548 0.0660478 0.0214724 0.00535728 0.00223031 0.00301338 0.00496635 0.00737642 0.00975074 0.0116203 0.0127376 0.0131665 0.0131362 0.0128003 0.0121253 0.0109888 0.00936102
 1.01217e-16 7.07412e-05 0.00068763 0.00456954 0.0207725 0.064631 0.137704 0.200985 0.200997 0.137762 0.0648263 0.0213366 0.00598505 0.00377579 0.00593024 0.00967791 0.0139027 0.0174185 0.0190721 0.0183411 0.0156493 0.0120892 0.00877701 0.00633658 0.0048087 0.0038948
 1.0007e-16 8.14464e-05 0.000791688 0.00526104 0.0239159 0.0744114 0.158541 0.231396 0.231397 0.158546 0.0744266 0.0239599 0.00537128 0.00103233 0.000538434 0.000761099 0.0010881 0.00136718 0.00150423 0.00145738 0.00125704 0.000984502 0.000723149 0.000520149 0.000380685 0.000286553
 1.0069e-16 1.46694e-06 1.42593e-05 9.47626e-05 0.000430834 0.00134099 0.00286056 0.00419466 0.00428806 0.00331683 0.00287237 0.00485128 0.0111804 0.0241802 0.0457967 0.0754453 0.108063 0.134589 0.145791 0.137418 0.11281 0.0808136 0.0507314 0.0281655 0.0141088 0.00664071
 1.00487e-16 8.09978e-05 0.000787327 0.00523207 0.0237842 0.0740015 0.157668 0.230121 0.230121 0.157668 0.0740025 0.0237874 0.00524122 0.00081125 0.000137923 0.000129663 0.000248095 0.000455147 0.000767159 0.00118416 0.0016695 0.00214464 0.00250533 0.0026579 0.00255873 0.0022345
 1.01585e-16 1.40887e-05 0.000136947 0.000910064 0.00413707 0.0128724 0.0274288 0.0400496 0.040128 0.0278118 0.0141576 0.00784679 0.0102131 0.020416 0.0384412 0.0633024 0.0906589 0.112898 0.122282 0.115267 0.0946944 0.0680301 0.043101 0.0245864 0.0132477 0.00736897
 1.23532e-16 7.49065e-06 7.28118e-05 0.00048386 0.00219957 0.00684376 0.0145819 0.0212861 0.0213022 0.0146611 0.00711279 0.00299071 0.00252277 0.00469882 0.00930434 0.0166982 0.0271326 0.0404997 0.0564272 0.0743165 0.0929948 0.110181 0.122482 0.126436 0.120174 0.10459
 1.04174e-16 7.81221e-05 0.000759375 0.00504631 0.0229398 0.0713742 0.15207 0.221951 0.221952 0.152073 0.0713822 0.0229631 0.00510626 0.000895137 0.000351057 0.000498434 0.000814361 0.00125817 0.00186446 0.00269534 0.00381241 0.00522207 0.00681902 0.00837111 0.00957001 0.0101331
 1.01302e-16 6.855e-05 0.00066633 0.004428 0.020129 0.062629 0.133438 0.19476 0.194776 0.133513 0.0628799 0.0208533 0.00624443 0.00462626 0.00757354 0.0123715 0.0177209 0.0220897 0.023973 0.022691 0.0188109 0.0137979 0.00917793 0.00584716 0.00391989 0.00301445
 1.06146e-16 9.02154e-07 8.76934e-06 5.82792e-05 0.000264978 0.000824869 0.0017604 0.002586 0.00266539 0.00214834 0.00212761 0.00402837 0.00950733 0.0206439 0.039213 0.0648812 0.0935872 0.117929 0.130315 0.127167 0.110985 0.0885293 0.0666979 0.0493449 0.0368722 0.0278519
 1.04017e-16 7.42962e-05 0.000722186 0.00479918 0.0218164 0.0678788 0.144623 0.211082 0.211082 0.144624 0.0678832 0.0218308 0.00484164 0.000835758 0.00035127 0.000623329 0.00126502 0.00237388 0.00408372 0.00643007 0.00925438 0.0121633 0.0145952 0.0159973 0.0160367 0.0147329
 1.06156e-16 3.67053e-05 0.000356789 0.00237099 0.0107782 0.0335353 0.0714522 0.104297 0.104345 0.0716872 0.034324 0.0130551 0.00808182 0.012809 0.0236438 0.0389229 0.0558242 0.0697137 0.0759266 0.0723864 0.0609177 0.0461163 0.0326871 0.0232694 0.0179961 0.0154672
 1.21496e-16 7.65291e-06 7.43891e-05 0.000494343 0.00224724 0.0069922 0.0148991 0.0217539 0.0217935 0.0150928 0.00764426 0.00413845 0.00527111 0.0105998 0.0202829 0.0342634 0.0510857 0.0678367 0.0814152 0.0901951 0.0946308 0.0962319 0.0959004 0.0931898 0.0870153 0.0769441
 1.04499e-16 7.67129e-05 0.000745677 0.00495528 0.022526 0.0700867 0.149327 0.217948 0.217948 0.149331 0.0700979 0.0225591 0.00504105 0.000942111 0.000477349 0.000741546 0.00123823 0.00194127 0.00288968 0.00413089 0.00568122 0.00746779 0.00928923 0.0108384 0.0117923 0.0119278
 1.01631e-16 6.75293e-05 0.000656409 0.00436207 0.0198293 0.0616965 0.131452 0.191861 0.191877 0.13153 0.0619611 0.0205932 0.00627788 0.00483334 0.00798485 0.0130538 0.018706 0.0233344 0.0253584 0.0240673 0.0200628 0.0148872 0.0101384 0.00674188 0.00479444 0.00387357
 1.06889e-16 2.06977e-06 2.01189e-05 0.000133701 0.000607834 0.00189161 0.00403312 0.00590262 0.00597972 0.0044099 0.00315692 0.00426334 0.0093127 0.0200683 0.0381071 0.0630713 0.0910274 0.114811 0.127072 0.124347 0.109045 0.0876826 0.0668872 0.0503247 0.0383325 0.0295107
 1.40243e-16 2.52502e-06 2.45441e-05 0.000163104 0.000741451 0.00230695 0.00491532 0.00717479 0.00717839 0.00493348 0.00237155 0.000944098 0.000732399 0.0014683 0.00333473 0.00705303 0.0137702 0.0248774 0.0415945 0.0642338 0.0913473 0.119293 0.142787 0.156532 0.157245 0.144975
pSPR Fmed_Fpbrs
0.382661   0.172673 0.172673
Fs Fmed_Fpbrs
0.498319   1.005 1.005
SSBpbr Bo_Bmed_Bpbrs
1.64346e+06  546716  201609 201609
Ro
26122.8
SPR SPRFo_SPRFmed_SPRFpbrs
185952 71156.6 32108.9
Fref
1.005
log_Ro
9.99056
likeval ReclasPelacesDesembMPH_pf_preclas_ppelaces_ptallas_desvR_qrecl_qpela
 23.8386 73.1418 1.69593 0.00120468 417.621 162.108 130.805 0 268.895 1.91474e-05 0 7.91691 0 0 0
q_reclas_q_pelaces
1.85905 1
M
1
N
 537092 11335.8 3734.9 406.132 0.041542
 641.409 151886 3205.69 1056.21 114.863
 1689.79 148.579 35183.6 742.58 271.272
 97595 368.406 32.393 7670.7 221.039
 813.462 11287.7 42.6094 3.74655 912.75
 329656 48.3496 670.908 2.53257 54.4737
 829.251 89527.7 13.1308 182.205 15.4817
 236.886 104.532 11285.5 1.65521 24.9195
 69154.6 52.7361 23.2711 2512.4 5.91612
 1038.59 15509.7 11.8274 5.21912 564.794
 35400.9 95.1886 1421.49 1.084 52.2428
 185275 8625.16 23.192 346.335 12.9927
 35257.5 36941.1 1719.72 4.62412 71.6443
 72997.6 4905.25 5139.48 239.259 10.6109
 43369.9 6247.5 419.816 439.863 21.3851
 401841 3908.08 562.965 37.8298 41.5632
 1690.63 92207.2 896.756 129.179 18.2177
 1.19273e+06 359.47 19605.5 190.672 31.3401
 77746.1 370527 111.671 6090.56 68.9693
 11721.9 20041.8 95516.3 28.7872 1587.83
 432575 2138.36 3656.13 17424.6 294.913
 557083 106511 526.519 900.23 4362.99
 1803.14 135536 25913.7 128.1 1280.52
 383004 455.698 34253.4 6549.03 355.994
 103555 116203 138.259 10392.5 2094.98
 6705.63 29174 32737.2 38.9507 3518.02
 234059 1603.28 6975.36 7827.3 850.452
 309430 63327.6 433.788 1887.27 2347.88
 3004.03 95556 19556.4 133.959 1307.87
 1108.96 881.087 28026.8 5735.93 422.891
pred_Ctot
 80222.4 1693.16 557.86 60.6616 0.00620489
 155.864 36908.7 778.989 256.66 27.912
 453.863 39.9071 9450.03 199.451 72.8613
 46296.6 174.762 15.3665 3638.79 104.855
 494.069 6855.78 25.8795 2.27552 554.373
 55910.3 8.2002 113.787 0.429529 9.23886
 374.788 40462.9 5.93457 82.3492 6.99712
 61.5697 27.1691 2933.24 0.430209 6.47689
 17759.2 13.5429 5.97612 645.195 1.51929
 548.632 8192.94 6.24779 2.75699 298.351
 7813.5 21.0095 313.743 0.239255 11.5307
 56345.2 2623.05 7.05305 105.326 3.95127
 14963.6 15678.1 729.863 1.96251 30.4064
 39596.5 2660.79 2787.84 129.783 5.75576
 23065.3 3322.59 223.27 233.931 11.3732
 99287.4 965.613 139.098 9.34704 10.2695
 471.366 25708.3 250.025 36.0164 5.07927
 118906 35.8365 1954.52 19.0086 3.12438
 15137.9 72144.9 21.7434 1185.89 13.4289
 3950.83 6755.05 32193.6 9.70268 535.177
 93412 461.767 789.519 3762.74 63.6847
 123312 23576.5 116.547 199.269 965.763
 367.807 27646.9 5285.91 26.1301 261.203
 43106.6 51.2882 3855.18 737.085 40.0666
 15666.7 17580.2 20.9169 1572.26 316.947
 1536.51 6684.85 7501.31 8.92505 806.107
 40127.9 274.873 1195.88 1341.94 145.805
 31856.5 6519.72 44.6595 194.299 241.719
 392.122 12473.1 2552.74 17.486 170.719
 333.637 265.079 8431.98 1725.68 127.229
F
 0.263038 0.263038 0.263038 0.263038 0.263038
 0.462551 0.462551 0.462551 0.462551 0.462551
 0.523173 0.523173 0.523173 0.523173 0.523173
 1.15711 1.15711 1.15711 1.15711 1.15711
 1.82284 1.82284 1.82284 1.82284 1.82284
 0.303501 0.303501 0.303501 0.303501 0.303501
 1.07103 1.07103 1.07103 1.07103 1.07103
 0.50228 0.50228 0.50228 0.50228 0.50228
 0.494883 0.494883 0.494883 0.494883 0.494883
 1.38976 1.38976 1.38976 1.38976 1.38976
 0.412055 0.412055 0.412055 0.412055 0.412055
 0.61252 0.61252 0.61252 0.61252 0.61252
 0.972372 0.972372 0.972372 0.972372 0.972372
 1.45824 1.45824 1.45824 1.45824 1.45824
 1.40672 1.40672 1.40672 1.40672 1.40672
 0.472018 0.472018 0.472018 0.472018 0.472018
 0.548229 0.548229 0.548229 0.548229 0.548229
 0.16907 0.16907 0.16907 0.16907 0.16907
 0.355629 0.355629 0.355629 0.355629 0.355629
 0.701415 0.701415 0.701415 0.701415 0.701415
 0.40151 0.40151 0.40151 0.40151 0.40151
 0.413475 0.413475 0.413475 0.413475 0.413475
 0.375454 0.375454 0.375454 0.375454 0.375454
 0.192703 0.192703 0.192703 0.192703 0.192703
 0.266828 0.266828 0.266828 0.266828 0.266828
 0.430896 0.430896 0.430896 0.430896 0.430896
 0.307251 0.307251 0.307251 0.307251 0.307251
 0.175019 0.175019 0.175019 0.175019 0.175019
 0.226553 0.226553 0.226553 0.226553 0.226553
 0.604048 0.604048 0.604048 0.604048 0.604048
nmprior
 8 8 7 0
nm_flota  nm_reclas  nm_pelaces    nm_pelaL
inf 3.90639 2.26314 2.66473
cv_recla  cv_pelaces  cv_mph
0.452029 1.00635 1.07113
 ------------------------------------------------
Talla a la edad & desviación 
 8 13.2811 15.8009 17.003 17.5766
 0.8 1.32811 1.58009 1.7003 1.75766
