years
 1991 1992 1993 1994 1995 1996 1997 1998 1999 2000 2001 2002 2003 2004 2005 2006 2007 2008 2009 2010 2011 2012 2013 2014 2015 2016 2017 2018 2019 2020
reclasobs
 0 0 0 0 0 0 0 0 0 252601 567819 844713 477998 351125 339783 2.1784e+06 2.13404e+06 4.81314e+06 1.55562e+06 2.62356e+06 3.21686e+06 3.843e+06 1.13348e+06 3.07943e+06 1.97215e+06 2.03268e+06 2.025e+06 2.42433e+06 2.27542e+06 1.05018e+06
reclaspred
 4.08583e+06 1.38174e+06 875779 471981 60579.7 1.80137e+06 584354 138808 634644 186400 283832 674690 538956 411028 291598 1.8635e+06 1.14158e+06 5.38598e+06 4.08536e+06 1.69739e+06 3.73955e+06 3.50999e+06 1.96072e+06 3.88556e+06 2.51377e+06 1.47402e+06 2.48557e+06 3.55614e+06 2.48536e+06 858596
pelacesobs
 0 0 0 0 0 0 0 0 0 0 0 0 0 0 0 552880 188675 0 991730 2.46772e+06 1.41603e+06 1.21717e+06 2.29649e+06 1.80582e+06 0 1.4828e+06 1.56532e+06 1.57751e+06 1.42118e+06 867257
pelacespred
 1.03301e+06 352590 182567 65184.2 7006.23 412271 93334.5 28732.2 134542 28374.3 62216.2 123460 104135 78879.3 53753.8 359751 217156 1.31462e+06 971256 384527 840025 766880 432319 1.00813e+06 612326 350538 698707 973208 565238 223924
mphobs
 0 0 0 0 0 0 0 0 0 0 0 498337 0 5186 125008 0 168611 109162 213762 579715 649985 157893 87575 83554 0 0 0 0 0 0
mphpred
 2.3248e+06 1.04951e+06 247518 254247 64088.7 6025.56 467294 91416 25808.4 142146 22961 84936.5 159219 90653.2 50042.9 48760.6 585743 309966 1.64045e+06 1.01083e+06 526989 973416 1.04605e+06 580452 1.10237e+06 733554 378662 648679 1.26271e+06 629401
desembarqueobs
 494567 514787 250237 358949 120608 361735 552515 73892 212993 205616 52469 317467 293654 387597 252695 516296 358380 742168 942051 627588 828172 859565 418607 520667 417249 300574 407403 355545 319650 289779
desembarquepred
 494512 514406 249976 358446 120465 361508 551695 73854.2 212815 205365 52451.4 317134 293277 386833 252335 515847 358208 741696 940657 626328 827553 858647 418310 520410 416922 300286 407128 355348 319450 289520
Reclutas
 6488.26 4027.94 205566 12789.6 3761.17 287311 5069.59 1365.24 64758.2 6338.81 45583.6 138057 71231.2 69858.3 44132.8 390811 8062.52 809569 284483 69082.7 404293 517337 10367.9 292214 158416 28543.8 227586 291612 11176.2 4748.2
log_desv_Rt
 -1.9806 -2.45734 1.47517 -1.30196 -2.52586 1.80997 -2.22733 -3.53927 0.320066 -2.0039 -0.0310462 1.07707 0.415336 0.395874 -0.0633918 2.11763 -1.76337 2.84591 1.80008 0.384709 2.15155 2.3981 -1.51188 1.82689 1.21463 -0.499156 1.57693 1.82483 -1.43681 -2.29283
SSB
 2.3248e+06 1.04951e+06 247518 254247 64088.7 6025.56 467294 91416 25808.4 142146 22961 84936.5 159219 90653.2 50042.9 48760.6 585743 309966 1.64045e+06 1.01083e+06 526989 973416 1.04605e+06 580452 1.10237e+06 733554 378662 648679 1.26271e+06 629401
BT
 2.84121e+06 1.37678e+06 650854 403548 122186 1.27186e+06 704192 136815 500919 246772 188570 546053 500402 584089 374119 1.23639e+06 784262 3.70404e+06 3.12399e+06 1.50819e+06 2.65223e+06 2.53663e+06 1.35827e+06 2.82071e+06 1.80749e+06 1.08654e+06 2.0435e+06 2.59844e+06 1.57182e+06 835245
Ftot
 0.220114 0.643515 0.643551 1.26788 2.54489 0.531525 1.48223 0.913684 0.845195 1.72185 0.468192 1.08426 1.11885 1.9233 1.84729 0.711532 0.56898 0.352886 0.468873 0.683248 0.51491 0.540386 0.391133 0.319106 0.337304 0.387775 0.39466 0.240313 0.238555 0.593122
BD_Bspro_t
 0.965507 0.725263 0.384523 0.408563 0.122328 0.0190114 0.470928 0.134077 0.0625818 0.277465 0.0846552 0.347888 0.327432 0.187131 0.108178 0.110717 0.462657 0.312715 0.633438 0.479974 0.302103 0.439678 0.480519 0.37817 0.562348 0.523381 0.432847 0.589234 0.712576 0.55263
BD_Bspro
 6.94562 3.13553 0.739492 0.759595 0.191473 0.0180021 1.3961 0.273117 0.0771059 0.424678 0.068599 0.253758 0.475686 0.270838 0.149509 0.145678 1.74998 0.926063 4.90104 3.01998 1.57445 2.9082 3.1252 1.73417 3.29348 2.19158 1.1313 1.93801 3.77249 1.88041
BD_Bo
 1.36807 0.6176 0.145656 0.149616 0.037714 0.00354584 0.274987 0.0537953 0.0151874 0.083648 0.0135118 0.0499823 0.0936949 0.0533464 0.0294486 0.028694 0.344691 0.182405 0.965349 0.594841 0.310116 0.572823 0.615564 0.341577 0.64871 0.431672 0.22283 0.381726 0.74306 0.370382
BD_Brms
 7.09721 3.20397 0.755631 0.776173 0.195652 0.018395 1.42657 0.279077 0.0787888 0.433946 0.0700962 0.259297 0.486068 0.276749 0.152772 0.148858 1.78818 0.946274 5.00801 3.0859 1.60881 2.97167 3.1934 1.77202 3.36536 2.23942 1.15599 1.98031 3.85483 1.92145
Sel_flota
 0.670389 0.974775 0.99864 0.999928 0.999996
 0.670389 0.974775 0.99864 0.999928 0.999996
 0.670389 0.974775 0.99864 0.999928 0.999996
 0.670389 0.974775 0.99864 0.999928 0.999996
 0.670389 0.974775 0.99864 0.999928 0.999996
 0.670389 0.974775 0.99864 0.999928 0.999996
 0.670389 0.974775 0.99864 0.999928 0.999996
 0.670389 0.974775 0.99864 0.999928 0.999996
 0.670389 0.974775 0.99864 0.999928 0.999996
 0.670389 0.974775 0.99864 0.999928 0.999996
 0.670389 0.974775 0.99864 0.999928 0.999996
 0.670389 0.974775 0.99864 0.999928 0.999996
 0.670389 0.974775 0.99864 0.999928 0.999996
 0.670389 0.974775 0.99864 0.999928 0.999996
 0.670389 0.974775 0.99864 0.999928 0.999996
 0.670389 0.974775 0.99864 0.999928 0.999996
 0.670389 0.974775 0.99864 0.999928 0.999996
 0.670389 0.974775 0.99864 0.999928 0.999996
 0.670389 0.974775 0.99864 0.999928 0.999996
 0.670389 0.974775 0.99864 0.999928 0.999996
 0.670389 0.974775 0.99864 0.999928 0.999996
 0.670389 0.974775 0.99864 0.999928 0.999996
 0.670389 0.974775 0.99864 0.999928 0.999996
 0.670389 0.974775 0.99864 0.999928 0.999996
 0.670389 0.974775 0.99864 0.999928 0.999996
 0.670389 0.974775 0.99864 0.999928 0.999996
 0.670389 0.974775 0.99864 0.999928 0.999996
 0.670389 0.974775 0.99864 0.999928 0.999996
 0.670389 0.974775 0.99864 0.999928 0.999996
 0.670389 0.974775 0.99864 0.999928 0.999996
Sel_reclas
 1 1 1 1 1
 1 1 1 1 1
 1 1 1 1 1
 1 1 1 1 1
 1 1 1 1 1
 1 1 1 1 1
 1 1 1 1 1
 1 1 1 1 1
 1 1 1 1 1
 1 1 1 1 1
 1 1 1 1 1
 1 1 1 1 1
 1 1 1 1 1
 1 1 1 1 1
 1 1 1 1 1
 1 1 1 1 1
 1 1 1 1 1
 1 1 1 1 1
 1 1 1 1 1
 1 1 1 1 1
 1 1 1 1 1
 1 1 1 1 1
 1 1 1 1 1
 1 1 1 1 1
 1 1 1 1 1
 1 1 1 1 1
 1 1 1 1 1
 1 1 1 1 1
 1 1 1 1 1
 1 1 1 1 1
Sel_pelaces
 1 1 1 1 1
 1 1 1 1 1
 1 1 1 1 1
 1 1 1 1 1
 1 1 1 1 1
 1 1 1 1 1
 1 1 1 1 1
 1 1 1 1 1
 1 1 1 1 1
 1 1 1 1 1
 1 1 1 1 1
 1 1 1 1 1
 1 1 1 1 1
 1 1 1 1 1
 1 1 1 1 1
 1 1 1 1 1
 1 1 1 1 1
 1 1 1 1 1
 1 1 1 1 1
 1 1 1 1 1
 1 1 1 1 1
 1 1 1 1 1
 1 1 1 1 1
 1 1 1 1 1
 1 1 1 1 1
 1 1 1 1 1
 1 1 1 1 1
 1 1 1 1 1
 1 1 1 1 1
 1 1 1 1 1
pf_obs 
 0.8446 0.082 0.0669 0.0065 0
 0.8095 0.147 0.0364 0.0071 0
 0.9664 0.0169 0.016 0.0007 0
 0.9276 0.0648 0.0075 0.0001 0
 0.7033 0.2144 0.0806 0.0017 0
 0.9318 0.0425 0.0243 0.0014 0
 0.5671 0.3108 0.0964 0.0239 0.0018
 0.0768 0.2599 0.5324 0.112 0.0189
 0.490249 0.384438 0.106611 0.0170017 0.00170017
 0.7925 0.1577 0.0466 0.003 0.0002
 0.840416 0.127587 0.0312969 0.00059994 9.999e-05
 0.8084 0.0986 0.0794 0.0134 0.0002
 0.7335 0.1905 0.0724 0.0035 0.0001
 0.4001 0.4547 0.1325 0.0127 0
 0.49795 0.308269 0.164784 0.0264974 0.00249975
 0.9179 0.0499 0.0305 0.0017 0
 0.2467 0.6533 0.0926 0.0074 0
 0.9418 0.0223 0.034 0.0019 0
 0.707729 0.231977 0.0356964 0.0245975 0
 0.517169 0.277429 0.184464 0.0207286 0.00020938
 0.811772 0.124168 0.05621 0.00726502 0.000585176
 0.764997 0.148141 0.077277 0.00933861 0.000247198
 0.163321 0.427699 0.378323 0.0303852 0.000271297
 0.753843 0.0900009 0.118128 0.0371064 0.000921714
 0.721811 0.176058 0.0630433 0.0369309 0.00215725
 0.143369 0.312575 0.442814 0.0836902 0.0175525
 0.692698 0.0596174 0.167031 0.0765114 0.00414204
 0.394062 0.376323 0.152708 0.0712218 0.00568511
 0.125707 0.32114 0.495352 0.0537591 0.00404204
 0.23352 0.215282 0.420074 0.123614 0.00750983
pf_pred 
 0.0309227 0.181739 0.706253 0.0810843 6.08102e-07
 0.062707 0.0432977 0.171298 0.648364 0.0743339
 0.940687 0.0059485 0.00254709 0.00975098 0.0410662
 0.164428 0.805187 0.00314425 0.00130249 0.025938
 0.299318 0.187902 0.494948 0.00184938 0.0159825
 0.997745 0.00119219 0.000299541 0.000736806 2.64431e-05
 0.05174 0.946931 0.000713664 0.000173769 0.00044203
 0.125612 0.0835468 0.789785 0.000567553 0.000488425
 0.973243 0.00541515 0.00210934 0.0192071 2.5628e-05
 0.272549 0.716162 0.0023554 0.000884549 0.00804943
 0.951295 0.021109 0.0271905 8.48994e-05 0.00032108
 0.893955 0.102735 0.00145922 0.00182357 2.71817e-05
 0.678094 0.301755 0.0195466 0.000266616 0.00033742
 0.786017 0.169318 0.0419761 0.00260899 8.04401e-05
 0.819401 0.16058 0.0160245 0.00375511 0.000239862
 0.982483 0.0158663 0.00147671 0.000139549 3.4688e-05
 0.061628 0.928275 0.00917446 0.000825372 9.72067e-05
 0.964346 0.00336228 0.0319548 0.000306007 3.07197e-05
 0.462163 0.525389 0.00120433 0.0111269 0.000117073
 0.277888 0.413497 0.30169 0.000671024 0.00625478
 0.876967 0.0477303 0.0437359 0.0308594 0.0007071
 0.767899 0.213399 0.00739555 0.00657115 0.00473492
 0.0452057 0.801511 0.141293 0.00474657 0.00724404
 0.828456 0.0116385 0.13485 0.0230976 0.00195703
 0.535581 0.409668 0.00381243 0.0429666 0.00797116
 0.219801 0.49687 0.250783 0.00226942 0.0302759
 0.860122 0.0424446 0.0627 0.0307493 0.00398403
 0.744312 0.231573 0.00746791 0.0107187 0.00592855
 0.0657967 0.759163 0.158937 0.00499164 0.0111112
 0.0869553 0.0871097 0.674515 0.137509 0.0139112
pobs_RECLAS
 0 0 0 0 0
 0 0 0 0 0
 0 0 0 0 0
 0 0 0 0 0
 0 0 0 0 0
 0 0 0 0 0
 0 0 0 0 0
 0 0 0 0 0
 0 0 0 0 0
 0 0 0 0 0
 0.991045 0.00858322 0.000360255 1.14367e-05 0
 0.934742 0.0480273 0.0164251 0.00080598 0
 0.827803 0.169806 0.00239088 0 0
 0.941827 0.0461693 0.0120037 0 0
 0.791401 0.0380133 0.147996 0.0225897 0
 0.846168 0.0940531 0.0597789 0 0
 0.134021 0.677848 0.182769 0.00536245 0
 0.80878 0.0450904 0.141981 0.00414843 0
 0.846168 0.0940531 0.0597789 0 0
 0.905697 0.0802665 0.012482 0.00150086 5.37128e-05
 0.989698 0.0102097 9.19794e-05 0 0
 0.975433 0.0193895 0.00387452 0.00125025 5.28907e-05
 0.303575 0.632131 0.0575291 0.00676475 0
 0.966965 0.00978017 0.0227588 0.000495775 0
 0.843318 0.132988 0.00938335 0.0141283 0.000182051
 0.564624 0.303363 0.111486 0.0197234 0.00080311
 0.826376 0.0876187 0.0782897 0.00655872 0.00115652
 0.89761 0.0855135 0.0140674 0.00269457 0.000114338
 0.34875 0.467042 0.161289 0.0227151 0.000203297
 0.318654 0.224769 0.449479 0.00709798 0
ppred_RECLAS
 0.0454806 0.18265 0.692471 0.0793973 5.95409e-07
 0.0927857 0.0430143 0.165777 0.626591 0.0718324
 0.96034 0.00407727 0.00170071 0.00650171 0.0273799
 0.233496 0.739449 0.00280379 0.00115963 0.0230911
 0.431872 0.156765 0.397088 0.00148061 0.0127941
 0.998496 0.000805298 0.000197191 0.000484382 1.73827e-05
 0.0789464 0.919802 0.00067219 0.000163401 0.000415619
 0.182049 0.0801166 0.736851 0.000528738 0.000454986
 0.982458 0.00363122 0.00137663 0.0125171 1.67002e-05
 0.375093 0.615528 0.00195974 0.000734684 0.00668504
 0.966969 0.0145232 0.0182363 5.68634e-05 0.000215036
 0.927988 0.0698266 0.000964062 0.00120296 1.79295e-05
 0.763605 0.221989 0.0139748 0.000190326 0.000240851
 0.857687 0.1134 0.0271743 0.00168592 5.19752e-05
 0.880527 0.106622 0.0102904 0.00240711 0.000153743
 0.98824 0.0106783 0.000967873 9.13346e-05 2.27016e-05
 0.088835 0.90161 0.00868321 0.000780099 9.18681e-05
 0.976012 0.00231418 0.0214484 0.00020512 2.05903e-05
 0.55954 0.430528 0.000962031 0.0088762 9.33854e-05
 0.367399 0.366319 0.260315 0.000578183 0.00538899
 0.914694 0.0336275 0.0300323 0.0211613 0.000484846
 0.830911 0.155794 0.00526182 0.00466885 0.00336395
 0.0654271 0.7877 0.135398 0.00454243 0.006932
 0.878948 0.00840796 0.095014 0.0162526 0.00137697
 0.629629 0.327711 0.00297426 0.0334756 0.00620994
 0.295104 0.453037 0.222965 0.00201496 0.0268794
 0.902154 0.0302251 0.0435362 0.0213222 0.00276242
 0.810364 0.172162 0.0054162 0.00776362 0.00429378
 0.0938857 0.739744 0.151084 0.00473874 0.0105475
 0.126558 0.0853304 0.64379 0.131063 0.0132582
pobs_PELACES
 0 0 0 0 0
 0 0 0 0 0
 0 0 0 0 0
 0 0 0 0 0
 0 0 0 0 0
 0 0 0 0 0
 0 0 0 0 0
 0 0 0 0 0
 0 0 0 0 0
 0 0 0 0 0
 0 0 0 0 0
 0 0 0 0 0
 0 0 0 0 0
 0 0 0 0 0
 0 0 0 0 0
 0 0 0 0 0
 0.505614 0.472636 0.0217494 0 0
 0 0 0 0 0
 0.443492 0.261883 0.143347 0.151278 0
 0.227955 0.32914 0.350689 0.0885471 0.00366901
 0.970185 0.0296113 0.000203453 0 0
 0.997202 0.00247181 0.000326279 0 0
 0.445219 0.490057 0.0546422 0.010081 0
 0.90214 0.0892962 0.00764917 0.000914606 0
 0 0 0 0 0
 0.581667 0.319106 0.0959925 0.00289975 0.000334073
 0.762889 0.0836404 0.116647 0.0363945 0.000428098
 0.88444 0.0763242 0.0277011 0.0115352 0
 0.521256 0.241999 0.230069 0.00667565 0
 0.616807 0.101726 0.260614 0.0208532 0
ppred_PELACES
 0.0465126 0.18271 0.691498 0.0792783 5.94514e-07
 0.0988198 0.042944 0.164669 0.622235 0.071332
 0.962902 0.00383223 0.00159042 0.00607841 0.025597
 0.257128 0.716915 0.00269134 0.00111252 0.0221524
 0.498978 0.140268 0.34825 0.00129711 0.0112078
 0.998577 0.000763493 0.000186173 0.000457215 1.64075e-05
 0.0904751 0.908304 0.000656084 0.000159385 0.000405392
 0.197141 0.0791503 0.722745 0.000518414 0.000446093
 0.983951 0.00334073 0.0012581 0.0114352 1.52565e-05
 0.416474 0.574889 0.0018057 0.000676441 0.00615483
 0.968501 0.0138779 0.0173619 5.41263e-05 0.000204683
 0.934952 0.0630911 0.000863662 0.00107718 1.60545e-05
 0.783379 0.203529 0.0127003 0.000172886 0.000218776
 0.880004 0.0959111 0.0226379 0.00140333 4.32612e-05
 0.898854 0.0904079 0.00859958 0.00201 0.000128374
 0.989048 0.00994987 0.000896809 8.4603e-05 2.10281e-05
 0.0935752 0.896962 0.00859982 0.000772421 9.09627e-05
 0.976885 0.00223558 0.0206624 0.000197574 1.98327e-05
 0.571134 0.419232 0.000933337 0.00860974 9.0581e-05
 0.384026 0.3575 0.252684 0.000561072 0.00522942
 0.918832 0.0320769 0.0285315 0.0200994 0.000460512
 0.838448 0.148901 0.00500767 0.00444231 0.0032007
 0.0679016 0.785996 0.13469 0.00451791 0.00689452
 0.882562 0.00817621 0.0921632 0.0157628 0.00133546
 0.637569 0.320789 0.00290371 0.0326768 0.00606173
 0.303503 0.44813 0.219877 0.00198674 0.0265026
 0.905785 0.0291673 0.0418821 0.0205087 0.002657
 0.814073 0.168825 0.00530118 0.00759797 0.00420215
 0.0959742 0.738295 0.150505 0.0047201 0.010506
 0.133784 0.0849853 0.638199 0.129892 0.0131396
pobs_pel_tallas
 0 0 0 0 0 0 0 0 0 0 0 0 0 0 0 0 0 0 0 0 0 0 0 0 0 0
 0 0 0 0 0 0 0 0 0 0 0 0 0 0 0 0 0 0 0 0 0 0 0 0 0 0
 0 0 0 0 0 0 0 0 0 0 0 0 0 0 0 0 0 0 0 0 0 0 0 0 0 0
 0 0 0 0 0 0 0 0 0 0 0 0 0 0 0 0 0 0 0 0 0 0 0 0 0 0
 0 0 0 0 0 0 0 0 0 0 0 0 0 0 0 0 0 0 0 0 0 0 0 0 0 0
 0 0 0 0 0 0 0 0 0 0 0 0 0 0 0 0 0 0 0 0 0 0 0 0 0 0
 0 0 0 0 0 0 0 0 0 0 0 0 0 0 0 0 0 0 0 0 0 0 0 0 0 0
 0 0 0 0 0 0 0 0 0 0 0 0 0 0 0 0 0 0 0 0 0 0 0 0 0 0
 0 0 0 0 0 0 0 0 0 0 0 0 0 0 0 0 0 0 0 0 0 0 0 0 0 0
 0 0 0 0 0 0 0 0 0 0 0 0 0 0 0 0 0 0 0 0 0 0 0 0 0 0
 0 0 0 0 0 0 0 0 0 0 0 0 0 0 0 0 0 0 0 0 0 0 0 0 0 0
 0 0 0 0 0 0 0 0 0 0 0 0 0 0 0 0 0 0 0 0 0 0 0 0 0 0
 0.00862536 0 0 0.000197151 0.00414017 0.0128641 0.00837892 0.0270097 0.101434 0.158115 0.152841 0.127902 0.109271 0.109419 0.0830992 0.0579132 0.0238553 0.00714673 0.00463305 0.00128148 0.00103504 0.000492878 0.000147863 0.000147863 4.92878e-05 0
 0 0 0 0 0 0 0 0 0 0 0 0 0 0 0 0 0 0 0 0 0 0 0 0 0 0
 0 0 0 0 0 0 0 0.0054083 0.00873648 0.0413646 0.0450493 0.0745869 0.0622846 0.0627006 0.0613931 0.0827291 0.12552 0.122667 0.0946155 0.0697135 0.0546179 0.0294188 0.0215738 0.0213955 0.0102223 0.00600262
 0 0 0 0 0.00359764 0.0251062 0.0480494 0.140153 0.205849 0.193036 0.1447 0.116669 0.0760912 0.0342217 0.00950174 0.001854 0.000860785 0 0 0 0.000165536 0 0.000143464 0 0 0
 0 0 0 0 0 0 0 0.000145254 0.000435761 0.0275982 0.070085 0.0708112 0.156366 0.174668 0.174014 0.160142 0.0824315 0.0480064 0.0283245 0.00493863 0.00203355 0 0 0 0 0
 0 0 0 0 0 0 0 0 0 0 0 0 0 0 0 0 0 0 0 0 0 0 0 0 0 0
 0 0 1.00437e-05 0.000401748 0.00122533 0.00171747 0.00176769 0.0269171 0.070346 0.194647 0.189555 0.159765 0.064822 0.0314167 0.0384472 0.0292271 0.0345202 0.0313363 0.0194345 0.0106764 0.0143323 0.0359363 0.0279516 0.0138201 0.00172751 0
 0 0.0021121 0.0136068 0.0755702 0.200478 0.177729 0.0527432 0.0373336 0.0318909 0.0142505 0.0149659 0.0166563 0.0217959 0.0798694 0.0677717 0.0528807 0.04013 0.0224614 0.0357745 0.0225083 0.00881397 0.00855152 0.00135912 0.000746735 0 0
 0 0 0 0 5.4009e-05 0.00500934 0.000945158 0.0243581 0.138947 0.33067 0.221406 0.137944 0.0707744 0.0437923 0.0131692 0.00525238 0.0047753 0.00276346 9.45158e-05 9.00151e-06 2.25038e-05 9.00151e-06 4.50075e-06 0 0 0
 0.000866109 0.00284123 0.00948549 0.0512746 0.133035 0.25785 0.225252 0.132002 0.0553304 0.0519788 0.0540692 0.017754 0.00435017 0.00159236 0.00146478 0.000404838 0.000125132 0.000115318 0.000107957 0.000100596 0 0 0 0 0 0
 0 0 0 0 0.00144013 0.00171154 0.00461396 0.0210425 0.0478622 0.0707936 0.0888783 0.103762 0.0637923 0.0337046 0.0602308 0.124433 0.169614 0.0934646 0.0462172 0.0250306 0.0313229 0.00938855 0.002487 0.000210481 0 0
 0 0.00764035 0.051015 0.0998891 0.058973 0.0496711 0.0374665 0.0718981 0.12319 0.153886 0.159021 0.0857701 0.0377988 0.023471 0.0147837 0.00900784 0.00315554 0.000888139 0.00291439 0.00214683 0.00393193 0.00274676 0.000635225 9.99891e-05 0 0
 0 0 0 0 0 0 0 0 0 0 0 0 0 0 0 0 0 0 0 0 0 0 0 0 0 0
 0 0 0 0 0 0 0 0 0 0 0 0 0 0 0 0 0 0 0 0 0 0 0 0 0 0
 0 0 0 0 0 0 0 0 0 0 0 0 0 0 0 0 0 0 0 0 0 0 0 0 0 0
 0 0 0 0 0 0 0 0 0 0 0 0 0 0 0 0 0 0 0 0 0 0 0 0 0 0
 0 0 0 0 0 0 0 0 0 0 0 0 0 0 0 0 0 0 0 0 0 0 0 0 0 0
 0 0 0 0 0 0 0 0 0 0 0 0 0 0 0 0 0 0 0 0 0 0 0 0 0 0
ppred_pel_tallas
 1.27953e-16 3.83122e-06 3.72408e-05 0.000247479 0.00112502 0.00350044 0.00745875 0.0108902 0.0109088 0.00755044 0.00381135 0.00203647 0.00258607 0.00531015 0.0105093 0.0186487 0.0298453 0.0437418 0.0597605 0.0773193 0.0955547 0.112667 0.125652 0.131096 0.126774 0.112966
 1.79236e-16 8.13967e-06 7.91204e-05 0.000525783 0.00239014 0.00743663 0.0158447 0.0231268 0.0231314 0.0158675 0.00751474 0.00262262 0.00113624 0.00150426 0.00299867 0.00572653 0.0101906 0.0171771 0.0277962 0.0433506 0.0647993 0.0918809 0.12233 0.151784 0.174704 0.186074
 1.04989e-16 7.9313e-05 0.00077095 0.00512324 0.0232895 0.0724622 0.154388 0.225335 0.225335 0.15439 0.0724685 0.0233077 0.00516949 0.000873963 0.000281476 0.000358611 0.00055806 0.000818562 0.00115541 0.00162277 0.00230383 0.00327319 0.00454066 0.00600706 0.00746096 0.00862639
 1.04122e-16 2.11795e-05 0.000205872 0.0013681 0.0062192 0.0193506 0.0412311 0.0601924 0.0602614 0.0415679 0.020481 0.00948216 0.00955098 0.0180441 0.0338257 0.0556957 0.0797836 0.099401 0.107762 0.101779 0.0839821 0.0609639 0.0396183 0.0240374 0.0148224 0.0103525
 1.12113e-16 4.11002e-05 0.000399508 0.00265487 0.0120687 0.0375502 0.0800052 0.116773 0.116787 0.080074 0.0377826 0.0127464 0.00438023 0.0042461 0.00758049 0.0130752 0.0202418 0.0283788 0.0366803 0.0445853 0.0517906 0.0578494 0.0618124 0.0624208 0.058824 0.0512524
 1.00055e-16 8.22514e-05 0.000799513 0.00531305 0.0241523 0.0751469 0.160108 0.233683 0.233683 0.160109 0.0751481 0.0241558 0.00532187 0.000818826 0.000119098 6.71598e-05 8.98554e-05 0.000115273 0.000132318 0.000138413 0.000136543 0.000132824 0.000132223 0.000135535 0.000139526 0.000139494
 1.00336e-16 7.45251e-06 7.24411e-05 0.000481401 0.00218843 0.00680949 0.0145116 0.0211984 0.0212857 0.0149382 0.00824144 0.00632168 0.0108462 0.0226649 0.0428147 0.0705073 0.100952 0.125655 0.135967 0.127909 0.104624 0.0744266 0.046074 0.0248587 0.0117378 0.00490686
 1.21005e-16 1.62382e-05 0.000157841 0.00104891 0.0047682 0.0148357 0.0316093 0.0461366 0.0461453 0.0316525 0.0149837 0.00520974 0.00220962 0.00286457 0.00566159 0.010645 0.0183707 0.0293922 0.0440176 0.061955 0.0817813 0.100586 0.114362 0.119342 0.113699 0.0985497
 1.01187e-16 8.10467e-05 0.000787803 0.00523523 0.0237986 0.0740462 0.157763 0.23026 0.230261 0.157765 0.0740516 0.0238142 0.00527486 0.000875431 0.000250932 0.000296286 0.000443571 0.000614175 0.000794541 0.000994101 0.00124023 0.00155801 0.00194214 0.00234165 0.00267047 0.00283972
 1.01309e-16 3.43046e-05 0.000333453 0.00221591 0.0100733 0.0313419 0.0667793 0.0974779 0.0975332 0.0670494 0.0322483 0.0126896 0.00877692 0.0146354 0.0271351 0.0446454 0.0639352 0.079614 0.0862193 0.0812471 0.0666986 0.0478409 0.0302053 0.0171122 0.00912132 0.00503654
 1.00545e-16 7.97742e-05 0.000775433 0.00515303 0.0234249 0.0728836 0.155286 0.226645 0.226647 0.155293 0.0729061 0.02349 0.00531759 0.00113839 0.00077993 0.00119124 0.00177337 0.00236447 0.00285348 0.00318121 0.00335545 0.00341632 0.00338295 0.00323389 0.00293641 0.00249153
 1.00152e-16 7.70108e-05 0.000748572 0.00497453 0.0226135 0.0703589 0.149907 0.218795 0.218802 0.149937 0.0704584 0.0229007 0.00569486 0.00231899 0.00305343 0.0049101 0.00702838 0.00875999 0.00950274 0.0089823 0.00741671 0.0053795 0.00347081 0.00204761 0.0011663 0.000695216
 1.00473e-16 6.45259e-05 0.000627215 0.00416806 0.0189474 0.0589526 0.125605 0.183329 0.183348 0.125701 0.0592738 0.019875 0.00649506 0.00570252 0.00969003 0.015882 0.0227885 0.0284788 0.0310302 0.0295523 0.0247203 0.0183345 0.012274 0.0076501 0.00464238 0.00286661
 1.00826e-16 7.24848e-05 0.000704578 0.00468217 0.0212845 0.0662239 0.141097 0.205938 0.205947 0.141143 0.0663759 0.0217235 0.00578479 0.00311363 0.00465354 0.00759347 0.0109657 0.0138586 0.0153902 0.0151449 0.0134035 0.0109308 0.00849888 0.00652703 0.00504647 0.00389639
 1.00495e-16 7.40374e-05 0.00071967 0.00478246 0.0217404 0.0676425 0.14412 0.210349 0.210357 0.144162 0.0677853 0.0221528 0.00581735 0.0029777 0.00435909 0.0070804 0.0101714 0.0127463 0.013956 0.0134095 0.0114028 0.00872099 0.0061743 0.00422833 0.0029403 0.00213021
 1.00041e-16 8.14665e-05 0.000791884 0.00526235 0.0239219 0.0744298 0.158581 0.231453 0.231454 0.158585 0.0744455 0.0239672 0.00537621 0.0010403 0.000552822 0.00078381 0.00111837 0.00140015 0.00153098 0.0014673 0.0012416 0.00094054 0.000653957 0.00043412 0.000288441 0.000197969
 1.00571e-16 7.70785e-06 7.49231e-05 0.000497895 0.00226341 0.00704277 0.0150086 0.0219235 0.0220098 0.0154299 0.0084571 0.00634595 0.0107361 0.0223935 0.0423018 0.0696772 0.0997988 0.124293 0.134631 0.126885 0.10414 0.0745658 0.046757 0.0258907 0.0128885 0.00598074
 1.00621e-16 8.04647e-05 0.000782145 0.00519763 0.0236277 0.0735145 0.15663 0.228607 0.228607 0.156632 0.0735187 0.0236402 0.00523052 0.000858903 0.000240724 0.000308221 0.000523346 0.000838499 0.00125825 0.00177455 0.00234691 0.00289192 0.00329425 0.00344503 0.00329061 0.00286153
 1.01013e-16 4.70436e-05 0.000457281 0.00303879 0.0138139 0.0429805 0.091576 0.133666 0.133707 0.091773 0.0436415 0.015722 0.00782373 0.010888 0.0198134 0.0325673 0.0466445 0.0581015 0.0629607 0.0594033 0.0488919 0.0352618 0.0225286 0.0130848 0.00730673 0.00430051
 1.08325e-16 3.16318e-05 0.000307472 0.00204326 0.00928839 0.0288998 0.0615754 0.0898783 0.0899131 0.0617454 0.0294716 0.0109437 0.00621299 0.00945835 0.0175517 0.0293318 0.0430951 0.0559371 0.0648323 0.0682455 0.0668334 0.0626087 0.0573501 0.051647 0.0451751 0.0376228
 1.02926e-16 7.56829e-05 0.000735665 0.00488875 0.0222236 0.0691458 0.147323 0.215022 0.215025 0.147338 0.0691974 0.0223733 0.00526684 0.00156841 0.00167917 0.00271448 0.00404155 0.0053786 0.00649565 0.00729757 0.00786236 0.00834246 0.0088076 0.00916588 0.0092217 0.00880964
 1.0117e-16 6.90619e-05 0.000671306 0.00446106 0.0202794 0.0630967 0.134435 0.196214 0.196229 0.134505 0.0633316 0.0209577 0.00616253 0.00438176 0.00710463 0.0116069 0.0166459 0.0207929 0.0226467 0.0215715 0.0180862 0.0135351 0.0093102 0.00621636 0.00434407 0.0033459
 1.05708e-16 5.59313e-06 5.43673e-05 0.000361293 0.00164243 0.00511063 0.0108915 0.0159124 0.0159882 0.0112619 0.00635414 0.00523444 0.00937895 0.0197439 0.0374106 0.0618653 0.0891765 0.112249 0.123815 0.120465 0.104627 0.0828335 0.061766 0.0451759 0.0334631 0.0252135
 1.04469e-16 7.26955e-05 0.000706626 0.00469578 0.0213463 0.0664164 0.141507 0.206534 0.206535 0.141512 0.0664323 0.0213944 0.00482345 0.00100878 0.000715372 0.00124743 0.00220982 0.00365668 0.00567262 0.00826475 0.0112739 0.0143147 0.0168176 0.0182004 0.0181018 0.0165406
 1.04469e-16 5.25158e-05 0.000510472 0.00339227 0.0154208 0.0479799 0.102227 0.14921 0.149241 0.102378 0.048486 0.0168818 0.00705714 0.00850253 0.0152068 0.024996 0.0358658 0.0448307 0.0489077 0.0467741 0.0396015 0.0303264 0.0219403 0.0160986 0.0128481 0.0112634
 1.11144e-16 2.49992e-05 0.000243001 0.00161483 0.00734082 0.0228402 0.0486651 0.0710373 0.0710807 0.0488775 0.0235539 0.00940522 0.00680833 0.0116186 0.0217408 0.0361923 0.0528071 0.067804 0.0772849 0.0793663 0.0751513 0.0676863 0.0598366 0.0528386 0.0464021 0.0397791
 1.03723e-16 7.46083e-05 0.000725219 0.00481934 0.021908 0.068164 0.145231 0.211969 0.211972 0.145245 0.0682115 0.0220461 0.00516913 0.00149971 0.00157774 0.00257535 0.00390395 0.00533679 0.00669571 0.00790518 0.00900788 0.0100665 0.0110335 0.0117129 0.0118536 0.0112972
 1.0167e-16 6.70542e-05 0.00065179 0.00433138 0.0196898 0.0612624 0.130527 0.190511 0.190527 0.130606 0.0615288 0.0204589 0.00626064 0.00485916 0.00804535 0.0131628 0.0188824 0.0235965 0.0257222 0.0245455 0.020661 0.0155964 0.0109254 0.0075472 0.00554227 0.00449207
 1.06784e-16 7.90542e-06 7.68436e-05 0.000510656 0.00232141 0.00722315 0.0153923 0.0224805 0.0225517 0.0157404 0.00839199 0.0056982 0.00898985 0.0185968 0.0352087 0.0582665 0.0840972 0.106083 0.117438 0.114974 0.100925 0.0813136 0.0622562 0.0471213 0.0361918 0.0281427
 1.33689e-16 1.10197e-05 0.000107115 0.000711817 0.00323582 0.0100679 0.021451 0.0313103 0.0313195 0.0214965 0.0102235 0.00369821 0.00192172 0.00291158 0.00581664 0.0108529 0.0185659 0.0294904 0.0440171 0.062125 0.0828537 0.103804 0.121251 0.131203 0.131006 0.120549
pSPR Fmed_Fpbrs
0.374808   0.242761 0.242761
Fs Fmed_Fpbrs
0.642649   1.005 1.005
SSBpbr Bo_Bmed_Bpbrs
1.69933e+06  551956  327565 327565
Ro
47021
SPR SPRFo_SPRFmed_SPRFpbrs
334714 125454 81255.5
Fref
1.005
log_Ro
10.5784
likeval ReclasPelacesDesembMPH_pf_preclas_ppelaces_ptallas_desvR_qrecl_qpela
 16.7842 71.7941 0.162129 0.00162589 324.637 117.555 95.3121 0 134.077 2.11902e-05 0 0.00377982 0 0 0
q_reclas_q_pelaces
1.91996 1
M
1
N
 6488.26 26944.6 102422 11745.2 0.0880789
 4027.94 2059.44 7998.23 30243.7 3467.21
 205566 962.568 404.603 1547.41 6516.57
 12789.6 49123.5 189.102 78.2751 1558.72
 3761.17 2011.07 5251.11 19.6118 169.482
 287311 251.243 61.9127 152.135 5.45965
 5069.59 74012.6 55.0534 13.3956 34.0741
 1365.24 690.454 6419.88 4.60939 3.96656
 64758.2 272.206 104.242 948.34 1.26531
 6338.81 13518.4 43.9338 16.4886 150.042
 45583.6 735.197 928.334 2.89556 10.9501
 138057 12251.9 171.358 213.97 3.18925
 71231.2 24552 1566.39 21.3484 27.0166
 69858.3 12377.3 3034.86 188.519 5.81222
 44132.8 7078.86 698.434 163.57 10.4479
 390811 4705.84 430.17 40.6122 10.0946
 8062.52 89230.4 865.213 77.7592 9.15745
 809569 2025.44 18851.5 180.327 18.1017
 284483 235081 528.244 4875.33 51.2935
 69082.7 76427.8 54755.9 121.671 1134.07
 404293 16075 14444.8 10181.4 233.281
 517337 105314 3579.92 3177.59 2289.53
 10367.9 132479 22878.5 767.735 1171.62
 292214 2934.41 33286.7 5695.03 482.505
 158416 86796.2 790.926 8903.88 1651.75
 28543.8 46483.6 22983.3 207.755 2771.47
 227586 8096.88 11717.8 5740.35 743.706
 291612 64260.9 2027.44 2906.6 1607.55
 11176.2 91315.4 18703.3 586.718 1305.93
 4748.2 3503.85 26623.2 5422.03 548.498
pred_Ctot
 569.492 3347.03 13006.8 1493.3 0.0111992
 923.859 637.903 2523.72 9552.3 1095.16
 47151.4 298.165 127.671 488.762 2058.42
 4952.23 24250.5 94.6982 39.2282 781.197
 2212.87 1389.16 3659.17 13.6726 118.159
 56036.6 66.9574 16.8232 41.3814 1.48513
 2182.62 39945.6 30.1054 7.33031 18.6467
 415.192 276.151 2610.52 1.87596 1.61441
 18532.4 103.115 40.1659 365.74 0.488005
 3002.49 7889.5 25.9479 9.74451 88.6754
 7962.63 176.688 227.592 0.710634 2.68754
 47776.4 5490.55 77.9861 97.4587 1.4527
 25224.3 11224.9 727.11 9.91781 12.5516
 35357.1 7616.36 1888.2 117.359 3.61841
 21813 4274.74 426.583 99.9636 6.3853
 97396.5 1572.87 146.391 13.8339 3.43873
 1666.94 25108.3 248.154 22.3249 2.62928
 109906 383.199 3641.88 34.8755 3.50111
 49757.3 56564.4 129.66 1197.94 12.6043
 16652.3 24778.6 18078.6 40.2108 374.815
 76721.2 4175.67 3826.22 2699.72 61.8604
 102345 28441.7 985.677 875.8 631.069
 1544.24 27379.8 4826.59 162.144 247.458
 36200 508.555 5892.39 1009.27 85.514
 20642.9 15789.8 146.942 1656.06 307.231
 4218.69 9536.52 4813.33 43.5573 581.091
 34170.9 1686.24 2490.95 1221.61 158.278
 27791.1 8646.47 278.837 400.215 221.36
 1057.82 12205.2 2555.26 80.2514 178.636
 1016.95 1018.76 7888.51 1608.17 162.693
F
 0.147562 0.214562 0.219815 0.220099 0.220114
 0.431405 0.627282 0.64264 0.643469 0.643512
 0.431429 0.627318 0.642676 0.643505 0.643549
 0.849971 1.2359 1.26615 1.26779 1.26787
 1.70607 2.4807 2.54143 2.54471 2.54488
 0.356328 0.518117 0.530802 0.531487 0.531523
 0.993667 1.44484 1.48021 1.48212 1.48222
 0.612523 0.890637 0.912441 0.913618 0.91368
 0.566609 0.823875 0.844046 0.845135 0.845192
 1.15431 1.67842 1.71951 1.72172 1.72184
 0.313871 0.456382 0.467555 0.468158 0.46819
 0.726874 1.05691 1.08278 1.08418 1.08425
 0.750065 1.09063 1.11733 1.11877 1.11885
 1.28936 1.87478 1.92068 1.92316 1.92329
 1.2384 1.80069 1.84477 1.84715 1.84728
 0.477003 0.693584 0.710564 0.711481 0.711529
 0.381438 0.554627 0.568206 0.568939 0.568978
 0.236571 0.343984 0.352406 0.352861 0.352884
 0.314327 0.457046 0.468235 0.468839 0.468871
 0.458042 0.666013 0.682319 0.683199 0.683245
 0.34519 0.501922 0.51421 0.514873 0.514908
 0.362268 0.526755 0.539651 0.540347 0.540384
 0.262211 0.381267 0.390601 0.391105 0.391132
 0.213925 0.311056 0.318672 0.319083 0.319105
 0.226125 0.328796 0.336845 0.33728 0.337303
 0.25996 0.377993 0.387248 0.387747 0.387773
 0.264576 0.384705 0.394123 0.394632 0.394658
 0.161103 0.234251 0.239986 0.240296 0.240312
 0.159924 0.232537 0.23823 0.238537 0.238554
 0.397622 0.578161 0.592315 0.59308 0.59312
nmprior
 8 8 7 0
nm_flota  nm_reclas  nm_pelaces    nm_pelaL
inf 8.02346 5.07663 7.02571
cv_recla  cv_pelaces  cv_mph
0.379294 0.997031 1.24437
 ------------------------------------------------
Talla a la edad & desviación 
 8 13.2811 15.8009 17.003 17.5766
 0.8 1.32811 1.58009 1.7003 1.75766
