years
 1991 1992 1993 1994 1995 1996 1997 1998 1999 2000 2001 2002 2003 2004 2005 2006 2007 2008 2009 2010 2011 2012 2013 2014 2015 2016 2017 2018 2019 2020
reclasobs
 0 0 0 0 0 0 0 0 0 252601 567819 844713 477998 351125 339783 2.1784e+06 2.13404e+06 4.81314e+06 1.55562e+06 2.62356e+06 3.21686e+06 3.843e+06 1.13348e+06 3.07943e+06 1.97215e+06 2.03268e+06 2.025e+06 2.42433e+06 2.27542e+06 1.05018e+06
reclaspred
 6.53677e+06 1.98539e+06 1.00561e+06 774701 249904 3.09248e+06 1.64959e+06 758568 526689 248544 421477 803443 753805 555495 412020 1.68943e+06 892137 3.87312e+06 2.86819e+06 2.05758e+06 3.12886e+06 3.05829e+06 1.70226e+06 3.2065e+06 2.36849e+06 1.62701e+06 2.15658e+06 3.2095e+06 2.55837e+06 718128
pelacesobs
 0 0 0 0 0 0 0 0 0 0 0 0 0 0 0 552880 188675 0 991730 2.46772e+06 1.41603e+06 1.21717e+06 2.29649e+06 1.80582e+06 0 1.4828e+06 1.56532e+06 1.57751e+06 1.42118e+06 867257
pelacespred
 6.7359e+06 1.89499e+06 588288 311279 119092 1.60936e+06 992562 690521 279413 90567.5 219559 333578 357801 234426 168716 668488 432949 1.98915e+06 1.60696e+06 1.00443e+06 1.57779e+06 1.53895e+06 1.06538e+06 1.96962e+06 1.58166e+06 1.12353e+06 1.43922e+06 2.18097e+06 1.89847e+06 516724
mphobs
 0 0 0 0 0 0 0 0 0 0 0 498337 0 5186 125008 0 168611 109162 213762 579715 649985 157893 87575 83554 0 0 0 0 0 0
mphpred
 1.35078e+06 571181 113895 120800 54664.4 19793.1 442800 135068 64090.8 35162.4 14847.6 59832.3 76050.2 51945.3 27807.2 29077.5 203304 69072.2 471204 229466 262334 289652 353952 156789 384506 275323 151749 233398 505206 209645
desembarqueobs
 494567 514787 250237 358949 120608 361735 552515 73892 212993 205616 52469 317467 293654 387597 252695 516296 358380 742168 942051 627588 828172 859565 418607 520667 417249 300574 407403 355545 319650 289779
desembarquepred
 494503 514464 249953 358657 120538 361572 551942 73874.6 212816 205429 52457.2 317201 293353 386975 252408 515824 358194 741537 940616 626542 827699 858611 418247 520378 416860 300322 407095 355302 319338 289320
Reclutas
 31294.7 21117.9 156660 55767.4 16169.8 291278 24798.9 7113.04 29196.9 36463.3 40829.2 106966 79893.2 67939.3 43386.1 254181 19341.6 424845 211661 210996 212207 397581 26106.4 178377 134082 37323.1 132456 176387 28214.5 14353.7
log_desv_Rt
 -0.774865 -1.16819 0.835761 -0.197126 -1.43517 1.45596 -1.00752 -2.25638 -0.844252 -0.622007 -0.508917 0.454198 0.162376 0.000299711 -0.448176 1.31973 -1.25606 1.83341 1.13667 1.13353 1.13925 1.76708 -0.956134 0.965584 0.680135 -0.598702 0.667938 0.954366 -0.878477 -1.55431
SSB
 1.54793e+06 654546 130519 138431 62642.8 22681.9 507428 154781 73444.9 40294.4 17014.6 68564.9 87149.8 59526.8 31865.7 33321.4 232976 79153.4 539976 262957 300622 331927 405612 179672 440625 315507 173896 267462 578942 240242
BT
 1.98835e+06 966441 431171 383806 136706 1.31051e+06 785949 260188 320826 236089 164646 433908 440947 530153 343655 810197 421874 1.84775e+06 1.55522e+06 943615 1.45718e+06 1.45966e+06 685806 1.52003e+06 954468 640617 1.14567e+06 1.43204e+06 820484 427115
Ftot
 0.325581 1.02905 1.03154 1.671 1.71501 0.51932 1.23224 0.415339 1.56935 2.68864 0.545627 1.53963 1.50402 2.42683 2.22952 1.26732 1.44774 0.827015 1.2677 1.22195 1.07346 1.14104 0.955228 0.701839 0.724552 0.751375 0.803854 0.482218 0.510412 1.4808
BD_Bspro_t
 0.949443 0.619505 0.242487 0.262852 0.113486 0.0578106 0.477468 0.19901 0.145632 0.103893 0.0624214 0.270833 0.207525 0.130927 0.0717906 0.0776516 0.256201 0.106844 0.365417 0.204079 0.191727 0.20702 0.253014 0.149167 0.32809 0.309025 0.244326 0.363661 0.525622 0.314855
BD_Bspro
 3.20169 1.35384 0.26996 0.286326 0.129568 0.0469144 1.04955 0.320144 0.151911 0.0833435 0.0351923 0.141817 0.180258 0.123123 0.0659098 0.0689208 0.48188 0.163718 1.11687 0.543891 0.621796 0.686546 0.838953 0.371628 0.911373 0.652583 0.359681 0.553209 1.19746 0.496909
BD_Bo
 1.10677 0.468002 0.0933211 0.0989785 0.0447897 0.0162176 0.362812 0.110669 0.0525133 0.0288106 0.0121655 0.0490241 0.0623123 0.0425618 0.022784 0.0238249 0.166579 0.0565949 0.386085 0.188015 0.214946 0.237328 0.290013 0.128466 0.315048 0.225588 0.124336 0.191236 0.413945 0.171774
BD_Brms
 2.01232 0.850912 0.169675 0.179961 0.0814359 0.0294866 0.659658 0.201217 0.0954787 0.0523829 0.022119 0.0891347 0.113295 0.0773852 0.0414255 0.0433179 0.30287 0.1029 0.701972 0.341845 0.39081 0.431506 0.527297 0.233575 0.572814 0.41016 0.226066 0.347702 0.752627 0.312316
Sel_flota
 0.655509 0.973085 0.998546 0.999923 0.999996
 0.655509 0.973085 0.998546 0.999923 0.999996
 0.655509 0.973085 0.998546 0.999923 0.999996
 0.655509 0.973085 0.998546 0.999923 0.999996
 0.655509 0.973085 0.998546 0.999923 0.999996
 0.655509 0.973085 0.998546 0.999923 0.999996
 0.655509 0.973085 0.998546 0.999923 0.999996
 0.655509 0.973085 0.998546 0.999923 0.999996
 0.655509 0.973085 0.998546 0.999923 0.999996
 0.655509 0.973085 0.998546 0.999923 0.999996
 0.655509 0.973085 0.998546 0.999923 0.999996
 0.655509 0.973085 0.998546 0.999923 0.999996
 0.655509 0.973085 0.998546 0.999923 0.999996
 0.655509 0.973085 0.998546 0.999923 0.999996
 0.655509 0.973085 0.998546 0.999923 0.999996
 0.655509 0.973085 0.998546 0.999923 0.999996
 0.655509 0.973085 0.998546 0.999923 0.999996
 0.655509 0.973085 0.998546 0.999923 0.999996
 0.655509 0.973085 0.998546 0.999923 0.999996
 0.655509 0.973085 0.998546 0.999923 0.999996
 0.655509 0.973085 0.998546 0.999923 0.999996
 0.655509 0.973085 0.998546 0.999923 0.999996
 0.655509 0.973085 0.998546 0.999923 0.999996
 0.655509 0.973085 0.998546 0.999923 0.999996
 0.655509 0.973085 0.998546 0.999923 0.999996
 0.655509 0.973085 0.998546 0.999923 0.999996
 0.655509 0.973085 0.998546 0.999923 0.999996
 0.655509 0.973085 0.998546 0.999923 0.999996
 0.655509 0.973085 0.998546 0.999923 0.999996
 0.655509 0.973085 0.998546 0.999923 0.999996
Sel_reclas
 0.665623 0.909241 0.980551 0.996074 0.999217
 0.665623 0.909241 0.980551 0.996074 0.999217
 0.665623 0.909241 0.980551 0.996074 0.999217
 0.665623 0.909241 0.980551 0.996074 0.999217
 0.665623 0.909241 0.980551 0.996074 0.999217
 0.665623 0.909241 0.980551 0.996074 0.999217
 0.665623 0.909241 0.980551 0.996074 0.999217
 0.665623 0.909241 0.980551 0.996074 0.999217
 0.665623 0.909241 0.980551 0.996074 0.999217
 0.665623 0.909241 0.980551 0.996074 0.999217
 0.665623 0.909241 0.980551 0.996074 0.999217
 0.665623 0.909241 0.980551 0.996074 0.999217
 0.665623 0.909241 0.980551 0.996074 0.999217
 0.665623 0.909241 0.980551 0.996074 0.999217
 0.665623 0.909241 0.980551 0.996074 0.999217
 0.665623 0.909241 0.980551 0.996074 0.999217
 0.665623 0.909241 0.980551 0.996074 0.999217
 0.665623 0.909241 0.980551 0.996074 0.999217
 0.665623 0.909241 0.980551 0.996074 0.999217
 0.665623 0.909241 0.980551 0.996074 0.999217
 0.665623 0.909241 0.980551 0.996074 0.999217
 0.665623 0.909241 0.980551 0.996074 0.999217
 0.665623 0.909241 0.980551 0.996074 0.999217
 0.665623 0.909241 0.980551 0.996074 0.999217
 0.665623 0.909241 0.980551 0.996074 0.999217
 0.665623 0.909241 0.980551 0.996074 0.999217
 0.665623 0.909241 0.980551 0.996074 0.999217
 0.665623 0.909241 0.980551 0.996074 0.999217
 0.665623 0.909241 0.980551 0.996074 0.999217
 0.665623 0.909241 0.980551 0.996074 0.999217
Sel_pelaces
 0.316547 0.699782 0.921449 0.983343 0.996645
 0.316547 0.699782 0.921449 0.983343 0.996645
 0.316547 0.699782 0.921449 0.983343 0.996645
 0.316547 0.699782 0.921449 0.983343 0.996645
 0.316547 0.699782 0.921449 0.983343 0.996645
 0.316547 0.699782 0.921449 0.983343 0.996645
 0.316547 0.699782 0.921449 0.983343 0.996645
 0.316547 0.699782 0.921449 0.983343 0.996645
 0.316547 0.699782 0.921449 0.983343 0.996645
 0.316547 0.699782 0.921449 0.983343 0.996645
 0.316547 0.699782 0.921449 0.983343 0.996645
 0.316547 0.699782 0.921449 0.983343 0.996645
 0.316547 0.699782 0.921449 0.983343 0.996645
 0.316547 0.699782 0.921449 0.983343 0.996645
 0.316547 0.699782 0.921449 0.983343 0.996645
 0.316547 0.699782 0.921449 0.983343 0.996645
 0.316547 0.699782 0.921449 0.983343 0.996645
 0.316547 0.699782 0.921449 0.983343 0.996645
 0.316547 0.699782 0.921449 0.983343 0.996645
 0.316547 0.699782 0.921449 0.983343 0.996645
 0.316547 0.699782 0.921449 0.983343 0.996645
 0.316547 0.699782 0.921449 0.983343 0.996645
 0.316547 0.699782 0.921449 0.983343 0.996645
 0.316547 0.699782 0.921449 0.983343 0.996645
 0.316547 0.699782 0.921449 0.983343 0.996645
 0.316547 0.699782 0.921449 0.983343 0.996645
 0.316547 0.699782 0.921449 0.983343 0.996645
 0.316547 0.699782 0.921449 0.983343 0.996645
 0.316547 0.699782 0.921449 0.983343 0.996645
 0.316547 0.699782 0.921449 0.983343 0.996645
pf_obs 
 0.8446 0.082 0.0669 0.0065 0
 0.8095 0.147 0.0364 0.0071 0
 0.9664 0.0169 0.016 0.0007 0
 0.9276 0.0648 0.0075 0.0001 0
 0.7033 0.2144 0.0806 0.0017 0
 0.9318 0.0425 0.0243 0.0014 0
 0.5671 0.3108 0.0964 0.0239 0.0018
 0.0768 0.2599 0.5324 0.112 0.0189
 0.490249 0.384438 0.106611 0.0170017 0.00170017
 0.7925 0.1577 0.0466 0.003 0.0002
 0.840416 0.127587 0.0312969 0.00059994 9.999e-05
 0.8084 0.0986 0.0794 0.0134 0.0002
 0.7335 0.1905 0.0724 0.0035 0.0001
 0.4001 0.4547 0.1325 0.0127 0
 0.49795 0.308269 0.164784 0.0264974 0.00249975
 0.9179 0.0499 0.0305 0.0017 0
 0.2467 0.6533 0.0926 0.0074 0
 0.9418 0.0223 0.034 0.0019 0
 0.707729 0.231977 0.0356964 0.0245975 0
 0.517169 0.277429 0.184464 0.0207286 0.00020938
 0.811772 0.124168 0.05621 0.00726502 0.000585176
 0.764997 0.148141 0.077277 0.00933861 0.000247198
 0.163321 0.427699 0.378323 0.0303852 0.000271297
 0.753843 0.0900009 0.118128 0.0371064 0.000921714
 0.721811 0.176058 0.0630433 0.0369309 0.00215725
 0.143369 0.312575 0.442814 0.0836902 0.0175525
 0.692698 0.0596174 0.167031 0.0765114 0.00414204
 0.394062 0.376323 0.152708 0.0712218 0.00568511
 0.125707 0.32114 0.495352 0.0537591 0.00404204
 0.23352 0.215282 0.420074 0.123614 0.00750983
pf_pred 
 0.180808 0.188913 0.557384 0.0728942 9.78397e-07
 0.308528 0.179613 0.1208 0.345895 0.045164
 0.931463 0.0310968 0.0100447 0.00647671 0.0209191
 0.593609 0.390878 0.00720876 0.00223184 0.00607266
 0.587527 0.311334 0.0974826 0.00170183 0.00195451
 0.987869 0.0091315 0.00229468 0.000679816 2.54202e-05
 0.199205 0.79481 0.0045419 0.00110405 0.000338709
 0.283203 0.228305 0.485005 0.00264766 0.000838955
 0.819181 0.0706002 0.0358661 0.0738227 0.00052979
 0.879599 0.109092 0.00456452 0.0021991 0.00454586
 0.924001 0.0723691 0.00331203 0.000128403 0.000188934
 0.884545 0.109915 0.00528362 0.00023378 2.23575e-05
 0.8049 0.183367 0.0111971 0.000510889 2.4697e-05
 0.822574 0.158519 0.0178245 0.00103362 4.9303e-05
 0.866843 0.122855 0.00927175 0.000971098 5.87728e-05
 0.980359 0.0184712 0.00108451 7.65846e-05 8.47623e-06
 0.269307 0.723119 0.00714161 0.000400136 3.13045e-05
 0.979719 0.00856379 0.0116017 0.000108981 6.56597e-06
 0.640164 0.355665 0.00180067 0.00234713 2.33277e-05
 0.787152 0.16438 0.0479322 0.000231591 0.000304109
 0.802009 0.173357 0.0192209 0.00535374 5.96829e-05
 0.87394 0.111085 0.013181 0.00139988 0.000393357
 0.20814 0.734785 0.0505564 0.00573929 0.000778942
 0.889968 0.0349869 0.0698377 0.00461362 0.000593528
 0.689068 0.290037 0.00680979 0.0131104 0.000975617
 0.414013 0.462327 0.115638 0.0026176 0.00540386
 0.8646 0.0740096 0.0488114 0.0117647 0.000814399
 0.800807 0.182723 0.0091583 0.00581585 0.00149574
 0.270185 0.631676 0.0902673 0.00438045 0.00349105
 0.36337 0.239057 0.345633 0.0477807 0.00415901
pobs_RECLAS
 0 0 0 0 0
 0 0 0 0 0
 0 0 0 0 0
 0 0 0 0 0
 0 0 0 0 0
 0 0 0 0 0
 0 0 0 0 0
 0 0 0 0 0
 0 0 0 0 0
 0 0 0 0 0
 0.991045 0.00858322 0.000360255 1.14367e-05 0
 0.934742 0.0480273 0.0164251 0.00080598 0
 0.827803 0.169806 0.00239088 0 0
 0.941827 0.0461693 0.0120037 0 0
 0.791401 0.0380133 0.147996 0.0225897 0
 0.846168 0.0940531 0.0597789 0 0
 0.134021 0.677848 0.182769 0.00536245 0
 0.80878 0.0450904 0.141981 0.00414843 0
 0.846168 0.0940531 0.0597789 0 0
 0.905697 0.0802665 0.012482 0.00150086 5.37128e-05
 0.989698 0.0102097 9.19794e-05 0 0
 0.975433 0.0193895 0.00387452 0.00125025 5.28907e-05
 0.303575 0.632131 0.0575291 0.00676475 0
 0.966965 0.00978017 0.0227588 0.000495775 0
 0.843318 0.132988 0.00938335 0.0141283 0.000182051
 0.564624 0.303363 0.111486 0.0197234 0.00080311
 0.826376 0.0876187 0.0782897 0.00655872 0.00115652
 0.89761 0.0855135 0.0140674 0.00269457 0.000114338
 0.34875 0.467042 0.161289 0.0227151 0.000203297
 0.318654 0.224769 0.449479 0.00709798 0
ppred_RECLAS
 0.18906 0.179849 0.557175 0.0739149 9.95152e-07
 0.327696 0.167416 0.117843 0.342223 0.0448218
 0.937513 0.0274623 0.00928402 0.00607123 0.0196696
 0.635498 0.349905 0.00672474 0.00211107 0.0057616
 0.628577 0.277469 0.0905057 0.00160207 0.00184555
 0.988891 0.00825375 0.00217625 0.000653976 2.45293e-05
 0.223194 0.770718 0.00460377 0.00113491 0.000349244
 0.296393 0.216751 0.483329 0.00267642 0.000850676
 0.838835 0.0609659 0.0322999 0.0674136 0.000485276
 0.905799 0.0850135 0.0036741 0.00179397 0.00371964
 0.930792 0.0657438 0.00315664 0.000124134 0.000183213
 0.900438 0.0945864 0.00474278 0.000212792 2.04126e-05
 0.82916 0.160142 0.0102031 0.000472066 2.28901e-05
 0.855789 0.128347 0.0149436 0.000878354 4.20243e-05
 0.890996 0.100271 0.00784963 0.000833422 5.0594e-05
 0.982953 0.0159879 0.000981014 7.02547e-05 7.79949e-06
 0.30197 0.690476 0.00711786 0.000404411 3.17358e-05
 0.981448 0.00762261 0.0108198 0.000103086 6.22991e-06
 0.673158 0.322853 0.00170821 0.00225806 2.25113e-05
 0.808652 0.146259 0.0445834 0.000218456 0.000287742
 0.821459 0.155368 0.0180244 0.00509173 5.69364e-05
 0.887822 0.0982951 0.0121987 0.00131392 0.000370334
 0.229033 0.712892 0.0513574 0.00591317 0.000805006
 0.897381 0.0315649 0.0660568 0.00442624 0.000571174
 0.711829 0.267752 0.00659015 0.0128689 0.00096059
 0.439342 0.437791 0.114774 0.00263516 0.00545684
 0.875232 0.066657 0.0460671 0.0112617 0.000781978
 0.815642 0.16833 0.00885372 0.00570312 0.00147126
 0.289301 0.610973 0.0916115 0.00450946 0.00360492
 0.395199 0.22083 0.333185 0.0467067 0.00407798
pobs_PELACES
 0 0 0 0 0
 0 0 0 0 0
 0 0 0 0 0
 0 0 0 0 0
 0 0 0 0 0
 0 0 0 0 0
 0 0 0 0 0
 0 0 0 0 0
 0 0 0 0 0
 0 0 0 0 0
 0 0 0 0 0
 0 0 0 0 0
 0 0 0 0 0
 0 0 0 0 0
 0 0 0 0 0
 0 0 0 0 0
 0.505614 0.472636 0.0217494 0 0
 0 0 0 0 0
 0.443492 0.261883 0.143347 0.151278 0
 0.227955 0.32914 0.350689 0.0885471 0.00366901
 0.970185 0.0296113 0.000203453 0 0
 0.997202 0.00247181 0.000326279 0 0
 0.445219 0.490057 0.0546422 0.010081 0
 0.90214 0.0892962 0.00764917 0.000914606 0
 0 0 0 0 0
 0.581667 0.319106 0.0959925 0.00289975 0.000334073
 0.762889 0.0836404 0.116647 0.0363945 0.000428098
 0.88444 0.0763242 0.0277011 0.0115352 0
 0.521256 0.241999 0.230069 0.00667565 0
 0.616807 0.101726 0.260614 0.0208532 0
ppred_PELACES
 0.112578 0.167501 0.631872 0.0880476 1.19768e-06
 0.219368 0.16283 0.138741 0.423077 0.055983
 0.900049 0.0382957 0.0156712 0.010761 0.0352231
 0.559705 0.418615 0.00968635 0.00319204 0.00880157
 0.543304 0.324276 0.127302 0.00236545 0.00275302
 0.982091 0.0125629 0.0040269 0.00127097 4.81636e-05
 0.167818 0.824214 0.00594948 0.00153991 0.00047876
 0.191168 0.216609 0.587707 0.00341824 0.00109768
 0.766826 0.0765161 0.0488492 0.10703 0.000778392
 0.885051 0.101421 0.00523234 0.00268066 0.00561522
 0.896939 0.0968289 0.00565069 0.000233383 0.000348017
 0.866654 0.125377 0.00757744 0.000356906 3.45898e-05
 0.776074 0.207199 0.0159163 0.000773091 3.78728e-05
 0.822288 0.15476 0.0215572 0.00132966 6.42707e-05
 0.862588 0.124366 0.011667 0.00130001 7.97303e-05
 0.975705 0.022489 0.00166704 0.000125345 1.4059e-05
 0.236875 0.753157 0.00936528 0.000558625 4.42894e-05
 0.969393 0.011173 0.0192302 0.000192403 1.17477e-05
 0.591699 0.402127 0.00257034 0.00356737 3.59307e-05
 0.738808 0.190261 0.0700904 0.000360597 0.00047986
 0.755609 0.206675 0.0290128 0.00860584 9.7224e-05
 0.842951 0.134013 0.0201133 0.0022747 0.000647748
 0.166394 0.758334 0.0661715 0.00800041 0.0011004
 0.834779 0.0441498 0.11215 0.00789206 0.00102892
 0.617952 0.348665 0.0104146 0.021358 0.0016107
 0.333333 0.496842 0.158042 0.00381064 0.00797244
 0.810148 0.0917853 0.0769313 0.0197501 0.00138554
 0.737917 0.234313 0.0149871 0.0101396 0.00264278
 0.204684 0.66313 0.120888 0.00624982 0.00504779
 0.293361 0.227154 0.413296 0.060824 0.00536528
pobs_pel_tallas
 0 0 0 0 0 0 0 0 0 0 0 0 0 0 0 0 0 0 0 0 0 0 0 0 0 0
 0 0 0 0 0 0 0 0 0 0 0 0 0 0 0 0 0 0 0 0 0 0 0 0 0 0
 0 0 0 0 0 0 0 0 0 0 0 0 0 0 0 0 0 0 0 0 0 0 0 0 0 0
 0 0 0 0 0 0 0 0 0 0 0 0 0 0 0 0 0 0 0 0 0 0 0 0 0 0
 0 0 0 0 0 0 0 0 0 0 0 0 0 0 0 0 0 0 0 0 0 0 0 0 0 0
 0 0 0 0 0 0 0 0 0 0 0 0 0 0 0 0 0 0 0 0 0 0 0 0 0 0
 0 0 0 0 0 0 0 0 0 0 0 0 0 0 0 0 0 0 0 0 0 0 0 0 0 0
 0 0 0 0 0 0 0 0 0 0 0 0 0 0 0 0 0 0 0 0 0 0 0 0 0 0
 0 0 0 0 0 0 0 0 0 0 0 0 0 0 0 0 0 0 0 0 0 0 0 0 0 0
 0 0 0 0 0 0 0 0 0 0 0 0 0 0 0 0 0 0 0 0 0 0 0 0 0 0
 0 0 0 0 0 0 0 0 0 0 0 0 0 0 0 0 0 0 0 0 0 0 0 0 0 0
 0 0 0 0 0 0 0 0 0 0 0 0 0 0 0 0 0 0 0 0 0 0 0 0 0 0
 0.00862536 0 0 0.000197151 0.00414017 0.0128641 0.00837892 0.0270097 0.101434 0.158115 0.152841 0.127902 0.109271 0.109419 0.0830992 0.0579132 0.0238553 0.00714673 0.00463305 0.00128148 0.00103504 0.000492878 0.000147863 0.000147863 4.92878e-05 0
 0 0 0 0 0 0 0 0 0 0 0 0 0 0 0 0 0 0 0 0 0 0 0 0 0 0
 0 0 0 0 0 0 0 0.0054083 0.00873648 0.0413646 0.0450493 0.0745869 0.0622846 0.0627006 0.0613931 0.0827291 0.12552 0.122667 0.0946155 0.0697135 0.0546179 0.0294188 0.0215738 0.0213955 0.0102223 0.00600262
 0 0 0 0 0.00359764 0.0251062 0.0480494 0.140153 0.205849 0.193036 0.1447 0.116669 0.0760912 0.0342217 0.00950174 0.001854 0.000860785 0 0 0 0.000165536 0 0.000143464 0 0 0
 0 0 0 0 0 0 0 0.000145254 0.000435761 0.0275982 0.070085 0.0708112 0.156366 0.174668 0.174014 0.160142 0.0824315 0.0480064 0.0283245 0.00493863 0.00203355 0 0 0 0 0
 0 0 0 0 0 0 0 0 0 0 0 0 0 0 0 0 0 0 0 0 0 0 0 0 0 0
 0 0 1.00437e-05 0.000401748 0.00122533 0.00171747 0.00176769 0.0269171 0.070346 0.194647 0.189555 0.159765 0.064822 0.0314167 0.0384472 0.0292271 0.0345202 0.0313363 0.0194345 0.0106764 0.0143323 0.0359363 0.0279516 0.0138201 0.00172751 0
 0 0.0021121 0.0136068 0.0755702 0.200478 0.177729 0.0527432 0.0373336 0.0318909 0.0142505 0.0149659 0.0166563 0.0217959 0.0798694 0.0677717 0.0528807 0.04013 0.0224614 0.0357745 0.0225083 0.00881397 0.00855152 0.00135912 0.000746735 0 0
 0 0 0 0 5.4009e-05 0.00500934 0.000945158 0.0243581 0.138947 0.33067 0.221406 0.137944 0.0707744 0.0437923 0.0131692 0.00525238 0.0047753 0.00276346 9.45158e-05 9.00151e-06 2.25038e-05 9.00151e-06 4.50075e-06 0 0 0
 0.000866109 0.00284123 0.00948549 0.0512746 0.133035 0.25785 0.225252 0.132002 0.0553304 0.0519788 0.0540692 0.017754 0.00435017 0.00159236 0.00146478 0.000404838 0.000125132 0.000115318 0.000107957 0.000100596 0 0 0 0 0 0
 0 0 0 0 0.00144013 0.00171154 0.00461396 0.0210425 0.0478622 0.0707936 0.0888783 0.103762 0.0637923 0.0337046 0.0602308 0.124433 0.169614 0.0934646 0.0462172 0.0250306 0.0313229 0.00938855 0.002487 0.000210481 0 0
 0 0.00764035 0.051015 0.0998891 0.058973 0.0496711 0.0374665 0.0718981 0.12319 0.153886 0.159021 0.0857701 0.0377988 0.023471 0.0147837 0.00900784 0.00315554 0.000888139 0.00291439 0.00214683 0.00393193 0.00274676 0.000635225 9.99891e-05 0 0
 0 0 0 0 0 0 0 0 0 0 0 0 0 0 0 0 0 0 0 0 0 0 0 0 0 0
 0 0 0 0 0 0 0 0 0 0 0 0 0 0 0 0 0 0 0 0 0 0 0 0 0 0
 0 0 0 0 0 0 0 0 0 0 0 0 0 0 0 0 0 0 0 0 0 0 0 0 0 0
 0 0 0 0 0 0 0 0 0 0 0 0 0 0 0 0 0 0 0 0 0 0 0 0 0 0
 0 0 0 0 0 0 0 0 0 0 0 0 0 0 0 0 0 0 0 0 0 0 0 0 0 0
 0 0 0 0 0 0 0 0 0 0 0 0 0 0 0 0 0 0 0 0 0 0 0 0 0 0
ppred_pel_tallas
 1.27108e-16 9.27294e-06 9.01362e-05 0.000598988 0.00272292 0.00847211 0.0180514 0.0263501 0.0263672 0.0181354 0.00875719 0.0035587 0.0027436 0.00492638 0.00964706 0.0171154 0.027408 0.0402091 0.0550145 0.0713227 0.0883724 0.104525 0.117 0.122597 0.119164 0.106842
 1.55949e-16 1.80691e-05 0.000175638 0.00116718 0.00530582 0.0165085 0.0351736 0.0513403 0.0513563 0.0352521 0.0167731 0.00607511 0.00311703 0.00449697 0.00842359 0.0144433 0.022158 0.0308995 0.0402013 0.0503821 0.0625124 0.0775169 0.0949674 0.112498 0.126364 0.132873
 1.07503e-16 7.41359e-05 0.000720627 0.00478882 0.0217693 0.0677323 0.144311 0.210627 0.210631 0.144329 0.0677934 0.0219462 0.00523431 0.00169817 0.00194617 0.00314301 0.00462776 0.00606296 0.00718153 0.00791947 0.00847775 0.00919376 0.0103044 0.0117739 0.0132926 0.0144216
 1.02197e-16 4.61023e-05 0.000448131 0.00297799 0.0135375 0.0421205 0.0897436 0.130992 0.131032 0.0899403 0.0427808 0.0154437 0.00775896 0.0108724 0.0198064 0.032574 0.0466932 0.0582452 0.0632756 0.0599773 0.0498029 0.0365537 0.0241952 0.015068 0.00950938 0.00660511
 1.0446e-16 4.47513e-05 0.000434998 0.00289072 0.0131408 0.0408861 0.0871133 0.127151 0.127182 0.0872667 0.0414014 0.0146308 0.0066367 0.00863161 0.0156672 0.025974 0.0377434 0.0481446 0.0542825 0.0547565 0.0504001 0.0435478 0.0364811 0.030326 0.0250554 0.0202102
 1.00256e-16 8.08935e-05 0.000786314 0.00522533 0.0237536 0.0739063 0.157465 0.229825 0.229827 0.157471 0.0739262 0.0238113 0.00537024 0.00110326 0.000684644 0.00100854 0.00145604 0.00185406 0.00208643 0.00210094 0.00193379 0.00167993 0.00143074 0.00122879 0.00106691 0.000917519
 1.00618e-16 1.38231e-05 0.000134365 0.000892909 0.00405908 0.0126297 0.0269119 0.0392954 0.0393746 0.0272991 0.0139293 0.00781032 0.0103002 0.0206411 0.0388734 0.0640166 0.0916842 0.114174 0.123648 0.1165 0.0955704 0.0683788 0.042832 0.0236935 0.0118063 0.00553119
 1.17544e-16 1.57463e-05 0.00015306 0.00101714 0.00462377 0.0143864 0.0306525 0.0447428 0.0447645 0.0307591 0.0147468 0.00567569 0.00369857 0.00614179 0.0117839 0.0204807 0.0318746 0.0449956 0.0586507 0.0719436 0.0842505 0.0946007 0.101196 0.101842 0.0951894 0.0818139
 1.12295e-16 6.31625e-05 0.000613962 0.00407999 0.0185471 0.0577068 0.122951 0.179452 0.179459 0.122987 0.0578298 0.0189037 0.0049805 0.00259751 0.00388414 0.00646796 0.00967077 0.0129572 0.015867 0.0182965 0.0205729 0.02316 0.0262 0.0292611 0.031484 0.0320069
 1.01397e-16 7.29005e-05 0.000708619 0.00470902 0.0214065 0.0666037 0.141907 0.207119 0.207129 0.141954 0.0667638 0.0218688 0.00586874 0.00323825 0.00487124 0.00792267 0.0113714 0.0142302 0.0155507 0.0149072 0.0126566 0.00971186 0.00700972 0.00507913 0.00395732 0.00338302
 1.00271e-16 7.38797e-05 0.000718137 0.00477227 0.0216941 0.0674983 0.143813 0.209901 0.20991 0.143858 0.0676512 0.0221353 0.00587923 0.0031324 0.00465241 0.00755707 0.0108381 0.0135421 0.014752 0.0140448 0.0117435 0.00870708 0.00583163 0.00364661 0.00223576 0.00141231
 1.00293e-16 7.13851e-05 0.000693889 0.00461114 0.0209616 0.0652193 0.138957 0.202814 0.202826 0.139016 0.0654172 0.0215329 0.00604453 0.00382016 0.00600035 0.00978465 0.0140358 0.017539 0.0191079 0.018194 0.0152142 0.0112784 0.00754525 0.00469965 0.00285167 0.00176319
 1.00597e-16 6.39242e-05 0.000621366 0.0041292 0.0187707 0.0584029 0.124434 0.18162 0.181639 0.124532 0.05873 0.0197154 0.00649926 0.00579137 0.00987128 0.0161878 0.0232412 0.0290734 0.0317322 0.0303124 0.0254947 0.0190966 0.0130098 0.0083455 0.00527537 0.00341074
 1.00806e-16 6.77308e-05 0.000658368 0.00437509 0.0198885 0.0618806 0.131844 0.192433 0.192448 0.131917 0.0621253 0.0205952 0.00614884 0.00453002 0.00741924 0.0121541 0.0174911 0.0219702 0.0241478 0.0233499 0.0200637 0.0155981 0.0113004 0.00793983 0.00561311 0.00404128
 1.00513e-16 7.10502e-05 0.000690634 0.0045895 0.0208632 0.0649133 0.138305 0.201863 0.201875 0.138364 0.0651097 0.0214305 0.0060129 0.00379619 0.00596394 0.00973353 0.0139822 0.0175136 0.0191587 0.0183762 0.015571 0.0118239 0.00825388 0.005511 0.00368599 0.00254264
 1.00069e-16 8.03675e-05 0.000781201 0.00519135 0.0235991 0.0734257 0.156441 0.228331 0.228333 0.156452 0.0734612 0.0237017 0.00544858 0.0013423 0.00114472 0.00176188 0.00252224 0.00315455 0.00344248 0.00328767 0.00276422 0.00206974 0.00140983 0.000905192 0.000574249 0.000374311
 1.00527e-16 1.95113e-05 0.000189656 0.00126034 0.00572935 0.0178265 0.037984 0.0554539 0.0555264 0.0383378 0.0190142 0.0091576 0.00985788 0.0189322 0.0355384 0.0585203 0.0838265 0.104419 0.113139 0.106689 0.0876515 0.0628785 0.0395712 0.0220652 0.0111294 0.00528274
 1.0058e-16 7.98476e-05 0.000776147 0.00515777 0.0234465 0.0729507 0.155429 0.226854 0.226855 0.155435 0.0729689 0.0234995 0.00529213 0.00107373 0.000657492 0.000992954 0.00149755 0.00203804 0.00253179 0.00293143 0.00323077 0.0034354 0.0035257 0.00345334 0.003178 0.00271008
 1.00541e-16 4.87376e-05 0.000473747 0.00314821 0.0143113 0.0445281 0.0948733 0.138478 0.138517 0.0950622 0.0451622 0.0161416 0.00773807 0.0104792 0.0190092 0.0312396 0.0447407 0.055724 0.0603678 0.0569174 0.0467639 0.0335773 0.0212105 0.0119743 0.00626123 0.00325177
 1.02189e-16 6.08547e-05 0.000591529 0.00393092 0.0178694 0.0555985 0.118459 0.172898 0.172917 0.118549 0.0559007 0.0187431 0.00612699 0.00539551 0.00921338 0.0152098 0.0220756 0.0281113 0.0316057 0.0317318 0.028985 0.0247558 0.0204159 0.0166622 0.0135059 0.010687
 1.0177e-16 6.22385e-05 0.000604981 0.00402031 0.0182758 0.0568628 0.121153 0.17683 0.17685 0.12125 0.0571896 0.0192197 0.00638979 0.00577757 0.00988588 0.0162447 0.0233945 0.0294176 0.0324007 0.0314586 0.0272524 0.0215296 0.0160703 0.0118628 0.00898428 0.00701201
 1.00953e-16 6.94328e-05 0.000674911 0.00448502 0.0203883 0.0634355 0.135157 0.197268 0.197281 0.13522 0.0636475 0.0210004 0.00602164 0.00402943 0.00644043 0.0105376 0.0151728 0.0190778 0.0210072 0.0203811 0.0176213 0.0138551 0.0102368 0.00741585 0.00546014 0.00411705
 1.03092e-16 1.37058e-05 0.000133225 0.000885333 0.00402464 0.0125225 0.0266833 0.0389603 0.0390334 0.02704 0.0137202 0.00748306 0.00956294 0.0190648 0.0359335 0.0592919 0.0851934 0.10667 0.116612 0.111722 0.0944833 0.0715099 0.0496596 0.0329219 0.0218589 0.0150156
 1.04214e-16 6.87597e-05 0.000668369 0.00444154 0.0201906 0.0628205 0.133846 0.195353 0.195357 0.133868 0.0628938 0.0204044 0.00498607 0.00188339 0.00245327 0.00414727 0.00643322 0.00905751 0.0117766 0.0144241 0.0169045 0.0190606 0.0205576 0.020951 0.0199261 0.0175267
 1.02805e-16 5.09e-05 0.000494766 0.00328789 0.0149463 0.0465037 0.0990823 0.144621 0.144654 0.0992462 0.0470539 0.0165347 0.00727224 0.00918385 0.0165276 0.0271773 0.0389942 0.0487272 0.0531107 0.050666 0.0426141 0.0320999 0.0223634 0.0152547 0.0109447 0.0085887
 1.0642e-16 2.74563e-05 0.000266885 0.00177355 0.00806233 0.0250851 0.0534483 0.0780195 0.0780675 0.053683 0.0258736 0.0103412 0.00750002 0.0127883 0.0238675 0.0395683 0.0573516 0.0728501 0.0815832 0.0814112 0.0737078 0.0622427 0.0507553 0.0411746 0.0335308 0.0270202
 1.04459e-16 6.67308e-05 0.000648647 0.00431049 0.0195949 0.0609669 0.129897 0.18959 0.189599 0.129941 0.0611143 0.0200218 0.00538716 0.00301595 0.00461246 0.00765011 0.0113192 0.0148748 0.017591 0.0191158 0.0196218 0.0195663 0.0192766 0.0187252 0.0176489 0.0158442
 1.01957e-16 6.07813e-05 0.000590816 0.00392618 0.0178479 0.0555315 0.118316 0.172691 0.172714 0.118427 0.0559014 0.0189161 0.00660632 0.00643737 0.0111522 0.018309 0.0262958 0.032917 0.035983 0.0344952 0.0292523 0.0223302 0.0158642 0.0110696 0.00806151 0.00630393
 1.0514e-16 1.68597e-05 0.000163883 0.00108906 0.00495075 0.015404 0.0328221 0.0479183 0.0479822 0.0331346 0.0164533 0.00798213 0.00869986 0.0167836 0.0315955 0.0522446 0.075342 0.0949073 0.104822 0.102214 0.0891162 0.0710025 0.0534557 0.0395873 0.0297023 0.0226093
 1.18993e-16 2.41638e-05 0.00023488 0.00156086 0.00709548 0.0220768 0.0470377 0.0686577 0.0686802 0.047148 0.0224487 0.00817742 0.00430606 0.00632487 0.0118751 0.0203373 0.0310283 0.0426378 0.0537301 0.0634807 0.0718173 0.0787548 0.083601 0.0849134 0.0813512 0.0727003
pSPR Fmed_Fpbrs
0.240184   0.6 0.325
Fs Fmed_Fpbrs
1.02871   0.307633 0.76617
SSBpbr Bo_Bmed_Bpbrs
1.3986e+06  265990  769228 384614
Ro
67918.9
SPR SPRFo_SPRFmed_SPRFpbrs
483474 116123 157129
Fref
0.307633
log_Ro
10.9461
likeval ReclasPelacesDesembMPH_pf_preclas_ppelaces_ptallas_desvR_qrecl_qpela
 13.3135 16.511 0.134256 0.00086642 265.996 104.201 87.9397 0 49.5428 0.000119969 0.000294537 0.00768078 5.52979e-16 0 0
q_reclas_q_pelaces
4.72135 11.4919
M
1
N
 31294.7 22950 66202.4 8647.49 0.116061
 21117.9 9300.14 6150.3 17594.9 2297.28
 156660 3957.33 1256.94 809.732 2615.22
 55767.4 29308.8 533.546 165.073 449.134
 16169.8 6860.87 2120.95 37.0021 42.4944
 291278 1932.74 475.675 140.766 5.26333
 24798.9 76238.1 428.955 104.185 31.9613
 7113.04 4067.61 8455.24 46.1041 14.6079
 29196.9 1993.06 998.896 2054.54 14.7439
 36463.3 3839.49 159.224 76.6753 158.495
 40829.2 2302.24 103.216 3.99715 5.88111
 106966 10503.8 498.047 22.0208 2.10587
 79893.2 14343.1 863.762 39.3817 1.90369
 67939.3 10965.9 1221.07 70.7718 3.37567
 43386.1 5092.69 380.328 39.8125 2.40946
 254181 3701.25 214.016 15.1009 1.67127
 19341.6 40744 396.714 22.2107 1.73758
 424845 2754.53 3663.91 34.3835 2.07147
 211661 90886.3 453.161 590.208 5.86571
 210996 33919.7 9737.93 47.0114 61.7293
 212207 34842.7 3799.75 1057.45 11.7878
 397581 38625 4509.9 478.565 134.467
 26106.4 69230.3 4681.29 530.942 72.0564
 178377 5134.69 10053.5 663.473 85.3492
 134082 41423 954.156 1835.11 136.553
 37323.1 30676.6 7529.19 170.26 351.472
 132456 8390.33 5432.22 1308.01 90.5408
 176387 28769.6 1411.79 895.532 230.302
 28214.5 47303.4 6619.9 320.89 255.722
 14353.7 7428.01 10590 1462.88 127.33
pred_Ctot
 3868.49 4041.9 11925.6 1559.62 0.0209334
 6912.69 4024.31 2706.57 7749.94 1011.92
 51374.3 1715.12 554.012 357.219 1153.78
 25566.1 16834.6 310.473 96.1229 261.542
 7534.76 3992.71 1250.17 21.8252 25.0656
 54612.6 504.819 126.858 37.5825 1.40531
 9263.24 36959.5 211.203 51.3395 15.7503
 1095.66 883.269 1876.39 10.2433 3.24575
 12858.2 1108.17 562.97 1158.75 8.31581
 21794.8 2703.09 113.1 54.4895 112.638
 7988.94 625.705 28.6359 1.11018 1.63352
 46524.5 5781.22 277.903 12.2962 1.17594
 34219 7795.55 476.027 21.7196 1.04995
 38589.1 7436.52 836.194 48.4898 2.31293
 23562.4 3339.42 252.023 26.3962 1.59755
 96851.9 1824.81 107.141 7.56597 0.837386
 8076.52 21686.3 214.177 12.0001 0.93882
 117400 1026.2 1390.23 13.0592 0.786801
 80667.2 44817.3 226.902 295.762 2.93952
 78344.7 16360.6 4770.66 23.0501 30.2678
 71694.3 15497 1718.22 478.589 5.33526
 140503 17859.1 2119.1 225.058 63.2397
 8075.25 28507.6 1961.44 222.668 30.2207
 43153.8 1696.48 3386.37 223.71 28.7797
 33297.6 14015.3 329.067 633.531 47.1444
 9547.76 10662 2666.79 60.3658 124.621
 35781.5 3062.89 2020.06 486.882 33.7039
 31003.1 7074.07 354.561 225.159 57.9072
 5211.19 12183.4 1741.03 84.4877 67.3334
 6084.74 4003.08 5787.73 800.102 69.6438
F
 0.213421 0.316818 0.325108 0.325556 0.325579
 0.67455 1.00135 1.02755 1.02897 1.02904
 0.676186 1.00378 1.03004 1.03147 1.03154
 1.09535 1.62602 1.66857 1.67087 1.67099
 1.12421 1.66885 1.71252 1.71488 1.71501
 0.340419 0.505342 0.518565 0.51928 0.519318
 0.807744 1.19907 1.23045 1.23215 1.23223
 0.272258 0.40416 0.414735 0.415307 0.415337
 1.02872 1.52711 1.56707 1.56923 1.56935
 1.76243 2.61628 2.68473 2.68843 2.68863
 0.357663 0.530941 0.544834 0.545585 0.545625
 1.00924 1.49819 1.53739 1.53951 1.53963
 0.9859 1.46354 1.50184 1.50391 1.50402
 1.59081 2.36151 2.4233 2.42664 2.42682
 1.46147 2.16951 2.22628 2.22935 2.22951
 0.830739 1.23321 1.26548 1.26722 1.26731
 0.949007 1.40878 1.44564 1.44763 1.44774
 0.542115 0.804756 0.825813 0.826952 0.827012
 0.830989 1.23358 1.26586 1.2676 1.2677
 0.800997 1.18906 1.22017 1.22185 1.22194
 0.703662 1.04457 1.0719 1.07338 1.07345
 0.74796 1.11033 1.13938 1.14095 1.14103
 0.62616 0.929518 0.953839 0.955155 0.955224
 0.460061 0.682949 0.700819 0.701785 0.701836
 0.47495 0.70505 0.723498 0.724496 0.724549
 0.492533 0.731152 0.750283 0.751318 0.751372
 0.526933 0.782218 0.802685 0.803792 0.803851
 0.316098 0.469239 0.481517 0.482181 0.482216
 0.334579 0.496674 0.50967 0.510373 0.51041
 0.970675 1.44094 1.47864 1.48068 1.48079
nmprior
 8 8 7 0
nm_flota  nm_reclas  nm_pelaces    nm_pelaL
inf 16.3237 5.52617 7.77874
cv_recla  cv_pelaces  cv_mph
0.33781 0.478136 0.908384
 ------------------------------------------------
Talla a la edad & desviación 
 8 13.2811 15.8009 17.003 17.5766
 0.8 1.32811 1.58009 1.7003 1.75766
