years
 1991 1992 1993 1994 1995 1996 1997 1998 1999 2000 2001 2002 2003 2004 2005 2006 2007 2008 2009 2010 2011 2012 2013 2014 2015 2016 2017 2018 2019 2020
reclasobs
 0 0 0 0 0 0 0 0 0 252601 567819 844713 477998 351125 339783 2.1784e+06 2.13404e+06 4.81314e+06 1.55562e+06 2.62356e+06 3.21686e+06 3.843e+06 1.13348e+06 3.07943e+06 1.97215e+06 2.03268e+06 2.025e+06 2.42433e+06 2.27542e+06 1.05018e+06
reclaspred
 2.76912e+06 1.45162e+06 703941 373718 160145 1.41112e+06 598247 330536 229842 209531 389133 611190 588717 406739 344884 1.64846e+06 1.24926e+06 3.68384e+06 2.97366e+06 2.02128e+06 3.72575e+06 3.08928e+06 2.03304e+06 3.39818e+06 2.35902e+06 1.83792e+06 2.56921e+06 3.14245e+06 2.32847e+06 1.05273e+06
pelacesobs
 0 0 0 0 0 0 0 0 0 0 0 0 0 0 0 552880 188675 0 991730 2.46772e+06 1.41603e+06 1.21717e+06 2.29649e+06 1.80582e+06 0 1.4828e+06 1.56532e+06 1.57751e+06 1.42118e+06 867257
pelacespred
 806926 435578 196987 73603.1 34005.5 404306 126691 102198 53180 48611.5 111311 145049 155696 105480 90778.3 409067 311022 1.11011e+06 887109 552929 1.03912e+06 885415 589057 1.11365e+06 729417 568055 920783 1.10135e+06 675190 349664
mphobs
 0 0 0 0 0 0 0 0 0 0 0 498337 0 5186 125008 0 168611 109162 213762 579715 649985 157893 87575 83554 0 0 0 0 0 0
mphpred
 1.71199e+06 940158 435392 217225 82948.8 46987.8 471973 158179 91298 46794.4 48518.3 161688 192283 145460 75707.6 88064.6 677879 469773 1.34235e+06 944810 918964 1.22912e+06 1.1811e+06 790605 1.22471e+06 917689 657893 862085 1.41092e+06 798149
desembarqueobs
 494567 514787 250237 358949 120608 361735 552515 73892 212993 205616 52469 317467 293654 387597 252695 516296 358380 742168 942051 627588 828172 859565 418607 520667 417249 300574 407403 355545 319650 289779
desembarquepred
 494523 514847 249685 358860 120573 361596 552041 73882.2 212873 205511 52465.2 317339 293507 387207 252525 516038 358323 741836 941215 627028 827951 859108 418477 520565 417117 300469 407282 355440 319556 289689
Reclutas
 83357.9 107439 82255.2 45272.6 24504.1 270703 37375.8 11462.9 26188.4 51805.6 68871.4 121168 93178.7 66992.4 52388.4 412898 35764.5 643580 331418 237200 392475 511713 52195.8 289867 203946 76471.5 251683 298540 38283.9 22432.3
log_desv_Rt
 -0.174661 0.0791167 -0.187978 -0.785103 -1.39896 1.00322 -0.97678 -2.15869 -1.33249 -0.650307 -0.365564 0.199376 -0.0632857 -0.393226 -0.63912 1.4254 -1.02085 1.86924 1.20558 0.871098 1.37467 1.63996 -0.642802 1.07162 0.72005 -0.260887 0.930367 1.1011 -0.952775 -1.4873
SSB
 1.71199e+06 940158 435392 217225 82948.8 46987.8 471973 158179 91298 46794.4 48518.3 161688 192283 145460 75707.6 88064.6 677879 469773 1.34235e+06 944810 918964 1.22912e+06 1.1811e+06 790605 1.22471e+06 917689 657893 862085 1.41092e+06 798149
BT
 2.29786e+06 1.51616e+06 689806 458827 178601 1.25143e+06 773420 303248 326146 305589 300601 595796 622690 642580 461470 1.35374e+06 998818 3.22808e+06 2.94071e+06 1.84632e+06 3.07353e+06 2.83919e+06 1.72318e+06 3.05985e+06 2.07688e+06 1.58218e+06 2.54748e+06 2.89859e+06 1.82526e+06 1.10972e+06
Ftot
 0.272087 0.552535 0.559726 1.41122 1.18766 0.573884 1.2876 0.364233 1.58007 1.77854 0.288849 0.956307 0.890406 1.63661 1.39576 0.689273 0.443899 0.421506 0.544555 0.534015 0.410809 0.500714 0.31871 0.298175 0.2985 0.268106 0.310212 0.22368 0.208011 0.409858
BD_Bspro_t
 0.957688 0.712273 0.480096 0.33964 0.158204 0.128464 0.477892 0.206063 0.173097 0.120315 0.155079 0.448744 0.360364 0.264292 0.154789 0.181297 0.502022 0.403034 0.591201 0.474715 0.424951 0.494027 0.514096 0.456793 0.595516 0.584893 0.56477 0.653845 0.737852 0.616207
BD_Bspro
 2.4228 1.33051 0.616166 0.307417 0.117389 0.0664969 0.667935 0.223855 0.129205 0.0662233 0.068663 0.22882 0.272118 0.205855 0.107141 0.124629 0.959332 0.664821 1.8997 1.33709 1.30051 1.73945 1.67149 1.11886 1.73321 1.29871 0.931048 1.22002 1.99673 1.12954
BD_Bo
 1.07791 0.591945 0.274133 0.13677 0.0522264 0.0295846 0.297165 0.0995932 0.0574833 0.0294628 0.0305482 0.101802 0.121066 0.0915851 0.0476672 0.0554475 0.426808 0.29578 0.845177 0.594874 0.5786 0.773883 0.743646 0.497783 0.771106 0.577798 0.414224 0.542788 0.888346 0.502532
BD_Brms
 5.18764 2.84885 1.31932 0.658233 0.25135 0.142381 1.43016 0.479312 0.27665 0.141796 0.147019 0.489943 0.582652 0.440771 0.229408 0.266852 2.0541 1.4235 4.06758 2.86294 2.78463 3.72446 3.57894 2.39568 3.7111 2.78076 1.99354 2.61227 4.27534 2.41854
Sel_flota
 0.613225 0.967871 0.998256 0.999908 0.999995
 0.613225 0.967871 0.998256 0.999908 0.999995
 0.613225 0.967871 0.998256 0.999908 0.999995
 0.613225 0.967871 0.998256 0.999908 0.999995
 0.613225 0.967871 0.998256 0.999908 0.999995
 0.613225 0.967871 0.998256 0.999908 0.999995
 0.613225 0.967871 0.998256 0.999908 0.999995
 0.613225 0.967871 0.998256 0.999908 0.999995
 0.613225 0.967871 0.998256 0.999908 0.999995
 0.613225 0.967871 0.998256 0.999908 0.999995
 0.613225 0.967871 0.998256 0.999908 0.999995
 0.613225 0.967871 0.998256 0.999908 0.999995
 0.613225 0.967871 0.998256 0.999908 0.999995
 0.613225 0.967871 0.998256 0.999908 0.999995
 0.613225 0.967871 0.998256 0.999908 0.999995
 0.613225 0.967871 0.998256 0.999908 0.999995
 0.613225 0.967871 0.998256 0.999908 0.999995
 0.613225 0.967871 0.998256 0.999908 0.999995
 0.613225 0.967871 0.998256 0.999908 0.999995
 0.613225 0.967871 0.998256 0.999908 0.999995
 0.613225 0.967871 0.998256 0.999908 0.999995
 0.613225 0.967871 0.998256 0.999908 0.999995
 0.613225 0.967871 0.998256 0.999908 0.999995
 0.613225 0.967871 0.998256 0.999908 0.999995
 0.613225 0.967871 0.998256 0.999908 0.999995
 0.613225 0.967871 0.998256 0.999908 0.999995
 0.613225 0.967871 0.998256 0.999908 0.999995
 0.613225 0.967871 0.998256 0.999908 0.999995
 0.613225 0.967871 0.998256 0.999908 0.999995
 0.613225 0.967871 0.998256 0.999908 0.999995
Sel_reclas
 1 1 1 1 1
 1 1 1 1 1
 1 1 1 1 1
 1 1 1 1 1
 1 1 1 1 1
 1 1 1 1 1
 1 1 1 1 1
 1 1 1 1 1
 1 1 1 1 1
 1 1 1 1 1
 1 1 1 1 1
 1 1 1 1 1
 1 1 1 1 1
 1 1 1 1 1
 1 1 1 1 1
 1 1 1 1 1
 1 1 1 1 1
 1 1 1 1 1
 1 1 1 1 1
 1 1 1 1 1
 1 1 1 1 1
 1 1 1 1 1
 1 1 1 1 1
 1 1 1 1 1
 1 1 1 1 1
 1 1 1 1 1
 1 1 1 1 1
 1 1 1 1 1
 1 1 1 1 1
 1 1 1 1 1
Sel_pelaces
 1 1 1 1 1
 1 1 1 1 1
 1 1 1 1 1
 1 1 1 1 1
 1 1 1 1 1
 1 1 1 1 1
 1 1 1 1 1
 1 1 1 1 1
 1 1 1 1 1
 1 1 1 1 1
 1 1 1 1 1
 1 1 1 1 1
 1 1 1 1 1
 1 1 1 1 1
 1 1 1 1 1
 1 1 1 1 1
 1 1 1 1 1
 1 1 1 1 1
 1 1 1 1 1
 1 1 1 1 1
 1 1 1 1 1
 1 1 1 1 1
 1 1 1 1 1
 1 1 1 1 1
 1 1 1 1 1
 1 1 1 1 1
 1 1 1 1 1
 1 1 1 1 1
 1 1 1 1 1
 1 1 1 1 1
pf_obs 
 0.8446 0.082 0.0669 0.0065 0
 0.8095 0.147 0.0364 0.0071 0
 0.9664 0.0169 0.016 0.0007 0
 0.9276 0.0648 0.0075 0.0001 0
 0.7033 0.2144 0.0806 0.0017 0
 0.9318 0.0425 0.0243 0.0014 0
 0.5671 0.3108 0.0964 0.0239 0.0018
 0.0768 0.2599 0.5324 0.112 0.0189
 0.490249 0.384438 0.106611 0.0170017 0.00170017
 0.7925 0.1577 0.0466 0.003 0.0002
 0.840416 0.127587 0.0312969 0.00059994 9.999e-05
 0.8084 0.0986 0.0794 0.0134 0.0002
 0.7335 0.1905 0.0724 0.0035 0.0001
 0.4001 0.4547 0.1325 0.0127 0
 0.49795 0.308269 0.164784 0.0264974 0.00249975
 0.9179 0.0499 0.0305 0.0017 0
 0.2467 0.6533 0.0926 0.0074 0
 0.9418 0.0223 0.034 0.0019 0
 0.707729 0.231977 0.0356964 0.0245975 0
 0.517169 0.277429 0.184464 0.0207286 0.00020938
 0.811772 0.124168 0.05621 0.00726502 0.000585176
 0.764997 0.148141 0.077277 0.00933861 0.000247198
 0.163321 0.427699 0.378323 0.0303852 0.000271297
 0.753843 0.0900009 0.118128 0.0371064 0.000921714
 0.721811 0.176058 0.0630433 0.0369309 0.00215725
 0.143369 0.312575 0.442814 0.0836902 0.0175525
 0.692698 0.0596174 0.167031 0.0765114 0.00414204
 0.394062 0.376323 0.152708 0.0712218 0.00568511
 0.125707 0.32114 0.495352 0.0537591 0.00404204
 0.23352 0.215282 0.420074 0.123614 0.00750983
pf_pred 
 0.316876 0.230656 0.402675 0.0497919 9.7992e-07
 0.552407 0.195339 0.0871467 0.146968 0.0181396
 0.578377 0.289651 0.0589456 0.0252644 0.047762
 0.528429 0.334334 0.0955061 0.0186625 0.0230684
 0.645832 0.25186 0.0737885 0.0198676 0.00865251
 0.971137 0.0227921 0.00438441 0.00121734 0.000469132
 0.279944 0.708181 0.00945801 0.00174657 0.000670326
 0.353586 0.288795 0.35204 0.00444611 0.00113268
 0.740826 0.125389 0.0609908 0.0716608 0.00113335
 0.905116 0.0825607 0.00616297 0.00281365 0.00334668
 0.8718 0.122799 0.00474038 0.000330755 0.000329373
 0.789594 0.193152 0.0165512 0.00061688 8.57382e-05
 0.701185 0.262505 0.0334629 0.00273106 0.00011563
 0.678371 0.26295 0.0518428 0.00630144 0.000534688
 0.782827 0.180364 0.0304436 0.00562668 0.000739352
 0.96879 0.0276615 0.00297596 0.000473738 9.87481e-05
 0.192141 0.793657 0.0126481 0.00130372 0.000250214
 0.925315 0.0214471 0.0523367 0.000803097 9.84657e-05
 0.541699 0.437892 0.00601865 0.0141471 0.000243208
 0.5546 0.299521 0.139635 0.00184415 0.00439983
 0.741574 0.177131 0.055375 0.0248128 0.00110709
 0.719764 0.232596 0.0330394 0.00995142 0.00464872
 0.169289 0.677673 0.127865 0.0174699 0.00770354
 0.753623 0.0621248 0.151284 0.027554 0.00541423
 0.559566 0.368689 0.0185723 0.043674 0.00949956
 0.352745 0.437833 0.176332 0.00857772 0.0245121
 0.767386 0.109927 0.0839162 0.0326545 0.00611606
 0.683496 0.267888 0.023408 0.0172526 0.00795583
 0.168676 0.64624 0.157473 0.013307 0.0143044
 0.230812 0.190157 0.453449 0.106876 0.0187053
pobs_RECLAS
 0 0 0 0 0
 0 0 0 0 0
 0 0 0 0 0
 0 0 0 0 0
 0 0 0 0 0
 0 0 0 0 0
 0 0 0 0 0
 0 0 0 0 0
 0 0 0 0 0
 0 0 0 0 0
 0.991045 0.00858322 0.000360255 1.14367e-05 0
 0.934742 0.0480273 0.0164251 0.00080598 0
 0.827803 0.169806 0.00239088 0 0
 0.941827 0.0461693 0.0120037 0 0
 0.791401 0.0380133 0.147996 0.0225897 0
 0.846168 0.0940531 0.0597789 0 0
 0.134021 0.677848 0.182769 0.00536245 0
 0.80878 0.0450904 0.141981 0.00414843 0
 0.846168 0.0940531 0.0597789 0 0
 0.905697 0.0802665 0.012482 0.00150086 5.37128e-05
 0.989698 0.0102097 9.19794e-05 0 0
 0.975433 0.0193895 0.00387452 0.00125025 5.28907e-05
 0.303575 0.632131 0.0575291 0.00676475 0
 0.966965 0.00978017 0.0227588 0.000495775 0
 0.843318 0.132988 0.00938335 0.0141283 0.000182051
 0.564624 0.303363 0.111486 0.0197234 0.00080311
 0.826376 0.0876187 0.0782897 0.00655872 0.00115652
 0.89761 0.0855135 0.0140674 0.00269457 0.000114338
 0.34875 0.467042 0.161289 0.0227151 0.000203297
 0.318654 0.224769 0.449479 0.00709798 0
ppred_RECLAS
 0.430156 0.196499 0.332321 0.0410226 8.07265e-07
 0.670083 0.14676 0.0633493 0.106646 0.0131617
 0.691274 0.214337 0.0422018 0.0180559 0.0341314
 0.660097 0.243723 0.0669773 0.0130606 0.0161422
 0.756196 0.175241 0.0494778 0.0132955 0.00578971
 0.982068 0.0142594 0.00265371 0.000735504 0.000283418
 0.39753 0.5929 0.00762517 0.00140525 0.000539273
 0.471085 0.240511 0.283913 0.00357953 0.000911833
 0.835454 0.0813075 0.037992 0.0445422 0.000704373
 0.944426 0.0486224 0.00348039 0.00158535 0.00188546
 0.915668 0.0808865 0.00302463 0.000210681 0.000209782
 0.861635 0.127382 0.0105364 0.000391957 5.44714e-05
 0.795158 0.180708 0.0222454 0.00181215 7.67173e-05
 0.78788 0.174698 0.0330706 0.00401091 0.000340294
 0.861283 0.115956 0.0188311 0.00347321 0.000456333
 0.980655 0.0172113 0.0017903 0.00028448 5.92927e-05
 0.276473 0.711209 0.010972 0.00112899 0.000216659
 0.953128 0.0137729 0.032539 0.00049844 6.11069e-05
 0.656406 0.328785 0.00437255 0.0102597 0.000176362
 0.669968 0.224322 0.101193 0.0013341 0.00318263
 0.82294 0.122609 0.037111 0.0166001 0.000740591
 0.80616 0.161788 0.0222412 0.00668727 0.00312361
 0.246576 0.618235 0.112983 0.0154102 0.0067947
 0.833269 0.0430612 0.101573 0.0184683 0.00362861
 0.670782 0.27706 0.0135189 0.0317365 0.0069024
 0.467297 0.364058 0.142038 0.00689776 0.0197096
 0.842652 0.0756322 0.055923 0.0217243 0.00406852
 0.775351 0.19108 0.0161774 0.0119032 0.00548854
 0.245144 0.590913 0.139522 0.0117702 0.0126513
 0.330204 0.169695 0.391786 0.0921824 0.0161322
pobs_PELACES
 0 0 0 0 0
 0 0 0 0 0
 0 0 0 0 0
 0 0 0 0 0
 0 0 0 0 0
 0 0 0 0 0
 0 0 0 0 0
 0 0 0 0 0
 0 0 0 0 0
 0 0 0 0 0
 0 0 0 0 0
 0 0 0 0 0
 0 0 0 0 0
 0 0 0 0 0
 0 0 0 0 0
 0 0 0 0 0
 0.505614 0.472636 0.0217494 0 0
 0 0 0 0 0
 0.443492 0.261883 0.143347 0.151278 0
 0.227955 0.32914 0.350689 0.0885471 0.00366901
 0.970185 0.0296113 0.000203453 0 0
 0.997202 0.00247181 0.000326279 0 0
 0.445219 0.490057 0.0546422 0.010081 0
 0.90214 0.0892962 0.00764917 0.000914606 0
 0 0 0 0 0
 0.581667 0.319106 0.0959925 0.00289975 0.000334073
 0.762889 0.0836404 0.116647 0.0363945 0.000428098
 0.88444 0.0763242 0.0277011 0.0115352 0
 0.521256 0.241999 0.230069 0.00667565 0
 0.616807 0.101726 0.260614 0.0208532 0
ppred_PELACES
 0.438421 0.193998 0.327197 0.040384 7.94693e-07
 0.684905 0.140613 0.0603607 0.101584 0.0125368
 0.705443 0.204861 0.0401104 0.0171559 0.0324294
 0.696976 0.218162 0.0591104 0.0115177 0.0142346
 0.781481 0.1576 0.0439701 0.0118078 0.00514171
 0.983233 0.0133489 0.00247002 0.000684379 0.000263713
 0.434167 0.55696 0.00707106 0.00130222 0.000499715
 0.482214 0.23592 0.277477 0.0034977 0.000890978
 0.860317 0.0695916 0.0320064 0.0374923 0.000592863
 0.954492 0.0399064 0.00280601 0.00127693 0.00151858
 0.918251 0.0784184 0.00292386 0.00020363 0.000202759
 0.87453 0.115599 0.00947047 0.000352121 4.8934e-05
 0.811771 0.166227 0.0202809 0.00165132 6.99065e-05
 0.818561 0.149863 0.0279076 0.00338171 0.000286897
 0.879917 0.100611 0.0161121 0.00296945 0.000390131
 0.982141 0.0159015 0.00164266 0.000260922 5.43816e-05
 0.287001 0.700914 0.0107652 0.00110744 0.000212521
 0.955411 0.0131414 0.0309161 0.00047347 5.8045e-05
 0.670687 0.315197 0.004169 0.00977924 0.0001681
 0.684009 0.215147 0.0965364 0.00127234 0.00303524
 0.830018 0.117858 0.0355266 0.0158879 0.000708805
 0.815281 0.154305 0.0211063 0.00634433 0.00296338
 0.253681 0.61276 0.111625 0.0152224 0.00671181
 0.838365 0.0418387 0.0983944 0.0178875 0.00351447
 0.678558 0.27065 0.0131667 0.0309045 0.0067214
 0.475329 0.358876 0.139641 0.00678034 0.0193739
 0.847618 0.0733655 0.0540785 0.0210042 0.00393362
 0.779937 0.187244 0.0158171 0.0116367 0.00536562
 0.249762 0.587566 0.138442 0.0116778 0.0125519
 0.341596 0.167328 0.384735 0.0905032 0.0158382
pobs_pel_tallas
 0 0 0 0 0 0 0 0 0 0 0 0 0 0 0 0 0 0 0 0 0 0 0 0 0 0
 0 0 0 0 0 0 0 0 0 0 0 0 0 0 0 0 0 0 0 0 0 0 0 0 0 0
 0 0 0 0 0 0 0 0 0 0 0 0 0 0 0 0 0 0 0 0 0 0 0 0 0 0
 0 0 0 0 0 0 0 0 0 0 0 0 0 0 0 0 0 0 0 0 0 0 0 0 0 0
 0 0 0 0 0 0 0 0 0 0 0 0 0 0 0 0 0 0 0 0 0 0 0 0 0 0
 0 0 0 0 0 0 0 0 0 0 0 0 0 0 0 0 0 0 0 0 0 0 0 0 0 0
 0 0 0 0 0 0 0 0 0 0 0 0 0 0 0 0 0 0 0 0 0 0 0 0 0 0
 0 0 0 0 0 0 0 0 0 0 0 0 0 0 0 0 0 0 0 0 0 0 0 0 0 0
 0 0 0 0 0 0 0 0 0 0 0 0 0 0 0 0 0 0 0 0 0 0 0 0 0 0
 0 0 0 0 0 0 0 0 0 0 0 0 0 0 0 0 0 0 0 0 0 0 0 0 0 0
 0 0 0 0 0 0 0 0 0 0 0 0 0 0 0 0 0 0 0 0 0 0 0 0 0 0
 0 0 0 0 0 0 0 0 0 0 0 0 0 0 0 0 0 0 0 0 0 0 0 0 0 0
 0.00862536 0 0 0.000197151 0.00414017 0.0128641 0.00837892 0.0270097 0.101434 0.158115 0.152841 0.127902 0.109271 0.109419 0.0830992 0.0579132 0.0238553 0.00714673 0.00463305 0.00128148 0.00103504 0.000492878 0.000147863 0.000147863 4.92878e-05 0
 0 0 0 0 0 0 0 0 0 0 0 0 0 0 0 0 0 0 0 0 0 0 0 0 0 0
 0 0 0 0 0 0 0 0.0054083 0.00873648 0.0413646 0.0450493 0.0745869 0.0622846 0.0627006 0.0613931 0.0827291 0.12552 0.122667 0.0946155 0.0697135 0.0546179 0.0294188 0.0215738 0.0213955 0.0102223 0.00600262
 0 0 0 0 0.00359764 0.0251062 0.0480494 0.140153 0.205849 0.193036 0.1447 0.116669 0.0760912 0.0342217 0.00950174 0.001854 0.000860785 0 0 0 0.000165536 0 0.000143464 0 0 0
 0 0 0 0 0 0 0 0.000145254 0.000435761 0.0275982 0.070085 0.0708112 0.156366 0.174668 0.174014 0.160142 0.0824315 0.0480064 0.0283245 0.00493863 0.00203355 0 0 0 0 0
 0 0 0 0 0 0 0 0 0 0 0 0 0 0 0 0 0 0 0 0 0 0 0 0 0 0
 0 0 1.00437e-05 0.000401748 0.00122533 0.00171747 0.00176769 0.0269171 0.070346 0.194647 0.189555 0.159765 0.064822 0.0314167 0.0384472 0.0292271 0.0345202 0.0313363 0.0194345 0.0106764 0.0143323 0.0359363 0.0279516 0.0138201 0.00172751 0
 0 0.0021121 0.0136068 0.0755702 0.200478 0.177729 0.0527432 0.0373336 0.0318909 0.0142505 0.0149659 0.0166563 0.0217959 0.0798694 0.0677717 0.0528807 0.04013 0.0224614 0.0357745 0.0225083 0.00881397 0.00855152 0.00135912 0.000746735 0 0
 0 0 0 0 5.4009e-05 0.00500934 0.000945158 0.0243581 0.138947 0.33067 0.221406 0.137944 0.0707744 0.0437923 0.0131692 0.00525238 0.0047753 0.00276346 9.45158e-05 9.00151e-06 2.25038e-05 9.00151e-06 4.50075e-06 0 0 0
 0.000866109 0.00284123 0.00948549 0.0512746 0.133035 0.25785 0.225252 0.132002 0.0553304 0.0519788 0.0540692 0.017754 0.00435017 0.00159236 0.00146478 0.000404838 0.000125132 0.000115318 0.000107957 0.000100596 0 0 0 0 0 0
 0 0 0 0 0.00144013 0.00171154 0.00461396 0.0210425 0.0478622 0.0707936 0.0888783 0.103762 0.0637923 0.0337046 0.0602308 0.124433 0.169614 0.0934646 0.0462172 0.0250306 0.0313229 0.00938855 0.002487 0.000210481 0 0
 0 0.00764035 0.051015 0.0998891 0.058973 0.0496711 0.0374665 0.0718981 0.12319 0.153886 0.159021 0.0857701 0.0377988 0.023471 0.0147837 0.00900784 0.00315554 0.000888139 0.00291439 0.00214683 0.00393193 0.00274676 0.000635225 9.99891e-05 0 0
 0 0 0 0 0 0 0 0 0 0 0 0 0 0 0 0 0 0 0 0 0 0 0 0 0 0
 0 0 0 0 0 0 0 0 0 0 0 0 0 0 0 0 0 0 0 0 0 0 0 0 0 0
 0 0 0 0 0 0 0 0 0 0 0 0 0 0 0 0 0 0 0 0 0 0 0 0 0 0
 0 0 0 0 0 0 0 0 0 0 0 0 0 0 0 0 0 0 0 0 0 0 0 0 0 0
 0 0 0 0 0 0 0 0 0 0 0 0 0 0 0 0 0 0 0 0 0 0 0 0 0 0
 0 0 0 0 0 0 0 0 0 0 0 0 0 0 0 0 0 0 0 0 0 0 0 0 0 0
ppred_pel_tallas
 1.13542e-16 3.61122e-05 0.000351023 0.00233267 0.010604 0.0329931 0.070296 0.102603 0.102622 0.0703899 0.0333098 0.0115247 0.00466667 0.00552172 0.0100775 0.0171798 0.0260876 0.0356026 0.0444309 0.0518315 0.0577728 0.0623881 0.065286 0.0654629 0.0619586 0.0546703
 1.14087e-16 5.64148e-05 0.000548372 0.00364412 0.0165657 0.051542 0.109816 0.160283 0.160296 0.109883 0.0517665 0.0172153 0.00528027 0.00413836 0.00692995 0.0115184 0.0169574 0.022144 0.0260343 0.0282599 0.0293632 0.030358 0.0319424 0.033985 0.0356292 0.0358428
 1.08419e-16 5.81064e-05 0.000564815 0.0037534 0.0170624 0.0530876 0.113109 0.165091 0.16511 0.113206 0.0534121 0.0180001 0.00610869 0.00571153 0.00984827 0.0162322 0.0234841 0.0297721 0.0332869 0.0332435 0.0303654 0.0263875 0.0229761 0.0208974 0.0199239 0.0193071
 1.05326e-16 5.7409e-05 0.000558036 0.00370835 0.0168576 0.0524504 0.111752 0.16311 0.163131 0.111855 0.0527964 0.0178575 0.00622066 0.00605027 0.0105113 0.0173476 0.0251286 0.0319063 0.0357318 0.0357097 0.0325105 0.0278614 0.0234467 0.0200862 0.0176767 0.0156795
 1.03364e-16 6.43696e-05 0.000625695 0.00415796 0.0189015 0.0588097 0.125301 0.182883 0.182899 0.125375 0.0590597 0.019624 0.00597335 0.00459469 0.00761989 0.0125418 0.0181703 0.023081 0.0258645 0.0258698 0.0235709 0.0202002 0.0169573 0.0144235 0.012528 0.0109035
 1.00189e-16 8.09876e-05 0.000787228 0.00523141 0.0237812 0.0739922 0.157648 0.230093 0.230094 0.157655 0.0740134 0.0238423 0.00538469 0.00112201 0.000717293 0.00105894 0.00152062 0.00191846 0.0021258 0.0020861 0.00184152 0.00150241 0.00117947 0.000931553 0.000759436 0.000633648
 1.00562e-16 3.57619e-05 0.000347619 0.00231005 0.0105012 0.0326734 0.0696161 0.101618 0.101671 0.0698777 0.0335516 0.0130364 0.0086681 0.0142082 0.0263033 0.0432806 0.0619975 0.0772343 0.0836986 0.0789537 0.0649136 0.046644 0.0294675 0.0165829 0.00854883 0.00425958
 1.0857e-16 3.97194e-05 0.000386087 0.00256568 0.0116632 0.0362888 0.077318 0.112853 0.112876 0.0774311 0.0366697 0.0127681 0.00535695 0.00653839 0.0118961 0.0200501 0.0299124 0.0397526 0.0477369 0.0528611 0.0552972 0.0558117 0.0548399 0.052114 0.0471214 0.0398524
 1.04802e-16 7.08632e-05 0.000688815 0.00457742 0.0208083 0.0647423 0.137941 0.20133 0.201337 0.137974 0.0648534 0.0211296 0.00538644 0.00246315 0.00346541 0.00568344 0.00834119 0.0108394 0.0126289 0.0134875 0.0136437 0.0135773 0.0136526 0.01388 0.0139625 0.0135369
 1.00477e-16 7.86203e-05 0.000764217 0.00507849 0.0230861 0.0718294 0.15304 0.223368 0.223371 0.153059 0.0718924 0.023268 0.00553506 0.00176027 0.00196846 0.00312508 0.0044833 0.00561562 0.00614629 0.00590655 0.00503375 0.00388209 0.00281468 0.00203617 0.00156204 0.0012953
 1.0016e-16 7.56352e-05 0.000735201 0.00488567 0.0222095 0.0691022 0.14723 0.214888 0.214895 0.147267 0.0692259 0.0225667 0.00578156 0.00268873 0.00377923 0.00611097 0.00875538 0.0109247 0.0118727 0.0112566 0.0093415 0.00683136 0.00446274 0.00267424 0.00153845 0.000901756
 1.00347e-16 7.20339e-05 0.000700195 0.00465304 0.0211521 0.065812 0.14022 0.204657 0.204668 0.140274 0.0659945 0.0216792 0.00597553 0.00358518 0.00554518 0.00903746 0.0129742 0.0162348 0.0177288 0.0169509 0.0142795 0.0107256 0.00734098 0.00474246 0.00302466 0.00197214
 1.00806e-16 6.68646e-05 0.000649947 0.00431913 0.0196341 0.0610892 0.130158 0.189972 0.189988 0.130236 0.0613519 0.0203929 0.0062233 0.00480558 0.00795561 0.0130368 0.01875 0.023527 0.0258137 0.0248865 0.0212757 0.0164019 0.0117304 0.00810289 0.00562937 0.00400337
 1.01232e-16 6.74238e-05 0.000655383 0.00435525 0.0197984 0.0616001 0.131246 0.191561 0.191575 0.131317 0.0618373 0.0204835 0.00607559 0.00441234 0.00720671 0.011818 0.0170416 0.0214779 0.0237435 0.0231913 0.0202803 0.0162435 0.0123334 0.00924167 0.00702634 0.00541222
 1.00855e-16 7.24776e-05 0.000704508 0.00468171 0.0212824 0.0662174 0.141083 0.205918 0.205927 0.141131 0.0663765 0.0217421 0.0058358 0.00322431 0.00485917 0.00792134 0.0114103 0.0143611 0.0158411 0.0154175 0.0134064 0.0106489 0.00800164 0.00593978 0.00450263 0.00349389
 1.00087e-16 8.08976e-05 0.000786354 0.0052256 0.0237548 0.07391 0.157473 0.229837 0.229839 0.157481 0.0739351 0.0238274 0.00540766 0.00118362 0.000834866 0.00125078 0.00179062 0.00224448 0.00245901 0.00236508 0.0020144 0.00154444 0.00109708 0.000753879 0.000525036 0.000379532
 1.00637e-16 2.364e-05 0.000229789 0.00152703 0.00694172 0.0215986 0.0460206 0.0671826 0.06725 0.0463499 0.022704 0.0101324 0.00952901 0.0176745 0.0330848 0.0544756 0.0780425 0.0972358 0.105397 0.0994594 0.0818238 0.0588556 0.037242 0.021002 0.0108405 0.00537672
 1.00953e-16 7.86959e-05 0.000764953 0.00508338 0.0231083 0.0718985 0.153187 0.223582 0.223583 0.153194 0.0719202 0.0231716 0.00524439 0.00112352 0.00078031 0.00121903 0.00187256 0.00261167 0.00335283 0.0040416 0.0046517 0.00514808 0.00545224 0.00545735 0.00509197 0.00438085
 1.01211e-16 5.52436e-05 0.000536988 0.00356848 0.0162218 0.0504722 0.107537 0.15696 0.156991 0.107686 0.0509693 0.0176568 0.00716754 0.00838375 0.0149283 0.0245154 0.0351316 0.043807 0.0475613 0.0450343 0.0373232 0.0272946 0.0179362 0.011008 0.00675829 0.00449582
 1.03483e-16 5.63409e-05 0.000547654 0.00363935 0.016544 0.0514746 0.109673 0.160075 0.160096 0.109775 0.0518169 0.0175339 0.00612904 0.00599831 0.0104537 0.017311 0.025204 0.0322561 0.036564 0.0372014 0.0346954 0.0305364 0.026159 0.0222377 0.0187171 0.0153056
 1.02769e-16 6.83675e-05 0.000664557 0.00441621 0.0200755 0.0624623 0.133083 0.194241 0.194252 0.133139 0.0626494 0.0206162 0.00577525 0.00363688 0.00572973 0.00940749 0.0136476 0.0173796 0.01956 0.0197099 0.0181813 0.0158772 0.0136593 0.0119178 0.0105597 0.00929076
 1.01787e-16 6.71536e-05 0.000652757 0.0043378 0.019719 0.0613533 0.13072 0.190793 0.190808 0.130793 0.0615973 0.0204238 0.00610683 0.00451455 0.00740143 0.01213 0.0174681 0.0219692 0.0242077 0.0235288 0.0204345 0.0162377 0.0122711 0.0092674 0.00726757 0.00593006
 1.06041e-16 2.08955e-05 0.000203111 0.00134975 0.0061358 0.0190911 0.0406777 0.0593827 0.0594418 0.0409665 0.0200608 0.00893721 0.0083834 0.0155633 0.0292092 0.0482981 0.0696703 0.0878101 0.0970843 0.0948632 0.0830463 0.0666966 0.0509491 0.0386212 0.0299102 0.0236274
 1.05239e-16 6.9055e-05 0.000671239 0.00446062 0.0202773 0.0630904 0.134421 0.196192 0.196196 0.134441 0.0631596 0.0204794 0.00497494 0.001818 0.00231739 0.003906 0.00605051 0.00850966 0.0110645 0.0135845 0.0160212 0.0182704 0.0200405 0.0208909 0.0204494 0.0186443
 1.04686e-16 5.5892e-05 0.00054329 0.00361035 0.0164122 0.0510645 0.108799 0.158801 0.158827 0.108926 0.0514918 0.0176462 0.00670663 0.00729835 0.0128734 0.0211655 0.0304232 0.0381435 0.0418339 0.0403896 0.0347836 0.0274426 0.0208112 0.0162 0.013585 0.0121653
 1.08081e-16 3.91523e-05 0.000380574 0.00252905 0.0114967 0.0357707 0.0762146 0.111245 0.111279 0.0763844 0.0363411 0.013146 0.00667556 0.00945445 0.0173365 0.0287666 0.0418262 0.053411 0.060351 0.0611422 0.0567573 0.0498164 0.0428413 0.0370124 0.032166 0.0276166
 1.04352e-16 6.98172e-05 0.000678648 0.00450985 0.0205012 0.0637867 0.135905 0.198358 0.198365 0.13594 0.0639043 0.0208417 0.00536845 0.00256527 0.00368919 0.00608423 0.00898372 0.0117756 0.0138821 0.0150389 0.0154168 0.0154244 0.0153585 0.0152032 0.01471 0.0136396
 1.0258e-16 6.42424e-05 0.000624459 0.00414975 0.0188642 0.0586935 0.125053 0.182523 0.182541 0.125142 0.0589894 0.0197184 0.00629337 0.00530202 0.00894217 0.0146675 0.0210918 0.026463 0.029048 0.0280641 0.0241543 0.0189644 0.0141663 0.0106791 0.00853709 0.00726388
 1.07441e-16 2.05727e-05 0.000199974 0.0013289 0.00604103 0.0187962 0.0400493 0.0584651 0.0585218 0.0403265 0.0197271 0.0087308 0.00808461 0.0149609 0.0280927 0.0465098 0.0672269 0.0850142 0.0945209 0.0932354 0.0829157 0.0682698 0.0540214 0.0426857 0.0343519 0.027903
 1.22902e-16 2.81368e-05 0.0002735 0.0018175 0.00826211 0.0257066 0.0547712 0.0799437 0.0799604 0.0548532 0.0259835 0.00906961 0.00387319 0.00485652 0.00901275 0.0155906 0.0241785 0.0340208 0.0442824 0.0544854 0.0644922 0.0739351 0.0816569 0.085837 0.0848552 0.0782538
pSPR Fmed_Fpbrs
0.434924   0.257784 0.257784
Fs Fmed_Fpbrs
0.554545   1.005 1.005
SSBpbr Bo_Bmed_Bpbrs
1.58825e+06  611357  330013 330013
Ro
99266.2
SPR SPRFo_SPRFmed_SPRFpbrs
706616 307324 182154
Fref
1.005
log_Ro
11.3256
likeval ReclasPelacesDesembMPH_pf_preclas_ppelaces_ptallas_desvR_qrecl_qpela
 10.3247 42.1263 0.0576905 0.00182321 237.364 103.746 81.2241 0 45.7087 8.87124e-06 0 0.0996529 0 0 0
q_reclas_q_pelaces
1.5251 1
M
1
N
 83357.9 39960.9 67862.1 8378.96 0.164888
 107439 25953.1 11297.2 19027.1 2348.28
 82255.2 28165.4 5592.97 2394.04 4525.6
 45272.6 21468.5 6027.61 1176.75 1454.49
 24504.1 7009.78 2015.18 542.044 236.053
 270703 4351.57 816.932 226.529 87.2925
 37375.8 70042.4 918.596 169.469 65.0384
 11462.9 6242.83 7410.28 93.4559 23.8069
 26188.4 3372.86 1614.3 1895.1 29.9704
 51805.6 3656.04 268.867 122.652 145.881
 68871.4 6403.56 240.505 16.7564 16.685
 121168 21223.6 1781.2 66.3135 9.21618
 93178.7 24797.6 3094.2 252.245 10.6792
 66992.4 19855.9 3853.38 467.983 39.7074
 52388.4 9033.77 1498.52 276.705 36.3576
 412898 8188.84 860.758 136.853 28.5244
 35764.5 99536.2 1545.96 159.133 30.5392
 643580 10021.6 23828.5 365.138 44.7654
 331418 182832 2451.7 5755.25 98.9337
 237200 87308.3 39706.3 523.707 1249.39
 392475 62892.8 19155.5 8571.36 382.406
 511713 112230 15546.3 4676.25 2184.31
 52195.8 138478 25429.9 3469.4 1529.75
 289867 15792.9 37421.4 6805.78 1337.2
 203946 88816.7 4353.44 10222.5 2223.33
 76471.5 62477.5 24475.3 1188.85 3397.05
 251683 23867.3 17731 6889.7 1290.32
 298540 76549.9 6503 4785.76 2206.72
 38283.9 95749.7 22679.2 1913.58 2056.84
 22432.3 12397.2 28801 6778.81 1186.34
pred_Ctot
 8208.44 5974.96 10431 1289.82 0.0253841
 20062.4 7094.34 3165.01 5337.59 658.797
 15532.8 7778.83 1583.04 678.497 1282.69
 17750.9 11230.9 3208.23 626.908 774.909
 8492.26 3311.79 970.269 261.245 113.775
 52234.1 1225.91 235.822 65.4766 25.233
 13736.3 34748.9 464.085 85.7004 32.8915
 1477.06 1206.4 1470.6 18.5731 4.73164
 11088.4 1876.78 912.889 1072.59 16.9635
 23685.3 2160.47 161.274 73.6282 87.5766
 7169.85 1009.92 38.9858 2.72019 2.70882
 35623.8 8714.35 746.735 27.8315 3.86822
 25896 9694.78 1235.84 100.863 4.27043
 29031.5 11253.2 2218.66 269.676 22.8825
 20384 4696.49 792.72 146.513 19.252
 93100.1 2658.25 285.988 45.5259 9.48962
 5508.11 22751.8 362.583 37.3737 7.17288
 94632.8 2193.42 5352.53 82.1334 10.0702
 61109.9 49399.4 678.974 1595.96 27.4367
 42999.4 23222.5 10826.2 142.981 341.129
 56392.4 13469.7 4210.94 1886.86 84.1874
 87679.8 28334.3 4024.78 1212.26 566.295
 5951.46 23824 4495.19 614.165 270.823
 31079.1 2562 6238.88 1136.31 223.28
 21888.7 14422.1 726.499 1708.41 371.598
 7427.48 9219.09 3712.89 180.614 516.131
 27990.9 4009.66 3060.89 1191.09 223.087
 24460.7 9587.09 837.718 617.431 284.721
 2928.49 11219.8 2733.98 231.032 248.348
 3216.44 2649.91 6318.97 1489.35 260.665
F
 0.166851 0.263345 0.271613 0.272062 0.272086
 0.338829 0.534783 0.551572 0.552485 0.552533
 0.343238 0.541742 0.558749 0.559674 0.559723
 0.865396 1.36588 1.40876 1.41109 1.41121
 0.728305 1.1495 1.18559 1.18755 1.18766
 0.35192 0.555446 0.572884 0.573832 0.573882
 0.78959 1.24623 1.28536 1.28748 1.2876
 0.223357 0.352531 0.363598 0.3642 0.364231
 0.968936 1.5293 1.57731 1.57992 1.58006
 1.09064 1.7214 1.77544 1.77838 1.77853
 0.177129 0.279569 0.288345 0.288822 0.288848
 0.586432 0.925582 0.954639 0.956219 0.956303
 0.546019 0.861798 0.888853 0.890324 0.890402
 1.00361 1.58403 1.63375 1.63646 1.6366
 0.855913 1.35091 1.39332 1.39563 1.39575
 0.422679 0.667127 0.688071 0.689209 0.689269
 0.27221 0.429637 0.443125 0.443859 0.443897
 0.258478 0.407963 0.420771 0.421467 0.421504
 0.333935 0.527059 0.543605 0.544505 0.544552
 0.327471 0.516857 0.533083 0.533965 0.534012
 0.251918 0.39761 0.410092 0.410771 0.410807
 0.30705 0.484627 0.499841 0.500668 0.500712
 0.195441 0.30847 0.318154 0.318681 0.318708
 0.182849 0.288595 0.297655 0.298148 0.298174
 0.183047 0.288909 0.297979 0.298472 0.298498
 0.164409 0.259492 0.267639 0.268082 0.268105
 0.190229 0.300245 0.309671 0.310183 0.31021
 0.137166 0.216493 0.22329 0.223659 0.223679
 0.127557 0.201328 0.207648 0.207992 0.20801
 0.251335 0.396689 0.409143 0.40982 0.409856
nmprior
 8 8 7 0
nm_flota  nm_reclas  nm_pelaces    nm_pelaL
inf 14.8109 8.28929 12.6538
cv_recla  cv_pelaces  cv_mph
0.297485 0.763732 1.31772
 ------------------------------------------------
Talla a la edad & desviación 
 8 13.2811 15.8009 17.003 17.5766
 0.8 1.32811 1.58009 1.7003 1.75766
