years
 1991 1992 1993 1994 1995 1996 1997 1998 1999 2000 2001 2002 2003 2004 2005 2006 2007 2008 2009 2010 2011 2012 2013 2014 2015 2016 2017 2018 2019 2020
reclasobs
 0 0 0 0 0 0 0 0 0 252601 567819 844713 477998 351125 339783 2.1784e+06 2.13404e+06 4.81314e+06 1.55562e+06 2.62356e+06 3.21686e+06 3.843e+06 1.13348e+06 3.07943e+06 1.97215e+06 2.03268e+06 2.025e+06 2.42433e+06 2.27542e+06 1.05018e+06
reclaspred
 3.40805e+06 1.96492e+06 1.00465e+06 1.09733e+06 1.16162e+06 1.76056e+06 1.25166e+06 1.13589e+06 822153 603892 567433 669874 665995 551664 553371 1.18239e+06 1.25639e+06 2.48257e+06 2.09611e+06 1.6134e+06 2.87109e+06 2.31432e+06 1.91108e+06 2.92992e+06 2.20117e+06 1.95502e+06 2.27567e+06 2.31884e+06 1.95161e+06 1.33411e+06
pelacesobs
 0 0 0 0 0 0 0 0 0 0 0 0 0 0 0 552880 188675 0 991730 2.46772e+06 1.41603e+06 1.21717e+06 2.29649e+06 1.80582e+06 0 1.4828e+06 1.56532e+06 1.57751e+06 1.42118e+06 867257
pelacespred
 2.71848e+06 1.77425e+06 924837 696945 767119 1.12351e+06 908819 894589 675920 473006 416969 412756 445922 392074 378776 620041 770648 1.49987e+06 1.48311e+06 1.12063e+06 1.71353e+06 1.63226e+06 1.39924e+06 2.02149e+06 1.68165e+06 1.47633e+06 1.74649e+06 1.75437e+06 1.42628e+06 1.11096e+06
mphobs
 0 0 0 0 0 0 0 0 0 0 0 498337 0 5186 125008 0 168611 109162 213762 579715 649985 157893 87575 83554 0 0 0 0 0 0
mphpred
 513264 346261 179255 97838.6 122636 141952 186940 135044 115246 82112.5 54561.5 65871.8 69604.9 61416.1 46122.8 55330.9 138231 146198 246264 196673 215452 264861 249638 212687 293981 239939 199722 209476 277698 196767
desembarqueobs
 494567 514787 250237 358949 120608 361735 552515 73892 212993 205616 52469 317467 293654 387597 252695 516296 358380 742168 942051 627588 828172 859565 418607 520667 417249 300574 407403 355545 319650 289779
desembarquepred
 494572 512933 251263 358962 120610 361746 552564 73894.2 213026 205649 52470.6 317528 293707 387666 252707 516309 358411 742131 942004 627549 828251 859638 418626 520690 417259 300583 407412 355545 319657 289793
Reclutas
 267151 157604 153968 344045 277118 429627 182724 89711.8 76954.1 96217 164981 202307 172183 121187 125268 590859 168229 881353 556738 422367 638300 836417 194533 566476 454854 216917 468509 501047 162663 137644
log_desv_Rt
 0.0426298 -0.485098 -0.508439 0.295588 0.0792578 0.517733 -0.33721 -1.04858 -1.20198 -0.978578 -0.439357 -0.235396 -0.396624 -0.747847 -0.71473 0.836392 -0.41986 1.23627 0.776911 0.500689 0.913623 1.18394 -0.274584 0.79425 0.574792 -0.165671 0.604371 0.671515 -0.453502 -0.620512
SSB
 5.44785e+06 3.67525e+06 1.90264e+06 1.03847e+06 1.30167e+06 1.5067e+06 1.9842e+06 1.43337e+06 1.22324e+06 871553 579123 699172 738795 651879 489553 587289 1.4672e+06 1.55177e+06 2.61388e+06 2.08752e+06 2.28683e+06 2.81126e+06 2.64968e+06 2.25749e+06 3.12036e+06 2.54675e+06 2.11988e+06 2.22341e+06 2.94752e+06 2.08851e+06
BT
 7.1147e+06 4.86729e+06 2.52754e+06 2.32097e+06 2.23436e+06 3.69112e+06 2.89315e+06 2.52602e+06 2.02233e+06 1.48639e+06 1.26271e+06 1.48231e+06 1.57252e+06 1.57642e+06 1.43758e+06 2.48949e+06 2.45478e+06 5.48417e+06 5.24983e+06 3.67475e+06 5.88062e+06 5.49956e+06 4.16115e+06 6.77048e+06 4.99662e+06 4.33059e+06 5.76063e+06 5.75193e+06 3.99604e+06 3.17193e+06
Ftot
 0.0781317 0.13942 0.134088 0.180836 0.0571796 0.114298 0.235961 0.0356504 0.141104 0.184483 0.0519 0.258705 0.240577 0.380028 0.253593 0.246466 0.155117 0.167977 0.244727 0.212296 0.159414 0.204031 0.11866 0.0998525 0.103699 0.0840249 0.100226 0.0862132 0.0880874 0.117677
BD_Bspro_t
 0.987577 0.90565 0.80026 0.736501 0.750261 0.805701 0.800761 0.703209 0.743387 0.716846 0.691044 0.797192 0.701613 0.629845 0.545672 0.589625 0.694364 0.693814 0.744616 0.670798 0.649753 0.691957 0.703725 0.704965 0.789406 0.794084 0.801745 0.827223 0.855316 0.809737
BD_Bspro
 2.98951 2.0168 1.04407 0.569861 0.714292 0.826801 1.08883 0.786564 0.671253 0.478265 0.317794 0.383671 0.405414 0.357719 0.268642 0.322275 0.805127 0.851532 1.43437 1.14553 1.2549 1.54268 1.45402 1.2388 1.7123 1.39753 1.16328 1.2201 1.61745 1.14607
BD_Bo
 2.0347 1.37266 0.71061 0.387855 0.486156 0.562732 0.741073 0.535345 0.456863 0.325513 0.216295 0.261131 0.27593 0.243468 0.182842 0.219345 0.54798 0.579564 0.976247 0.779659 0.854101 1.04997 0.989622 0.843143 1.16541 0.951176 0.791746 0.830413 1.10086 0.780031
BD_Brms
 14.5145 9.79182 5.06912 2.76675 3.46798 4.01423 5.28642 3.81887 3.25902 2.32204 1.54293 1.86277 1.96834 1.73677 1.3043 1.56469 3.909 4.1343 6.96404 5.56168 6.09271 7.48993 7.05944 6.01454 8.31343 6.78519 5.6479 5.92373 7.85296 5.56433
Sel_flota
 0.903889 1 1 1 1
 0.903889 1 1 1 1
 0.903889 1 1 1 1
 0.903889 1 1 1 1
 0.903889 1 1 1 1
 0.903889 1 1 1 1
 0.903889 1 1 1 1
 0.903889 1 1 1 1
 0.903889 1 1 1 1
 0.903889 1 1 1 1
 0.903889 1 1 1 1
 0.903889 1 1 1 1
 0.903889 1 1 1 1
 0.903889 1 1 1 1
 0.903889 1 1 1 1
 0.903889 1 1 1 1
 0.903889 1 1 1 1
 0.903889 1 1 1 1
 0.903889 1 1 1 1
 0.903889 1 1 1 1
 0.903889 1 1 1 1
 0.903889 1 1 1 1
 0.903889 1 1 1 1
 0.903889 1 1 1 1
 0.903889 1 1 1 1
 0.903889 1 1 1 1
 0.903889 1 1 1 1
 0.903889 1 1 1 1
 0.903889 1 1 1 1
 0.903889 1 1 1 1
Sel_reclas
 1 1 1 1 1
 1 1 1 1 1
 1 1 1 1 1
 1 1 1 1 1
 1 1 1 1 1
 1 1 1 1 1
 1 1 1 1 1
 1 1 1 1 1
 1 1 1 1 1
 1 1 1 1 1
 1 1 1 1 1
 1 1 1 1 1
 1 1 1 1 1
 1 1 1 1 1
 1 1 1 1 1
 1 1 1 1 1
 1 1 1 1 1
 1 1 1 1 1
 1 1 1 1 1
 1 1 1 1 1
 1 1 1 1 1
 1 1 1 1 1
 1 1 1 1 1
 1 1 1 1 1
 1 1 1 1 1
 1 1 1 1 1
 1 1 1 1 1
 1 1 1 1 1
 1 1 1 1 1
 1 1 1 1 1
Sel_pelaces
 0.599053 0.882618 0.974254 0.994776 0.998958
 0.599053 0.882618 0.974254 0.994776 0.998958
 0.599053 0.882618 0.974254 0.994776 0.998958
 0.599053 0.882618 0.974254 0.994776 0.998958
 0.599053 0.882618 0.974254 0.994776 0.998958
 0.599053 0.882618 0.974254 0.994776 0.998958
 0.599053 0.882618 0.974254 0.994776 0.998958
 0.599053 0.882618 0.974254 0.994776 0.998958
 0.599053 0.882618 0.974254 0.994776 0.998958
 0.599053 0.882618 0.974254 0.994776 0.998958
 0.599053 0.882618 0.974254 0.994776 0.998958
 0.599053 0.882618 0.974254 0.994776 0.998958
 0.599053 0.882618 0.974254 0.994776 0.998958
 0.599053 0.882618 0.974254 0.994776 0.998958
 0.599053 0.882618 0.974254 0.994776 0.998958
 0.599053 0.882618 0.974254 0.994776 0.998958
 0.599053 0.882618 0.974254 0.994776 0.998958
 0.599053 0.882618 0.974254 0.994776 0.998958
 0.599053 0.882618 0.974254 0.994776 0.998958
 0.599053 0.882618 0.974254 0.994776 0.998958
 0.599053 0.882618 0.974254 0.994776 0.998958
 0.599053 0.882618 0.974254 0.994776 0.998958
 0.599053 0.882618 0.974254 0.994776 0.998958
 0.599053 0.882618 0.974254 0.994776 0.998958
 0.599053 0.882618 0.974254 0.994776 0.998958
 0.599053 0.882618 0.974254 0.994776 0.998958
 0.599053 0.882618 0.974254 0.994776 0.998958
 0.599053 0.882618 0.974254 0.994776 0.998958
 0.599053 0.882618 0.974254 0.994776 0.998958
 0.599053 0.882618 0.974254 0.994776 0.998958
pf_obs 
 0.8446 0.082 0.0669 0.0065 0
 0.8095 0.147 0.0364 0.0071 0
 0.9664 0.0169 0.016 0.0007 0
 0.9276 0.0648 0.0075 0.0001 0
 0.7033 0.2144 0.0806 0.0017 0
 0.9318 0.0425 0.0243 0.0014 0
 0.5671 0.3108 0.0964 0.0239 0.0018
 0.0768 0.2599 0.5324 0.112 0.0189
 0.490249 0.384438 0.106611 0.0170017 0.00170017
 0.7925 0.1577 0.0466 0.003 0.0002
 0.840416 0.127587 0.0312969 0.00059994 9.999e-05
 0.8084 0.0986 0.0794 0.0134 0.0002
 0.7335 0.1905 0.0724 0.0035 0.0001
 0.4001 0.4547 0.1325 0.0127 0
 0.49795 0.308269 0.164784 0.0264974 0.00249975
 0.9179 0.0499 0.0305 0.0017 0
 0.2467 0.6533 0.0926 0.0074 0
 0.9418 0.0223 0.034 0.0019 0
 0.707729 0.231977 0.0356964 0.0245975 0
 0.517169 0.277429 0.184464 0.0207286 0.00020938
 0.811772 0.124168 0.05621 0.00726502 0.000585176
 0.764997 0.148141 0.077277 0.00933861 0.000247198
 0.163321 0.427699 0.378323 0.0303852 0.000271297
 0.753843 0.0900009 0.118128 0.0371064 0.000921714
 0.721811 0.176058 0.0630433 0.0369309 0.00215725
 0.143369 0.312575 0.442814 0.0836902 0.0175525
 0.692698 0.0596174 0.167031 0.0765114 0.00414204
 0.394062 0.376323 0.152708 0.0712218 0.00568511
 0.125707 0.32114 0.495352 0.0537591 0.00404204
 0.23352 0.215282 0.420074 0.123614 0.00750983
pf_pred 
 0.423532 0.10322 0.450381 0.0228653 7.27265e-07
 0.412804 0.263925 0.0578839 0.252565 0.0128228
 0.546033 0.199495 0.114377 0.025085 0.11501
 0.781428 0.1252 0.0410318 0.0235248 0.0288146
 0.651362 0.278861 0.0399691 0.0130991 0.0167089
 0.731068 0.181435 0.0699848 0.0100309 0.00748079
 0.467784 0.400056 0.0891624 0.0343925 0.00860573
 0.426025 0.284922 0.217275 0.0484253 0.0233529
 0.496974 0.227063 0.136988 0.104464 0.0345104
 0.64822 0.184412 0.0755488 0.0455789 0.0462398
 0.770533 0.154484 0.0393078 0.0161034 0.0195713
 0.715447 0.224341 0.0405367 0.0103144 0.00936104
 0.663209 0.248707 0.0694453 0.0125482 0.00609055
 0.60013 0.275262 0.0920184 0.0256938 0.00689609
 0.694703 0.192133 0.0779002 0.0260416 0.00922308
 0.913601 0.062093 0.0152967 0.00620207 0.00280762
 0.447847 0.509238 0.0308422 0.00759805 0.0044752
 0.876286 0.058783 0.0598846 0.00362694 0.00141977
 0.618174 0.338982 0.0203577 0.0207392 0.00174777
 0.601946 0.25673 0.125466 0.00753492 0.00832302
 0.739999 0.163473 0.0622564 0.0304252 0.00384551
 0.740323 0.197517 0.0390826 0.014884 0.00819332
 0.344552 0.499063 0.118951 0.0235368 0.0138979
 0.747022 0.0934208 0.121488 0.0289565 0.0091128
 0.624364 0.287982 0.0323693 0.0420943 0.0131906
 0.455955 0.353134 0.146362 0.0164512 0.0280977
 0.734915 0.12785 0.089078 0.0369198 0.0112374
 0.685529 0.237482 0.0371316 0.025871 0.0139864
 0.379869 0.438993 0.136792 0.0213881 0.0229582
 0.478184 0.211411 0.219737 0.0684707 0.0221974
pobs_RECLAS
 0 0 0 0 0
 0 0 0 0 0
 0 0 0 0 0
 0 0 0 0 0
 0 0 0 0 0
 0 0 0 0 0
 0 0 0 0 0
 0 0 0 0 0
 0 0 0 0 0
 0 0 0 0 0
 0.991045 0.00858322 0.000360255 1.14367e-05 0
 0.934742 0.0480273 0.0164251 0.00080598 0
 0.827803 0.169806 0.00239088 0 0
 0.941827 0.0461693 0.0120037 0 0
 0.791401 0.0380133 0.147996 0.0225897 0
 0.846168 0.0940531 0.0597789 0 0
 0.134021 0.677848 0.182769 0.00536245 0
 0.80878 0.0450904 0.141981 0.00414843 0
 0.846168 0.0940531 0.0597789 0 0
 0.905697 0.0802665 0.012482 0.00150086 5.37128e-05
 0.989698 0.0102097 9.19794e-05 0 0
 0.975433 0.0193895 0.00387452 0.00125025 5.28907e-05
 0.303575 0.632131 0.0575291 0.00676475 0
 0.966965 0.00978017 0.0227588 0.000495775 0
 0.843318 0.132988 0.00938335 0.0141283 0.000182051
 0.564624 0.303363 0.111486 0.0197234 0.00080311
 0.826376 0.0876187 0.0782897 0.00655872 0.00115652
 0.89761 0.0855135 0.0140674 0.00269457 0.000114338
 0.34875 0.467042 0.161289 0.0227151 0.000203297
 0.318654 0.224769 0.449479 0.00709798 0
ppred_RECLAS
 0.448537 0.0987431 0.430845 0.0218734 6.95719e-07
 0.437799 0.25269 0.0554199 0.241814 0.0122769
 0.571234 0.188421 0.108027 0.0236925 0.108626
 0.798464 0.115442 0.0378339 0.0216913 0.0265688
 0.674048 0.260715 0.0373682 0.0122467 0.0156216
 0.750652 0.168223 0.0648884 0.00930044 0.00693603
 0.493566 0.380676 0.0848431 0.0327264 0.00818884
 0.450971 0.272539 0.207832 0.0463206 0.0223379
 0.522535 0.215525 0.130027 0.0991561 0.0327568
 0.671278 0.172324 0.0705969 0.0425913 0.043209
 0.787982 0.142737 0.0363188 0.0148789 0.0180831
 0.736053 0.208095 0.0376012 0.00956743 0.00868315
 0.685893 0.231956 0.0647679 0.011703 0.00568034
 0.625059 0.258101 0.0862817 0.024092 0.00646617
 0.716203 0.178602 0.0724141 0.0242076 0.00857354
 0.921423 0.0564713 0.0139118 0.00564056 0.00255342
 0.473293 0.48577 0.0294209 0.00724789 0.00426896
 0.886984 0.0536999 0.0547062 0.00331331 0.001297
 0.642265 0.317593 0.0190732 0.0194306 0.0016375
 0.626358 0.240985 0.117771 0.00707281 0.00781258
 0.759228 0.151383 0.0576521 0.0281751 0.00356111
 0.759621 0.182839 0.0361782 0.0137779 0.00758443
 0.367957 0.481242 0.114703 0.0226963 0.0134016
 0.765792 0.0864895 0.112474 0.026808 0.00843667
 0.647954 0.269897 0.0303365 0.0394508 0.0123622
 0.48129 0.33669 0.139546 0.0156851 0.0267892
 0.754288 0.118506 0.0825679 0.0342216 0.0104162
 0.707046 0.221233 0.0345909 0.0241008 0.0130294
 0.404126 0.421822 0.131441 0.0205515 0.0220602
 0.503689 0.201078 0.208996 0.065124 0.0211124
pobs_PELACES
 0 0 0 0 0
 0 0 0 0 0
 0 0 0 0 0
 0 0 0 0 0
 0 0 0 0 0
 0 0 0 0 0
 0 0 0 0 0
 0 0 0 0 0
 0 0 0 0 0
 0 0 0 0 0
 0 0 0 0 0
 0 0 0 0 0
 0 0 0 0 0
 0 0 0 0 0
 0 0 0 0 0
 0 0 0 0 0
 0.505614 0.472636 0.0217494 0 0
 0 0 0 0 0
 0.443492 0.261883 0.143347 0.151278 0
 0.227955 0.32914 0.350689 0.0885471 0.00366901
 0.970185 0.0296113 0.000203453 0 0
 0.997202 0.00247181 0.000326279 0 0
 0.445219 0.490057 0.0546422 0.010081 0
 0.90214 0.0892962 0.00764917 0.000914606 0
 0 0 0 0 0
 0.581667 0.319106 0.0959925 0.00289975 0.000334073
 0.762889 0.0836404 0.116647 0.0363945 0.000428098
 0.88444 0.0763242 0.0277011 0.0115352 0
 0.521256 0.241999 0.230069 0.00667565 0
 0.616807 0.101726 0.260614 0.0208532 0
ppred_PELACES
 0.337537 0.10921 0.525987 0.0272661 8.70887e-07
 0.33208 0.281154 0.0680645 0.303242 0.0154604
 0.459873 0.222543 0.140837 0.031539 0.145208
 0.72023 0.152545 0.055184 0.0323051 0.0397356
 0.578859 0.329282 0.0520959 0.017433 0.0223306
 0.664489 0.218609 0.0930785 0.0136219 0.0102016
 0.393373 0.443682 0.109152 0.04299 0.0108022
 0.34591 0.307651 0.258966 0.0589329 0.0285396
 0.412261 0.249413 0.166094 0.129328 0.0429038
 0.568985 0.21395 0.0967496 0.0595989 0.0607173
 0.70882 0.188865 0.053045 0.0221889 0.0270808
 0.650846 0.268891 0.0536308 0.0139335 0.0126989
 0.592171 0.292813 0.0902494 0.0166508 0.00811583
 0.525436 0.315836 0.116544 0.0332275 0.00895558
 0.623803 0.227359 0.101753 0.034732 0.0123527
 0.886031 0.0793835 0.0215867 0.0089367 0.00406256
 0.377979 0.568774 0.0380245 0.00956475 0.00565726
 0.835355 0.074118 0.0833462 0.00515423 0.00202612
 0.54797 0.396142 0.0262605 0.0273161 0.00231171
 0.524637 0.2954 0.159353 0.00977158 0.010839
 0.673736 0.196928 0.0827836 0.0413092 0.00524311
 0.677613 0.238753 0.0521468 0.0202777 0.0112093
 0.278758 0.535138 0.140792 0.0284453 0.0168669
 0.675563 0.11206 0.160857 0.0391476 0.0123718
 0.54943 0.336082 0.0416978 0.0553676 0.0174228
 0.378102 0.388672 0.177816 0.0204077 0.0350016
 0.663896 0.15319 0.117815 0.0498589 0.0152396
 0.614933 0.282716 0.0487935 0.0347124 0.0188451
 0.309019 0.473905 0.163002 0.0260231 0.0280508
 0.393418 0.230538 0.264494 0.0841535 0.0273962
pobs_pel_tallas
 0 0 0 0 0 0 0 0 0 0 0 0 0 0 0 0 0 0 0 0 0 0 0 0 0 0
 0 0 0 0 0 0 0 0 0 0 0 0 0 0 0 0 0 0 0 0 0 0 0 0 0 0
 0 0 0 0 0 0 0 0 0 0 0 0 0 0 0 0 0 0 0 0 0 0 0 0 0 0
 0 0 0 0 0 0 0 0 0 0 0 0 0 0 0 0 0 0 0 0 0 0 0 0 0 0
 0 0 0 0 0 0 0 0 0 0 0 0 0 0 0 0 0 0 0 0 0 0 0 0 0 0
 0 0 0 0 0 0 0 0 0 0 0 0 0 0 0 0 0 0 0 0 0 0 0 0 0 0
 0 0 0 0 0 0 0 0 0 0 0 0 0 0 0 0 0 0 0 0 0 0 0 0 0 0
 0 0 0 0 0 0 0 0 0 0 0 0 0 0 0 0 0 0 0 0 0 0 0 0 0 0
 0 0 0 0 0 0 0 0 0 0 0 0 0 0 0 0 0 0 0 0 0 0 0 0 0 0
 0 0 0 0 0 0 0 0 0 0 0 0 0 0 0 0 0 0 0 0 0 0 0 0 0 0
 0 0 0 0 0 0 0 0 0 0 0 0 0 0 0 0 0 0 0 0 0 0 0 0 0 0
 0 0 0 0 0 0 0 0 0 0 0 0 0 0 0 0 0 0 0 0 0 0 0 0 0 0
 0.00862536 0 0 0.000197151 0.00414017 0.0128641 0.00837892 0.0270097 0.101434 0.158115 0.152841 0.127902 0.109271 0.109419 0.0830992 0.0579132 0.0238553 0.00714673 0.00463305 0.00128148 0.00103504 0.000492878 0.000147863 0.000147863 4.92878e-05 0
 0 0 0 0 0 0 0 0 0 0 0 0 0 0 0 0 0 0 0 0 0 0 0 0 0 0
 0 0 0 0 0 0 0 0.0054083 0.00873648 0.0413646 0.0450493 0.0745869 0.0622846 0.0627006 0.0613931 0.0827291 0.12552 0.122667 0.0946155 0.0697135 0.0546179 0.0294188 0.0215738 0.0213955 0.0102223 0.00600262
 0 0 0 0 0.00359764 0.0251062 0.0480494 0.140153 0.205849 0.193036 0.1447 0.116669 0.0760912 0.0342217 0.00950174 0.001854 0.000860785 0 0 0 0.000165536 0 0.000143464 0 0 0
 0 0 0 0 0 0 0 0.000145254 0.000435761 0.0275982 0.070085 0.0708112 0.156366 0.174668 0.174014 0.160142 0.0824315 0.0480064 0.0283245 0.00493863 0.00203355 0 0 0 0 0
 0 0 0 0 0 0 0 0 0 0 0 0 0 0 0 0 0 0 0 0 0 0 0 0 0 0
 0 0 1.00437e-05 0.000401748 0.00122533 0.00171747 0.00176769 0.0269171 0.070346 0.194647 0.189555 0.159765 0.064822 0.0314167 0.0384472 0.0292271 0.0345202 0.0313363 0.0194345 0.0106764 0.0143323 0.0359363 0.0279516 0.0138201 0.00172751 0
 0 0.0021121 0.0136068 0.0755702 0.200478 0.177729 0.0527432 0.0373336 0.0318909 0.0142505 0.0149659 0.0166563 0.0217959 0.0798694 0.0677717 0.0528807 0.04013 0.0224614 0.0357745 0.0225083 0.00881397 0.00855152 0.00135912 0.000746735 0 0
 0 0 0 0 5.4009e-05 0.00500934 0.000945158 0.0243581 0.138947 0.33067 0.221406 0.137944 0.0707744 0.0437923 0.0131692 0.00525238 0.0047753 0.00276346 9.45158e-05 9.00151e-06 2.25038e-05 9.00151e-06 4.50075e-06 0 0 0
 0.000866109 0.00284123 0.00948549 0.0512746 0.133035 0.25785 0.225252 0.132002 0.0553304 0.0519788 0.0540692 0.017754 0.00435017 0.00159236 0.00146478 0.000404838 0.000125132 0.000115318 0.000107957 0.000100596 0 0 0 0 0 0
 0 0 0 0 0.00144013 0.00171154 0.00461396 0.0210425 0.0478622 0.0707936 0.0888783 0.103762 0.0637923 0.0337046 0.0602308 0.124433 0.169614 0.0934646 0.0462172 0.0250306 0.0313229 0.00938855 0.002487 0.000210481 0 0
 0 0.00764035 0.051015 0.0998891 0.058973 0.0496711 0.0374665 0.0718981 0.12319 0.153886 0.159021 0.0857701 0.0377988 0.023471 0.0147837 0.00900784 0.00315554 0.000888139 0.00291439 0.00214683 0.00393193 0.00274676 0.000635225 9.99891e-05 0 0
 0 0 0 0 0 0 0 0 0 0 0 0 0 0 0 0 0 0 0 0 0 0 0 0 0 0
 0 0 0 0 0 0 0 0 0 0 0 0 0 0 0 0 0 0 0 0 0 0 0 0 0 0
 0 0 0 0 0 0 0 0 0 0 0 0 0 0 0 0 0 0 0 0 0 0 0 0 0 0
 0 0 0 0 0 0 0 0 0 0 0 0 0 0 0 0 0 0 0 0 0 0 0 0 0 0
 0 0 0 0 0 0 0 0 0 0 0 0 0 0 0 0 0 0 0 0 0 0 0 0 0 0
 0 0 0 0 0 0 0 0 0 0 0 0 0 0 0 0 0 0 0 0 0 0 0 0 0 0
ppred_pel_tallas
 1.17942e-16 2.78025e-05 0.00027025 0.00179591 0.00816394 0.0254011 0.0541202 0.0789923 0.0790036 0.0541758 0.0255904 0.00872085 0.00323199 0.00353128 0.00658959 0.0118085 0.0192338 0.0288082 0.0403131 0.0533659 0.0671528 0.0800299 0.0895091 0.0930029 0.0890365 0.0781242
 1.35064e-16 2.7353e-05 0.000265881 0.00176688 0.00803198 0.0249906 0.0532461 0.07772 0.0777472 0.0533794 0.0254384 0.00932773 0.00502838 0.00741712 0.0137066 0.02289 0.0336629 0.0439148 0.0516571 0.0563392 0.0593095 0.0628493 0.0684462 0.0756227 0.0821119 0.0851028
 1.31858e-16 3.78792e-05 0.000368199 0.00244681 0.0111229 0.0346075 0.0737358 0.107624 0.107646 0.0738417 0.0349638 0.0121546 0.00504722 0.00608075 0.0109947 0.018406 0.0272112 0.0357494 0.0424079 0.0466187 0.0492339 0.0518523 0.055604 0.0603434 0.064759 0.0671427
 1.11596e-16 5.93244e-05 0.000576655 0.00383207 0.0174201 0.0542003 0.11548 0.16855 0.168564 0.115552 0.054443 0.018122 0.00559757 0.00444308 0.00743958 0.0123059 0.0179663 0.0231318 0.0265539 0.0277267 0.0272001 0.0261689 0.0256558 0.0259279 0.0265012 0.0265813
 1.07115e-16 4.76799e-05 0.000463465 0.00307989 0.0140008 0.0435617 0.0928141 0.135472 0.135503 0.0929692 0.0440828 0.0155058 0.00685867 0.00871542 0.0157284 0.0259509 0.0374391 0.0472175 0.0522938 0.0513165 0.0453864 0.0372992 0.0298418 0.0244658 0.0211072 0.0188793
 1.05835e-16 5.47331e-05 0.000532026 0.0035355 0.0160719 0.0500057 0.106543 0.155507 0.155528 0.106647 0.0503535 0.0170777 0.00606499 0.00606998 0.0106194 0.0175926 0.0256255 0.0328277 0.0372933 0.0381228 0.0359016 0.0321831 0.0284263 0.0252561 0.0224904 0.0196699
 1.09403e-16 3.24017e-05 0.000314956 0.002093 0.00951449 0.0296033 0.0630746 0.0920682 0.0921111 0.063284 0.0303067 0.0115471 0.00719926 0.0114759 0.0212703 0.0352221 0.0509951 0.0646813 0.072312 0.0720663 0.0653199 0.0556098 0.0463849 0.0393251 0.0342194 0.0299689
 1.18292e-16 2.84922e-05 0.000276954 0.00184046 0.00836648 0.0260314 0.0554637 0.0809572 0.0809872 0.0556105 0.0265253 0.00979767 0.00545031 0.00821495 0.0152739 0.0256514 0.0379951 0.0499822 0.059219 0.0645656 0.0666455 0.0670298 0.066825 0.0658994 0.0632685 0.058094
 1.25088e-16 3.39574e-05 0.000330078 0.00219349 0.00997129 0.0310245 0.0661019 0.0964827 0.096507 0.0662207 0.0314242 0.0111292 0.00511304 0.00674717 0.0123519 0.0207162 0.0306795 0.0403993 0.048055 0.0529367 0.0558359 0.0582887 0.0612724 0.0644262 0.0663247 0.0654342
 1.19099e-16 4.68666e-05 0.00045556 0.00302736 0.0137619 0.0428186 0.0912303 0.133158 0.133178 0.0913318 0.0431597 0.014749 0.00551201 0.00590301 0.010463 0.017413 0.0255394 0.0331224 0.0384765 0.0409352 0.0412603 0.04104 0.0415446 0.0429412 0.0443602 0.0445721
 1.08388e-16 5.83846e-05 0.00056752 0.00377137 0.0171441 0.0533418 0.113651 0.165881 0.165899 0.11374 0.0536415 0.0180105 0.00594891 0.00533009 0.00913035 0.0150744 0.021885 0.0279037 0.031493 0.0319376 0.0298698 0.0268039 0.0241535 0.0225048 0.0215759 0.0206831
 1.05163e-16 5.36094e-05 0.000521102 0.00346291 0.0157419 0.048979 0.104356 0.152316 0.152342 0.104483 0.0494048 0.0169721 0.00655227 0.00726992 0.0128849 0.0212537 0.0307005 0.0387975 0.0431069 0.0425124 0.0378728 0.0314048 0.0253123 0.0207342 0.0176273 0.0153385
 1.05723e-16 4.87764e-05 0.000474124 0.00315072 0.0143227 0.0445635 0.0949483 0.138586 0.138614 0.0950866 0.0450282 0.0156659 0.00652611 0.00785532 0.0141043 0.0233377 0.0338425 0.0430359 0.0483039 0.0484233 0.0442425 0.0380051 0.031897 0.0269821 0.023155 0.0198005
 1.08292e-16 4.32796e-05 0.000420693 0.00279565 0.0127087 0.0395415 0.0842485 0.122969 0.123 0.0843979 0.0400435 0.01416 0.00644471 0.00840624 0.0152671 0.0253231 0.0368321 0.047071 0.0532774 0.0541663 0.0506333 0.045003 0.0394677 0.0349778 0.0312526 0.0275484
 1.08569e-16 5.13819e-05 0.00049945 0.00331902 0.0150878 0.0469439 0.10002 0.145986 0.146008 0.100128 0.0473059 0.016135 0.00595353 0.00627025 0.0110693 0.0183716 0.0268217 0.034496 0.039461 0.0408292 0.0392357 0.0362758 0.0333818 0.0310556 0.0289287 0.0263651
 1.02228e-16 7.29812e-05 0.000709403 0.00471423 0.0214302 0.0666774 0.142064 0.207348 0.207355 0.142101 0.0668033 0.0217942 0.00562881 0.00270913 0.00388034 0.00632476 0.00916429 0.0116536 0.0130875 0.0131476 0.0120825 0.0105188 0.00905655 0.00797103 0.00719587 0.00651006
 1.0316e-16 3.11338e-05 0.000302632 0.0020111 0.00914218 0.028445 0.0606071 0.0884694 0.0885241 0.0608746 0.029343 0.011735 0.00851603 0.0144919 0.0269466 0.0444136 0.0637767 0.0797818 0.0870935 0.083255 0.0701748 0.0528811 0.0365847 0.0243111 0.0164544 0.0118336
 1.03284e-16 6.88071e-05 0.00066883 0.00444461 0.0202046 0.0628639 0.133938 0.195489 0.195496 0.133974 0.0629835 0.0205514 0.00532064 0.00259922 0.00378762 0.00628978 0.00937214 0.0124464 0.0149378 0.016543 0.0173361 0.0175805 0.0174279 0.0167888 0.0154703 0.0134173
 1.0399e-16 4.51356e-05 0.000438735 0.00291555 0.0132537 0.0412373 0.0878619 0.128245 0.128283 0.0880482 0.0418629 0.01506 0.00744788 0.0103267 0.0188064 0.0309738 0.0445113 0.0557658 0.0610554 0.0587088 0.0500855 0.0386871 0.0280918 0.0202991 0.0154388 0.0125502
 1.07489e-16 4.32137e-05 0.000420053 0.0027914 0.0126893 0.0394813 0.0841202 0.122782 0.122811 0.0842603 0.0399523 0.0140519 0.00622043 0.00793465 0.0143996 0.0239577 0.0350204 0.0451039 0.0516629 0.0534598 0.0511849 0.0467624 0.0419646 0.0374959 0.0331063 0.0283243
 1.0747e-16 5.54948e-05 0.000539429 0.0035847 0.0162955 0.0507015 0.108026 0.157671 0.15769 0.108119 0.051015 0.0172022 0.00586543 0.00553464 0.00959079 0.015896 0.0231979 0.0298209 0.0340934 0.0352578 0.0338814 0.0313638 0.0289524 0.0270681 0.0253564 0.0232224
 1.05497e-16 5.58141e-05 0.000542533 0.00360532 0.0163893 0.0509933 0.108647 0.158579 0.158602 0.10876 0.0513716 0.0174823 0.00635078 0.0065418 0.0114672 0.0189165 0.0273576 0.034647 0.0386407 0.0383646 0.0345831 0.0292425 0.0242492 0.020545 0.0180202 0.0160451
 1.09907e-16 2.2961e-05 0.000223189 0.00148317 0.00674232 0.0209781 0.0446981 0.065249 0.0653007 0.0449507 0.0218266 0.00919434 0.00764327 0.013688 0.025646 0.0424951 0.0615266 0.0780294 0.087194 0.086784 0.0784086 0.0662931 0.0545968 0.0454097 0.0386048 0.0330116
 1.10691e-16 5.56453e-05 0.000540892 0.00359442 0.0163397 0.050839 0.108318 0.158096 0.158107 0.108372 0.0510212 0.016869 0.00493474 0.00350554 0.0058 0.00979944 0.0148125 0.0201024 0.0249284 0.0289221 0.0321879 0.0349684 0.0371822 0.0382889 0.0376086 0.034806
 1.09791e-16 4.52559e-05 0.000439903 0.00292331 0.013289 0.0413471 0.0880956 0.128585 0.128617 0.0882539 0.0418788 0.0148248 0.00677925 0.00886032 0.0160467 0.0264852 0.038225 0.0482552 0.053566 0.0528442 0.0472889 0.0398038 0.0332132 0.0288752 0.0265061 0.0249509
 1.13201e-16 3.11439e-05 0.00030273 0.00201175 0.00914513 0.0284541 0.0606259 0.0884931 0.0885308 0.06081 0.0290729 0.0109349 0.00651397 0.0101632 0.0188523 0.0313646 0.0457586 0.0587613 0.0670272 0.0689888 0.0656934 0.0598715 0.0540451 0.0492219 0.0449655 0.0403603
 1.11019e-16 5.46843e-05 0.000531551 0.00353234 0.0160575 0.049961 0.106448 0.155367 0.155382 0.106521 0.0502067 0.0167695 0.00532781 0.00447879 0.00763328 0.0127496 0.0188743 0.0248264 0.029435 0.0321774 0.0334265 0.0340237 0.0345411 0.034862 0.0343641 0.0324499
 1.08151e-16 5.06513e-05 0.000492349 0.00327183 0.0148733 0.0462765 0.0985979 0.143912 0.14394 0.0987312 0.0467241 0.0161665 0.00651949 0.00758704 0.0135402 0.022347 0.0322929 0.0408484 0.0454861 0.0450867 0.0406176 0.0344592 0.0289271 0.025136 0.0228735 0.0212428
 1.12182e-16 2.54535e-05 0.000247418 0.00164418 0.00747423 0.0232553 0.0495497 0.0723288 0.0723746 0.0497737 0.024008 0.00965022 0.00711385 0.0122131 0.0228252 0.0378903 0.0550396 0.0701815 0.079136 0.0799572 0.074014 0.0648797 0.0559819 0.0489027 0.0433376 0.0381958
 1.20768e-16 3.24054e-05 0.000314992 0.00209323 0.00951554 0.0296065 0.0630806 0.0920727 0.0920953 0.0631913 0.0299792 0.0105971 0.00482741 0.00634761 0.011678 0.0197508 0.029617 0.0397134 0.0484335 0.0550266 0.0598749 0.0638151 0.067109 0.0690072 0.0682462 0.0639744
pSPR Fmed_Fpbrs
0.758415   0.190184 0.190184
Fs Fmed_Fpbrs
0.136691   1.005 1.005
SSBpbr Bo_Bmed_Bpbrs
2.67747e+06  1.89676e+06  375339 375339
Ro
256002
SPR SPRFo_SPRFmed_SPRFpbrs
1.82232e+06 1.38208e+06 346577
Fref
1.005
log_Ro
12.2729
likeval ReclasPelacesDesembMPH_pf_preclas_ppelaces_ptallas_desvR_qrecl_qpela
 19.1034 18.0211 0.149891 0.000798442 229.94 107.966 79.2024 0 19.326 1.70504e-05 0 0.760444 0 0 0
q_reclas_q_pelaces
0.557036 1
M
1
N
 267151 59033.1 257579 13076.9 0.415932
 157604 91578.1 20084.9 87636.2 4449.31
 153968 51114.4 29305.4 6427.25 29467.8
 344045 50176.4 16444.3 9428 11548
 277118 107481 15405.3 5048.76 6440.09
 429627 96810.8 37342.7 5352.32 3991.62
 182724 142538 31768 12253.8 3066.17
 89711.8 54309.2 41415.1 9230.38 4451.31
 76954.1 31956.6 19279.5 14702.2 4856.94
 96217 24919.9 10209 6159.14 6248.46
 164981 29959.7 7623.1 3122.99 3795.54
 202307 57911.5 10464.1 2662.55 2416.46
 172183 58906.3 16448.1 2972.04 1442.55
 121187 50963.3 17036.7 4757.08 1276.78
 125268 31621.4 12820.9 4285.95 1517.95
 590859 36643.4 9027.19 3660.08 1656.88
 168229 173955 10535.7 2595.49 1528.73
 881353 53791.5 54799.5 3318.96 1299.21
 556738 278558 16728.9 17042.4 1436.23
 422367 164168 80230.2 4818.26 5322.21
 638300 128250 48842.1 23869.5 3016.92
 836417 203307 40228.2 15320.3 8433.48
 194533 255879 60988.5 12067.8 7125.72
 566476 64286.2 83600.2 19926 6270.84
 454854 190410 21402.2 27832.2 8721.45
 216917 152360 63147.9 7097.86 12122.7
 468509 73963 51532.8 21358.6 6501.01
 501047 157427 24614.6 17149.9 9271.57
 162663 170506 53130.4 8307.22 8917.04
 137644 55260.7 57436.8 17897.5 5802.17
pred_Ctot
 11581.5 2822.56 12315.7 625.25 0.019887
 11918 7619.72 1671.15 7291.73 370.203
 11219.8 4099.19 2350.19 515.442 2363.21
 33235.2 5324.94 1745.14 1000.54 1225.52
 8861.02 3793.58 543.733 178.197 227.305
 26882.6 6671.68 2573.46 368.853 275.081
 22573.9 19305.6 4302.73 1659.69 415.289
 1803.01 1205.83 919.545 204.943 98.8332
 5885.89 2689.21 1622.41 1237.22 408.722
 9469.48 2693.97 1103.65 665.836 675.491
 4797.74 961.899 244.75 100.268 121.861
 27177.8 8522.08 1539.87 391.813 355.599
 21651.7 8119.5 2267.17 409.659 198.837
 22900 10503.5 3511.27 980.434 263.143
 16526.3 4570.65 1853.17 619.504 219.408
 75955.7 5162.34 1271.75 515.633 233.422
 14072.1 16001.1 969.112 238.743 140.618
 79459.4 5330.29 5430.18 328.881 128.741
 71109.1 38993.4 2341.76 2385.65 201.048
 47352.2 20195.7 9869.82 592.736 654.732
 54785.1 12102.6 4609.09 2252.5 284.699
 90392.9 24116.7 4771.96 1817.33 1000.4
 12616.4 18274.2 4355.62 861.845 508.899
 31132.2 3893.32 5063.02 1206.76 379.777
 25923.6 11957 1343.97 1747.75 547.674
 10090.8 7815.28 3239.17 364.085 621.835
 25840.9 4495.44 3132.14 1298.17 395.128
 23896 8278.08 1294.32 901.803 487.532
 7920.87 9153.68 2852.32 445.976 478.714
 8856.26 3915.46 4069.65 1268.12 411.109
F
 0.0706224 0.0781317 0.0781317 0.0781317 0.0781317
 0.12602 0.13942 0.13942 0.13942 0.13942
 0.121201 0.134088 0.134088 0.134088 0.134088
 0.163456 0.180836 0.180836 0.180836 0.180836
 0.051684 0.0571796 0.0571796 0.0571796 0.0571796
 0.103312 0.114298 0.114298 0.114298 0.114298
 0.213282 0.235961 0.235961 0.235961 0.235961
 0.032224 0.0356504 0.0356504 0.0356504 0.0356504
 0.127543 0.141104 0.141104 0.141104 0.141104
 0.166752 0.184483 0.184483 0.184483 0.184483
 0.0469119 0.0519 0.0519 0.0519 0.0519
 0.233841 0.258705 0.258705 0.258705 0.258705
 0.217455 0.240577 0.240577 0.240577 0.240577
 0.343503 0.380028 0.380028 0.380028 0.380028
 0.22922 0.253593 0.253593 0.253593 0.253593
 0.222778 0.246466 0.246466 0.246466 0.246466
 0.140209 0.155117 0.155117 0.155117 0.155117
 0.151832 0.167977 0.167977 0.167977 0.167977
 0.221206 0.244727 0.244727 0.244727 0.244727
 0.191892 0.212296 0.212296 0.212296 0.212296
 0.144093 0.159414 0.159414 0.159414 0.159414
 0.184421 0.204031 0.204031 0.204031 0.204031
 0.107255 0.11866 0.11866 0.11866 0.11866
 0.0902556 0.0998525 0.0998525 0.0998525 0.0998525
 0.0937324 0.103699 0.103699 0.103699 0.103699
 0.0759492 0.0840249 0.0840249 0.0840249 0.0840249
 0.0905932 0.100226 0.100226 0.100226 0.100226
 0.0779272 0.0862132 0.0862132 0.0862132 0.0862132
 0.0796213 0.0880874 0.0880874 0.0880874 0.0880874
 0.106367 0.117677 0.117677 0.117677 0.117677
nmprior
 8 8 7 0
nm_flota  nm_reclas  nm_pelaces    nm_pelaL
inf 10.709 8.48352 13.0104
cv_recla  cv_pelaces  cv_mph
0.404652 0.499523 0.872021
 ------------------------------------------------
Talla a la edad & desviación 
 8 13.2811 15.8009 17.003 17.5766
 0.8 1.32811 1.58009 1.7003 1.75766
