years
 1991 1992 1993 1994 1995 1996 1997 1998 1999 2000 2001 2002 2003 2004 2005 2006 2007 2008 2009 2010 2011 2012 2013 2014 2015 2016 2017 2018 2019 2020
reclasobs
 0 0 0 0 0 0 0 0 0 252601 567819 844713 477998 351125 339783 2.1784e+06 2.13404e+06 4.81314e+06 1.55562e+06 2.62356e+06 3.21686e+06 3.843e+06 1.13348e+06 3.07943e+06 1.97215e+06 2.03268e+06 2.025e+06 2.42433e+06 2.27542e+06 1.05018e+06
reclaspred
 3.14484e+06 1.69354e+06 855593 856870 859042 1.67289e+06 881121 733977 511045 328613 499670 705572 691894 493016 464870 1.38739e+06 1.12265e+06 3.23373e+06 2.47521e+06 1.87023e+06 3.16861e+06 2.58292e+06 1.88629e+06 3.03037e+06 2.22976e+06 1.93935e+06 2.39414e+06 2.66157e+06 2.03453e+06 1.1396e+06
pelacesobs
 0 0 0 0 0 0 0 0 0 0 0 0 0 0 0 552880 188675 0 991730 2.46772e+06 1.41603e+06 1.21717e+06 2.29649e+06 1.80582e+06 0 1.4828e+06 1.56532e+06 1.57751e+06 1.42118e+06 867257
pelacespred
 1.74378e+06 1.0134e+06 490821 402871 452459 919483 408807 473707 289978 167050 286818 333487 364708 257513 251509 645987 536924 1.82998e+06 1.39803e+06 950460 1.66693e+06 1.39361e+06 1.06345e+06 1.89657e+06 1.32402e+06 1.16562e+06 1.642e+06 1.80022e+06 1.15293e+06 709970
mphobs
 0 0 0 0 0 0 0 0 0 0 0 498337 0 5186 125008 0 168611 109162 213762 579715 649985 157893 87575 83554 0 0 0 0 0 0
mphpred
 491713 328384 154087 85706 89166 109864 167169 81852.1 73019.5 42744.8 25034.6 61864.6 66918.1 53422.4 30103.7 37522.2 154653 122810 327776 215776 241130 288840 275881 211196 311906 256036 204704 228009 338549 206692
desembarqueobs
 494567 514787 250237 358949 120608 361735 552515 73892 212993 205616 52469 317467 293654 387597 252695 516296 358380 742168 942051 627588 828172 859565 418607 520667 417249 300574 407403 355545 319650 289779
desembarquepred
 494564 514084 250503 358979 120612 361723 552473 73896.7 213045 205660 52471.3 317502 293658 387504 252647 516188 358400 741978 941663 627299 828219 859438 418578 520670 417207 300556 407376 355494 319608 289770
Reclutas
 158775 89685.1 88989.3 121705 98638.7 205415 74512.3 29663.8 30937.4 42314.6 77822.8 119682 99685.7 69822 60303.1 331805 56964.1 549227 290197 261569 320326 456200 83404 249306 216056 90904.4 211428 240535 63206.9 46294.6
log_desv_Rt
 0.278623 -0.292561 -0.300349 0.0127337 -0.197401 0.536167 -0.477901 -1.39894 -1.3569 -1.04373 -0.43443 -0.00402281 -0.186842 -0.542915 -0.689481 1.01568 -0.746444 1.51965 0.881695 0.777835 0.980473 1.33407 -0.365169 0.729815 0.586672 -0.279056 0.565021 0.694 -0.642452 -0.953839
SSB
 1.61302e+06 1.07723e+06 505469 281151 292501 360399 548384 268508 239534 140220 82123.7 202941 219519 175247 98752.3 123088 507326 402866 1.07524e+06 707832 791004 947512 905001 692809 1.02318e+06 839904 671512 747962 1.11058e+06 678033
BT
 2.3532e+06 1.62407e+06 781847 748001 603667 1.35516e+06 943190 599897 537544 384715 372060 641389 678965 694218 540317 1.15822e+06 879971 2.76069e+06 2.47201e+06 1.61936e+06 2.57018e+06 2.36269e+06 1.55055e+06 2.65169e+06 1.86882e+06 1.57309e+06 2.28819e+06 2.40546e+06 1.54532e+06 1.07624e+06
Ftot
 0.257603 0.478927 0.473099 0.736025 0.250755 0.412098 0.969886 0.176496 0.714991 1.05387 0.214311 0.809767 0.757702 1.35018 1.03178 0.763403 0.526609 0.464656 0.65621 0.599924 0.476249 0.601226 0.367337 0.329742 0.326277 0.264629 0.322613 0.258473 0.251023 0.410824
BD_Bspro_t
 0.95982 0.73561 0.506498 0.403243 0.38758 0.489829 0.51503 0.306942 0.355959 0.28493 0.238558 0.520174 0.402025 0.307343 0.19386 0.233316 0.434615 0.369422 0.537269 0.406893 0.387054 0.427902 0.444692 0.41756 0.546989 0.556976 0.559049 0.616329 0.6884 0.578268
BD_Bspro
 1.88573 1.25936 0.590929 0.328685 0.341954 0.421332 0.641099 0.313905 0.280032 0.163927 0.0960083 0.237252 0.256633 0.204876 0.115448 0.143899 0.5931 0.470978 1.25703 0.827505 0.92474 1.10771 1.05801 0.809942 1.19617 0.981906 0.785045 0.87442 1.29834 0.792668
BD_Bo
 1.16815 0.780134 0.366061 0.203609 0.211829 0.261001 0.39714 0.194454 0.17347 0.101548 0.059474 0.14697 0.158976 0.126914 0.0715165 0.0891404 0.367406 0.291756 0.778689 0.512612 0.572846 0.686189 0.655402 0.501732 0.740986 0.608259 0.48631 0.541675 0.804282 0.491032
BD_Brms
 6.07171 4.05491 1.90268 1.0583 1.10103 1.35661 2.06422 1.01072 0.90165 0.527816 0.309129 0.763909 0.82631 0.659665 0.371723 0.463327 1.90967 1.51646 4.04741 2.66441 2.97749 3.56662 3.4066 2.60786 3.85144 3.16156 2.5277 2.81547 4.18043 2.55225
Sel_flota
 0.671842 0.974937 0.998649 0.999929 0.999996
 0.671842 0.974937 0.998649 0.999929 0.999996
 0.671842 0.974937 0.998649 0.999929 0.999996
 0.671842 0.974937 0.998649 0.999929 0.999996
 0.671842 0.974937 0.998649 0.999929 0.999996
 0.671842 0.974937 0.998649 0.999929 0.999996
 0.671842 0.974937 0.998649 0.999929 0.999996
 0.671842 0.974937 0.998649 0.999929 0.999996
 0.671842 0.974937 0.998649 0.999929 0.999996
 0.671842 0.974937 0.998649 0.999929 0.999996
 0.671842 0.974937 0.998649 0.999929 0.999996
 0.671842 0.974937 0.998649 0.999929 0.999996
 0.671842 0.974937 0.998649 0.999929 0.999996
 0.671842 0.974937 0.998649 0.999929 0.999996
 0.671842 0.974937 0.998649 0.999929 0.999996
 0.671842 0.974937 0.998649 0.999929 0.999996
 0.671842 0.974937 0.998649 0.999929 0.999996
 0.671842 0.974937 0.998649 0.999929 0.999996
 0.671842 0.974937 0.998649 0.999929 0.999996
 0.671842 0.974937 0.998649 0.999929 0.999996
 0.671842 0.974937 0.998649 0.999929 0.999996
 0.671842 0.974937 0.998649 0.999929 0.999996
 0.671842 0.974937 0.998649 0.999929 0.999996
 0.671842 0.974937 0.998649 0.999929 0.999996
 0.671842 0.974937 0.998649 0.999929 0.999996
 0.671842 0.974937 0.998649 0.999929 0.999996
 0.671842 0.974937 0.998649 0.999929 0.999996
 0.671842 0.974937 0.998649 0.999929 0.999996
 0.671842 0.974937 0.998649 0.999929 0.999996
 0.671842 0.974937 0.998649 0.999929 0.999996
Sel_reclas
 1 1 1 1 1
 1 1 1 1 1
 1 1 1 1 1
 1 1 1 1 1
 1 1 1 1 1
 1 1 1 1 1
 1 1 1 1 1
 1 1 1 1 1
 1 1 1 1 1
 1 1 1 1 1
 1 1 1 1 1
 1 1 1 1 1
 1 1 1 1 1
 1 1 1 1 1
 1 1 1 1 1
 1 1 1 1 1
 1 1 1 1 1
 1 1 1 1 1
 1 1 1 1 1
 1 1 1 1 1
 1 1 1 1 1
 1 1 1 1 1
 1 1 1 1 1
 1 1 1 1 1
 1 1 1 1 1
 1 1 1 1 1
 1 1 1 1 1
 1 1 1 1 1
 1 1 1 1 1
 1 1 1 1 1
Sel_pelaces
 0.952686 1 1 1 1
 0.952686 1 1 1 1
 0.952686 1 1 1 1
 0.952686 1 1 1 1
 0.952686 1 1 1 1
 0.952686 1 1 1 1
 0.952686 1 1 1 1
 0.952686 1 1 1 1
 0.952686 1 1 1 1
 0.952686 1 1 1 1
 0.952686 1 1 1 1
 0.952686 1 1 1 1
 0.952686 1 1 1 1
 0.952686 1 1 1 1
 0.952686 1 1 1 1
 0.952686 1 1 1 1
 0.952686 1 1 1 1
 0.952686 1 1 1 1
 0.952686 1 1 1 1
 0.952686 1 1 1 1
 0.952686 1 1 1 1
 0.952686 1 1 1 1
 0.952686 1 1 1 1
 0.952686 1 1 1 1
 0.952686 1 1 1 1
 0.952686 1 1 1 1
 0.952686 1 1 1 1
 0.952686 1 1 1 1
 0.952686 1 1 1 1
 0.952686 1 1 1 1
pf_obs 
 0.8446 0.082 0.0669 0.0065 0
 0.8095 0.147 0.0364 0.0071 0
 0.9664 0.0169 0.016 0.0007 0
 0.9276 0.0648 0.0075 0.0001 0
 0.7033 0.2144 0.0806 0.0017 0
 0.9318 0.0425 0.0243 0.0014 0
 0.5671 0.3108 0.0964 0.0239 0.0018
 0.0768 0.2599 0.5324 0.112 0.0189
 0.490249 0.384438 0.106611 0.0170017 0.00170017
 0.7925 0.1577 0.0466 0.003 0.0002
 0.840416 0.127587 0.0312969 0.00059994 9.999e-05
 0.8084 0.0986 0.0794 0.0134 0.0002
 0.7335 0.1905 0.0724 0.0035 0.0001
 0.4001 0.4547 0.1325 0.0127 0
 0.49795 0.308269 0.164784 0.0264974 0.00249975
 0.9179 0.0499 0.0305 0.0017 0
 0.2467 0.6533 0.0926 0.0074 0
 0.9418 0.0223 0.034 0.0019 0
 0.707729 0.231977 0.0356964 0.0245975 0
 0.517169 0.277429 0.184464 0.0207286 0.00020938
 0.811772 0.124168 0.05621 0.00726502 0.000585176
 0.764997 0.148141 0.077277 0.00933861 0.000247198
 0.163321 0.427699 0.378323 0.0303852 0.000271297
 0.753843 0.0900009 0.118128 0.0371064 0.000921714
 0.721811 0.176058 0.0630433 0.0369309 0.00215725
 0.143369 0.312575 0.442814 0.0836902 0.0175525
 0.692698 0.0596174 0.167031 0.0765114 0.00414204
 0.394062 0.376323 0.152708 0.0712218 0.00568511
 0.125707 0.32114 0.495352 0.0537591 0.00404204
 0.23352 0.215282 0.420074 0.123614 0.00750983
pf_pred 
 0.505816 0.151765 0.318327 0.0240902 8.93039e-07
 0.447459 0.336236 0.067666 0.138196 0.0104438
 0.60302 0.222454 0.107493 0.020993 0.0460402
 0.729622 0.190766 0.0452126 0.0212011 0.0131992
 0.676992 0.263779 0.0422142 0.00967059 0.00734425
 0.786119 0.162148 0.0424533 0.0066162 0.00266285
 0.458602 0.46063 0.061665 0.0156808 0.00342194
 0.464627 0.317749 0.186203 0.0240008 0.0074198
 0.573289 0.240403 0.111732 0.0638221 0.0107547
 0.762003 0.164366 0.0421099 0.0189174 0.0126035
 0.85918 0.11967 0.0147874 0.00364236 0.00272058
 0.76633 0.210494 0.0197731 0.00238025 0.00102274
 0.712247 0.243354 0.0401343 0.00363884 0.000625043
 0.668324 0.266843 0.0551213 0.00877995 0.000931035
 0.780035 0.174239 0.0371094 0.00732881 0.00128802
 0.950872 0.0423416 0.00541948 0.00110988 0.000257169
 0.356411 0.624101 0.0168758 0.00208661 0.000525355
 0.926697 0.0341035 0.0380479 0.000997674 0.000154159
 0.581233 0.398776 0.00944961 0.0102324 0.000309269
 0.660343 0.234867 0.099946 0.00229181 0.00255216
 0.733369 0.202019 0.0451161 0.0185959 0.000899686
 0.761661 0.193461 0.0342524 0.00742324 0.00320258
 0.309544 0.577578 0.0921753 0.0158076 0.00489537
 0.751884 0.100836 0.12377 0.0192026 0.00430641
 0.634252 0.30101 0.0267468 0.0319343 0.00605658
 0.423297 0.41771 0.131504 0.0113672 0.0161218
 0.739383 0.136655 0.0904496 0.0277255 0.00578707
 0.689342 0.252377 0.0309652 0.019939 0.00737666
 0.316927 0.524921 0.129133 0.0154285 0.0135905
 0.411432 0.241281 0.268524 0.0643284 0.014435
pobs_RECLAS
 0 0 0 0 0
 0 0 0 0 0
 0 0 0 0 0
 0 0 0 0 0
 0 0 0 0 0
 0 0 0 0 0
 0 0 0 0 0
 0 0 0 0 0
 0 0 0 0 0
 0 0 0 0 0
 0.991045 0.00858322 0.000360255 1.14367e-05 0
 0.934742 0.0480273 0.0164251 0.00080598 0
 0.827803 0.169806 0.00239088 0 0
 0.941827 0.0461693 0.0120037 0 0
 0.791401 0.0380133 0.147996 0.0225897 0
 0.846168 0.0940531 0.0597789 0 0
 0.134021 0.677848 0.182769 0.00536245 0
 0.80878 0.0450904 0.141981 0.00414843 0
 0.846168 0.0940531 0.0597789 0 0
 0.905697 0.0802665 0.012482 0.00150086 5.37128e-05
 0.989698 0.0102097 9.19794e-05 0 0
 0.975433 0.0193895 0.00387452 0.00125025 5.28907e-05
 0.303575 0.632131 0.0575291 0.00676475 0
 0.966965 0.00978017 0.0227588 0.000495775 0
 0.843318 0.132988 0.00938335 0.0141283 0.000182051
 0.564624 0.303363 0.111486 0.0197234 0.00080311
 0.826376 0.0876187 0.0782897 0.00655872 0.00115652
 0.89761 0.0855135 0.0140674 0.00269457 0.000114338
 0.34875 0.467042 0.161289 0.0227151 0.000203297
 0.318654 0.224769 0.449479 0.00709798 0
ppred_RECLAS
 0.603578 0.12384 0.253428 0.0191536 7.09987e-07
 0.546854 0.278583 0.0546589 0.11148 0.0084242
 0.693771 0.173551 0.0817623 0.0159463 0.0349698
 0.802435 0.140496 0.03243 0.0151856 0.00945341
 0.754792 0.201157 0.031409 0.00718585 0.00545686
 0.844705 0.118451 0.0302427 0.0047069 0.00189428
 0.562752 0.373552 0.0486483 0.0123526 0.00269543
 0.561082 0.263103 0.150459 0.0193683 0.00598726
 0.669701 0.188267 0.0852268 0.0486138 0.00819135
 0.830877 0.11783 0.0293538 0.0131672 0.00877179
 0.899418 0.0857924 0.0103443 0.00254463 0.00190053
 0.83136 0.152316 0.0139302 0.00167449 0.000719439
 0.787936 0.180075 0.0289209 0.00261845 0.000449736
 0.758761 0.195212 0.0391425 0.00622485 0.000660035
 0.844179 0.124146 0.0257134 0.00507063 0.000891083
 0.966723 0.0287853 0.00358782 0.000733721 0.000169997
 0.450311 0.533455 0.0140608 0.00173617 0.000437093
 0.949721 0.0237092 0.0257899 0.000675338 0.000104344
 0.673931 0.310895 0.00717752 0.00776126 0.000234563
 0.744013 0.178419 0.0739879 0.00169424 0.00188657
 0.803221 0.150019 0.032664 0.0134453 0.000650445
 0.826487 0.14153 0.0244186 0.00528474 0.00227981
 0.397938 0.505695 0.0787118 0.0134807 0.00417447
 0.818492 0.0748672 0.0896376 0.0138886 0.00311446
 0.7186 0.232634 0.0201636 0.0240424 0.00455951
 0.519452 0.350441 0.107638 0.00929192 0.0131776
 0.808001 0.101881 0.0657786 0.0201364 0.00420273
 0.765275 0.191587 0.0229342 0.0147483 0.00545591
 0.405547 0.459433 0.110272 0.0131578 0.0115895
 0.510679 0.203613 0.220978 0.0528673 0.0118624
pobs_PELACES
 0 0 0 0 0
 0 0 0 0 0
 0 0 0 0 0
 0 0 0 0 0
 0 0 0 0 0
 0 0 0 0 0
 0 0 0 0 0
 0 0 0 0 0
 0 0 0 0 0
 0 0 0 0 0
 0 0 0 0 0
 0 0 0 0 0
 0 0 0 0 0
 0 0 0 0 0
 0 0 0 0 0
 0 0 0 0 0
 0.505614 0.472636 0.0217494 0 0
 0 0 0 0 0
 0.443492 0.261883 0.143347 0.151278 0
 0.227955 0.32914 0.350689 0.0885471 0.00366901
 0.970185 0.0296113 0.000203453 0 0
 0.997202 0.00247181 0.000326279 0 0
 0.445219 0.490057 0.0546422 0.010081 0
 0.90214 0.0892962 0.00764917 0.000914606 0
 0 0 0 0 0
 0.581667 0.319106 0.0959925 0.00289975 0.000334073
 0.762889 0.0836404 0.116647 0.0363945 0.000428098
 0.88444 0.0763242 0.0277011 0.0115352 0
 0.521256 0.241999 0.230069 0.00667565 0
 0.616807 0.101726 0.260614 0.0208532 0
ppred_PELACES
 0.598467 0.125611 0.256535 0.0193863 7.18608e-07
 0.547084 0.278858 0.0545082 0.11115 0.0083992
 0.693874 0.173776 0.081566 0.0159049 0.0348786
 0.806657 0.137727 0.0316084 0.0147963 0.0092109
 0.750504 0.204747 0.031907 0.007299 0.00554275
 0.843853 0.119193 0.0303341 0.0047203 0.00189965
 0.57493 0.363554 0.0469883 0.0119262 0.00260233
 0.553617 0.267727 0.152892 0.01968 0.0060836
 0.675317 0.185521 0.083515 0.047623 0.00802427
 0.839073 0.112406 0.0277726 0.0124524 0.0082954
 0.896969 0.0879033 0.0105811 0.00260264 0.00194384
 0.835956 0.148256 0.0134733 0.00161901 0.000695592
 0.792612 0.176262 0.0281412 0.00254704 0.000437464
 0.774605 0.18276 0.0362606 0.00576326 0.000611073
 0.851452 0.118547 0.0243562 0.0048009 0.000843663
 0.967634 0.02802 0.00347163 0.000709732 0.000164437
 0.451382 0.532481 0.0139774 0.00172549 0.000434399
 0.949718 0.0237564 0.0257475 0.000674095 0.000104151
 0.677746 0.307334 0.00705895 0.00763094 0.000230621
 0.746473 0.176956 0.0730375 0.00167205 0.00186184
 0.803231 0.150146 0.0325701 0.0134039 0.000648438
 0.828278 0.140192 0.0240742 0.00520888 0.00224705
 0.395242 0.508195 0.0788739 0.0135064 0.00418238
 0.816409 0.0758423 0.0905711 0.0140313 0.00314643
 0.71548 0.235321 0.0203445 0.0242548 0.00459974
 0.514099 0.354545 0.108673 0.00938024 0.0133028
 0.805663 0.103246 0.0664915 0.0203519 0.00424767
 0.761257 0.19494 0.0232885 0.0149745 0.00553956
 0.400036 0.463902 0.111126 0.0132583 0.011678
 0.50931 0.204571 0.221305 0.0529363 0.0118777
pobs_pel_tallas
 0 0 0 0 0 0 0 0 0 0 0 0 0 0 0 0 0 0 0 0 0 0 0 0 0 0
 0 0 0 0 0 0 0 0 0 0 0 0 0 0 0 0 0 0 0 0 0 0 0 0 0 0
 0 0 0 0 0 0 0 0 0 0 0 0 0 0 0 0 0 0 0 0 0 0 0 0 0 0
 0 0 0 0 0 0 0 0 0 0 0 0 0 0 0 0 0 0 0 0 0 0 0 0 0 0
 0 0 0 0 0 0 0 0 0 0 0 0 0 0 0 0 0 0 0 0 0 0 0 0 0 0
 0 0 0 0 0 0 0 0 0 0 0 0 0 0 0 0 0 0 0 0 0 0 0 0 0 0
 0 0 0 0 0 0 0 0 0 0 0 0 0 0 0 0 0 0 0 0 0 0 0 0 0 0
 0 0 0 0 0 0 0 0 0 0 0 0 0 0 0 0 0 0 0 0 0 0 0 0 0 0
 0 0 0 0 0 0 0 0 0 0 0 0 0 0 0 0 0 0 0 0 0 0 0 0 0 0
 0 0 0 0 0 0 0 0 0 0 0 0 0 0 0 0 0 0 0 0 0 0 0 0 0 0
 0 0 0 0 0 0 0 0 0 0 0 0 0 0 0 0 0 0 0 0 0 0 0 0 0 0
 0 0 0 0 0 0 0 0 0 0 0 0 0 0 0 0 0 0 0 0 0 0 0 0 0 0
 0.00862536 0 0 0.000197151 0.00414017 0.0128641 0.00837892 0.0270097 0.101434 0.158115 0.152841 0.127902 0.109271 0.109419 0.0830992 0.0579132 0.0238553 0.00714673 0.00463305 0.00128148 0.00103504 0.000492878 0.000147863 0.000147863 4.92878e-05 0
 0 0 0 0 0 0 0 0 0 0 0 0 0 0 0 0 0 0 0 0 0 0 0 0 0 0
 0 0 0 0 0 0 0 0.0054083 0.00873648 0.0413646 0.0450493 0.0745869 0.0622846 0.0627006 0.0613931 0.0827291 0.12552 0.122667 0.0946155 0.0697135 0.0546179 0.0294188 0.0215738 0.0213955 0.0102223 0.00600262
 0 0 0 0 0.00359764 0.0251062 0.0480494 0.140153 0.205849 0.193036 0.1447 0.116669 0.0760912 0.0342217 0.00950174 0.001854 0.000860785 0 0 0 0.000165536 0 0.000143464 0 0 0
 0 0 0 0 0 0 0 0.000145254 0.000435761 0.0275982 0.070085 0.0708112 0.156366 0.174668 0.174014 0.160142 0.0824315 0.0480064 0.0283245 0.00493863 0.00203355 0 0 0 0 0
 0 0 0 0 0 0 0 0 0 0 0 0 0 0 0 0 0 0 0 0 0 0 0 0 0 0
 0 0 1.00437e-05 0.000401748 0.00122533 0.00171747 0.00176769 0.0269171 0.070346 0.194647 0.189555 0.159765 0.064822 0.0314167 0.0384472 0.0292271 0.0345202 0.0313363 0.0194345 0.0106764 0.0143323 0.0359363 0.0279516 0.0138201 0.00172751 0
 0 0.0021121 0.0136068 0.0755702 0.200478 0.177729 0.0527432 0.0373336 0.0318909 0.0142505 0.0149659 0.0166563 0.0217959 0.0798694 0.0677717 0.0528807 0.04013 0.0224614 0.0357745 0.0225083 0.00881397 0.00855152 0.00135912 0.000746735 0 0
 0 0 0 0 5.4009e-05 0.00500934 0.000945158 0.0243581 0.138947 0.33067 0.221406 0.137944 0.0707744 0.0437923 0.0131692 0.00525238 0.0047753 0.00276346 9.45158e-05 9.00151e-06 2.25038e-05 9.00151e-06 4.50075e-06 0 0 0
 0.000866109 0.00284123 0.00948549 0.0512746 0.133035 0.25785 0.225252 0.132002 0.0553304 0.0519788 0.0540692 0.017754 0.00435017 0.00159236 0.00146478 0.000404838 0.000125132 0.000115318 0.000107957 0.000100596 0 0 0 0 0 0
 0 0 0 0 0.00144013 0.00171154 0.00461396 0.0210425 0.0478622 0.0707936 0.0888783 0.103762 0.0637923 0.0337046 0.0602308 0.124433 0.169614 0.0934646 0.0462172 0.0250306 0.0313229 0.00938855 0.002487 0.000210481 0 0
 0 0.00764035 0.051015 0.0998891 0.058973 0.0496711 0.0374665 0.0718981 0.12319 0.153886 0.159021 0.0857701 0.0377988 0.023471 0.0147837 0.00900784 0.00315554 0.000888139 0.00291439 0.00214683 0.00393193 0.00274676 0.000635225 9.99891e-05 0 0
 0 0 0 0 0 0 0 0 0 0 0 0 0 0 0 0 0 0 0 0 0 0 0 0 0 0
 0 0 0 0 0 0 0 0 0 0 0 0 0 0 0 0 0 0 0 0 0 0 0 0 0 0
 0 0 0 0 0 0 0 0 0 0 0 0 0 0 0 0 0 0 0 0 0 0 0 0 0 0
 0 0 0 0 0 0 0 0 0 0 0 0 0 0 0 0 0 0 0 0 0 0 0 0 0 0
 0 0 0 0 0 0 0 0 0 0 0 0 0 0 0 0 0 0 0 0 0 0 0 0 0 0
 0 0 0 0 0 0 0 0 0 0 0 0 0 0 0 0 0 0 0 0 0 0 0 0 0 0
ppred_pel_tallas
 1.0938e-16 4.9295e-05 0.000479165 0.00318422 0.014475 0.0450372 0.0959569 0.140055 0.140067 0.0960181 0.0452436 0.015076 0.00471073 0.00387081 0.00666392 0.0113898 0.0174503 0.024121 0.0306152 0.0364422 0.0414654 0.0455458 0.0481524 0.0484116 0.0456348 0.0398847
 1.14213e-16 4.50627e-05 0.000438025 0.00291083 0.0132322 0.0411705 0.0877192 0.128034 0.128061 0.0878508 0.0416128 0.0145105 0.00612306 0.00746255 0.0134237 0.0222259 0.0322765 0.0411869 0.0465998 0.0475513 0.0450811 0.0414919 0.0388294 0.0377629 0.0375523 0.0368471
 1.09896e-16 5.71535e-05 0.000555553 0.00369184 0.0167826 0.052217 0.111254 0.162383 0.162399 0.111337 0.0524938 0.0175835 0.00570721 0.00497149 0.00849241 0.014078 0.0205803 0.0265345 0.03049 0.0318043 0.0309995 0.0293221 0.0278677 0.0269784 0.0262782 0.0251413
 1.03991e-16 6.64433e-05 0.000645852 0.00429192 0.0195104 0.0607043 0.129337 0.188775 0.188788 0.129402 0.0609226 0.0201413 0.00587664 0.0041095 0.00665708 0.010934 0.0158256 0.0200777 0.0224641 0.0224356 0.0204416 0.0176023 0.0149994 0.0131417 0.0119208 0.0109291
 1.02644e-16 6.18181e-05 0.000600894 0.00399315 0.0181523 0.0564786 0.120334 0.175636 0.175655 0.120431 0.0568025 0.0190879 0.00634184 0.00572903 0.00980388 0.0161174 0.0232296 0.0292502 0.0322955 0.0314984 0.0275179 0.0220794 0.0169283 0.0130152 0.0103823 0.00857726
 1.01701e-16 6.95071e-05 0.000675634 0.00448982 0.0204101 0.0635035 0.135301 0.197479 0.19749 0.135357 0.0636924 0.0209561 0.00586126 0.00367287 0.00577169 0.00945747 0.0136769 0.0173232 0.0193138 0.0191424 0.0171628 0.0143176 0.0115442 0.00932869 0.00766977 0.00633318
 1.03086e-16 4.73563e-05 0.00046032 0.00305899 0.0139057 0.0432661 0.0921843 0.134553 0.134588 0.0923555 0.0438409 0.0155657 0.00722543 0.00955456 0.0173156 0.0285424 0.0410907 0.0516278 0.0567843 0.0550012 0.0474522 0.0372357 0.0275178 0.0200708 0.0150497 0.0117059
 1.07484e-16 4.56008e-05 0.000443256 0.00294559 0.0133902 0.0416622 0.0887666 0.129563 0.129589 0.0888937 0.0420893 0.0146264 0.00605721 0.00726498 0.0130863 0.0217839 0.0318923 0.0411812 0.0473694 0.0493503 0.0477381 0.044228 0.0403428 0.0366235 0.0327635 0.0283039
 1.08592e-16 5.5625e-05 0.000540695 0.00359311 0.0163338 0.0508205 0.108279 0.15804 0.158058 0.108367 0.0511161 0.0171888 0.00574467 0.00525519 0.00906165 0.0150317 0.0219793 0.0283479 0.0325922 0.0340242 0.0331874 0.0313787 0.0297143 0.0285011 0.0273049 0.0254836
 1.03483e-16 6.91134e-05 0.000671807 0.00446439 0.0202945 0.0631437 0.134535 0.19636 0.196371 0.134588 0.063322 0.0208096 0.00575855 0.00350092 0.00545397 0.00893889 0.0129465 0.0164463 0.0184415 0.0184864 0.0169458 0.0147255 0.0126943 0.0112513 0.0102951 0.00948675
 1.00918e-16 7.38822e-05 0.000718161 0.00477243 0.0216948 0.0675006 0.143817 0.209908 0.209916 0.143859 0.0676395 0.0220961 0.0057796 0.0029164 0.00424751 0.0069019 0.00992799 0.0124697 0.013709 0.0132712 0.0114447 0.00898498 0.00666337 0.00491048 0.00375943 0.0030183
 1.00707e-16 6.88566e-05 0.000669311 0.00444781 0.0202191 0.0629092 0.134035 0.195631 0.195645 0.134105 0.0631433 0.0208953 0.00614452 0.00437113 0.00709298 0.0116005 0.0166647 0.020872 0.0228303 0.0218957 0.0185538 0.0140961 0.0098593 0.00661859 0.00447891 0.00315207
 1.01187e-16 6.52864e-05 0.000634607 0.00421719 0.0191707 0.0596474 0.127086 0.185489 0.185506 0.127169 0.0599262 0.0199761 0.00623878 0.0050482 0.0084487 0.0138669 0.0199749 0.0251277 0.0276894 0.026896 0.0232964 0.018364 0.013607 0.00987356 0.00725446 0.00542741
 1.01775e-16 6.38032e-05 0.00062019 0.00412138 0.0187352 0.0582923 0.124199 0.181275 0.181293 0.124285 0.0585816 0.0195711 0.00622032 0.00520464 0.00877761 0.0144285 0.0208207 0.0262685 0.0290928 0.0285085 0.0250738 0.0202814 0.0156401 0.0119705 0.00932341 0.00735278
 1.01358e-16 7.0133e-05 0.000681718 0.00453026 0.0205939 0.0640753 0.13652 0.199257 0.199268 0.136576 0.064263 0.0211362 0.00589215 0.00365663 0.00572559 0.00936898 0.013523 0.0170747 0.018937 0.018604 0.0164387 0.0134059 0.0104762 0.00816962 0.00650603 0.00525067
 1.00207e-16 7.97028e-05 0.000774739 0.00514841 0.0234039 0.0728184 0.155147 0.226443 0.226445 0.155161 0.0728627 0.0235319 0.00546946 0.00147544 0.00141003 0.00220377 0.00316411 0.00397281 0.00436493 0.00421954 0.003627 0.00282679 0.00206446 0.00147876 0.00108382 0.000823546
 1.00787e-16 3.71798e-05 0.000361401 0.00240164 0.0109175 0.0339688 0.072376 0.105646 0.105697 0.0726263 0.0348087 0.0133422 0.00848286 0.0136203 0.0251697 0.0414244 0.0593704 0.0740286 0.0803504 0.0760078 0.0628141 0.0455763 0.029334 0.0171008 0.00938844 0.00514942
 1.00835e-16 7.8227e-05 0.000760394 0.00505309 0.0229706 0.0714701 0.152275 0.22225 0.222252 0.152286 0.0715084 0.0230816 0.00533341 0.00137777 0.00126658 0.00201123 0.0029849 0.0039505 0.0047163 0.00518149 0.00536912 0.00536744 0.00523394 0.00495267 0.00447526 0.00379435
 1.01087e-16 5.58251e-05 0.00054264 0.00360603 0.0163925 0.0510034 0.108669 0.158612 0.158642 0.108814 0.0514882 0.017792 0.00711621 0.00819618 0.0145643 0.0239188 0.0342859 0.0427711 0.0464693 0.0440507 0.0365751 0.0268223 0.0176909 0.0108896 0.00666648 0.00436644
 1.02636e-16 6.1486e-05 0.000597666 0.0039717 0.0180548 0.0561753 0.119688 0.174692 0.174709 0.119772 0.0564566 0.0188683 0.00601719 0.00507432 0.0085965 0.0141999 0.0206468 0.0263698 0.0297938 0.030156 0.0279045 0.0242958 0.0205505 0.0172589 0.0143916 0.0116985
 1.02433e-16 6.61611e-05 0.00064311 0.00427369 0.0194276 0.0604465 0.128788 0.187973 0.187988 0.128859 0.0606844 0.0201149 0.00599987 0.00441478 0.00723931 0.0118899 0.0171845 0.0217437 0.0242077 0.0239505 0.0214385 0.0178851 0.0144892 0.0118606 0.00996725 0.00846465
 1.01634e-16 6.82242e-05 0.000663163 0.00440696 0.0200334 0.0623314 0.132804 0.193834 0.193848 0.13287 0.0625532 0.0206742 0.00601585 0.00417651 0.006744 0.0110498 0.0159311 0.0200757 0.0221932 0.0216869 0.0189994 0.0152979 0.0117624 0.00903429 0.00714508 0.00580113
 1.04469e-16 3.25557e-05 0.000316453 0.00210294 0.00955971 0.0297441 0.0633747 0.0925075 0.0925565 0.0636141 0.0305479 0.0118815 0.00793146 0.0130415 0.0242037 0.039972 0.0575998 0.0724754 0.0799052 0.0777059 0.067483 0.0535021 0.0401101 0.0297231 0.0225431 0.0175658
 1.04573e-16 6.72465e-05 0.00065366 0.0043438 0.0197463 0.0614381 0.130901 0.191055 0.191062 0.130937 0.0615607 0.0201021 0.00524297 0.00263702 0.00389408 0.00648813 0.00970595 0.0129703 0.0157192 0.0176635 0.0188836 0.0196252 0.019986 0.0197921 0.0187591 0.016766
 1.03859e-16 5.89332e-05 0.000572852 0.0038068 0.0173052 0.053843 0.114719 0.16744 0.167463 0.11483 0.0542148 0.018379 0.00650177 0.00645429 0.0112242 0.0184519 0.0265532 0.0333551 0.0366958 0.0356071 0.0309065 0.0246568 0.0189316 0.0148366 0.0123552 0.0108373
 1.06419e-16 4.23457e-05 0.000411616 0.00273533 0.0124344 0.0386884 0.0824309 0.120317 0.120352 0.0825984 0.0392509 0.0140605 0.0068213 0.00934586 0.0170527 0.0282354 0.0409281 0.0520055 0.0582881 0.05828 0.053001 0.0451762 0.0374839 0.0312643 0.0264505 0.0223451
 1.04706e-16 6.63615e-05 0.000645057 0.00428663 0.0194864 0.0606295 0.129178 0.188541 0.188551 0.129227 0.0607946 0.0199643 0.00549056 0.0032874 0.00512639 0.00847959 0.0124665 0.0162206 0.0188971 0.020101 0.0200771 0.0194457 0.0187117 0.0179632 0.016954 0.0154093
 1.03162e-16 6.27038e-05 0.000609503 0.00405036 0.0184124 0.0572878 0.122058 0.178152 0.178171 0.12215 0.057596 0.0193026 0.00628479 0.0054871 0.00932589 0.0153184 0.0220627 0.0277544 0.0306044 0.0298044 0.0260123 0.0209075 0.016178 0.0127254 0.0105463 0.00913586
 1.06632e-16 3.29505e-05 0.000320291 0.00212845 0.00967564 0.0301047 0.064143 0.0936279 0.0936727 0.0643618 0.0308398 0.0117996 0.00746341 0.0119778 0.0222057 0.036744 0.0531271 0.0672229 0.074819 0.0739451 0.0659957 0.0546826 0.0437127 0.0350336 0.0286688 0.0236945
 1.13758e-16 4.19512e-05 0.000407781 0.00270985 0.0123186 0.0383278 0.0816621 0.119192 0.119212 0.0817602 0.0386579 0.013276 0.00512858 0.00573893 0.0103169 0.017383 0.0259589 0.0345811 0.0417421 0.0467006 0.0497606 0.0517076 0.0529184 0.0529644 0.0510039 0.046528
pSPR Fmed_Fpbrs
0.468319   0.242392 0.242392
Fs Fmed_Fpbrs
0.4749   1.005 1.005
SSBpbr Bo_Bmed_Bpbrs
1.38083e+06  577628  265661 265661
Ro
120165
SPR SPRFo_SPRFmed_SPRFpbrs
855381 400591 207338
Fref
1.005
log_Ro
11.5166
likeval ReclasPelacesDesembMPH_pf_preclas_ppelaces_ptallas_desvR_qrecl_qpela
 11.4653 16.376 0.0190634 0.000826234 229.973 103.324 78.4075 0 24.8929 1.08298e-05 2.70288e-05 0.0857339 0 0 0
q_reclas_q_pelaces
1.59413 2.0952
M
1
N
 158775 33873.7 69531.9 5255.94 0.194829
 89685.1 49127.5 9693.85 19777.2 1494.53
 88989.3 23915.8 11330.5 2210.49 4847.61
 121705 23823.4 5547.24 2598.77 1617.83
 98638.7 27306 4276.31 978.504 743.072
 205415 30661.1 7866.68 1224.67 492.873
 74512.3 57292.3 7547.58 1917.64 418.458
 29663.8 14287.1 8187.34 1054.06 325.841
 30937.4 9692.48 4425.05 2525.23 425.507
 42314.6 7039.98 1775.85 797.126 531.054
 77822.8 7668.3 926.951 228.054 170.33
 119682 24790.3 2289.09 275.305 118.287
 99685.7 25554.3 4141.18 375.117 64.4306
 69822 22042.4 4491.09 714.838 75.7994
 60303.1 10369.2 2174.13 429.017 75.3956
 331805 11091.6 1395.04 285.43 66.1335
 56964.1 73087.8 1938.51 239.441 60.2819
 549227 14711.4 16090.9 421.483 65.1231
 290197 147870 3440.48 3721.86 112.486
 261569 68696 28690.7 657.237 731.86
 320326 64305.6 14080.7 5797.69 280.481
 456200 85573.4 14869.8 3219.41 1388.87
 83404 112056 17517.8 3000.92 929.283
 249306 23972.4 28814.3 4465.48 1001.38
 216056 73489.7 6394.42 7626.09 1446.26
 90904.4 63836.8 19669 1698.24 2408.43
 211428 27994.8 18143.9 5555.42 1159.5
 240535 62623.5 7519.44 4836.33 1789.15
 63206.9 74381.8 17906.2 2136.93 1882.24
 46294.6 19643.9 21423.3 5126.7 1150.34
pred_Ctot
 16176.8 4853.69 10180.6 770.442 0.0285608
 16010.5 12030.8 2421.15 4944.77 373.688
 15717.1 5798.06 2801.69 547.162 1200
 31234.3 8166.47 1935.5 907.595 565.042
 9800.89 3818.76 611.141 140.002 106.324
 32117.6 6624.71 1734.47 270.311 108.793
 23760.7 23865.7 3194.93 812.439 177.294
 2117.1 1447.84 848.444 109.361 33.8088
 7754.46 3251.75 1511.31 863.275 145.471
 14362 3097.91 793.674 356.55 237.548
 6674.75 929.684 114.88 28.2965 21.1355
 33165.7 9109.88 855.754 103.014 44.2629
 26191.8 8948.96 1475.87 133.813 22.9849
 28278.4 11290.8 2332.32 371.501 39.3944
 20147.2 4500.35 958.483 189.293 33.2679
 87708.1 3905.58 499.891 102.375 23.7212
 11042.2 19335.7 522.841 64.6465 16.2764
 95485.4 3513.98 3920.4 102.799 15.8843
 67773.7 46498.6 1101.86 1193.13 36.0618
 56667.8 20155.3 8576.94 196.673 219.015
 56904.7 15675.4 3500.72 1442.92 69.8098
 99014.6 25149.6 4452.76 965.009 416.33
 11764 21950.4 3503.05 600.757 186.045
 31885.6 4276.22 5248.8 814.337 182.625
 27368.1 12988.7 1154.13 1377.97 261.343
 9496.29 9370.95 2950.18 255.012 361.679
 26507.3 4899.14 3242.67 993.975 207.47
 24583.9 9000.47 1104.31 711.081 263.072
 6286.59 10412.4 2561.49 306.041 269.582
 7218.47 4233.21 4711.19 1128.63 253.259
F
 0.173068 0.251146 0.257255 0.257584 0.257602
 0.321763 0.466923 0.478279 0.478892 0.478925
 0.317847 0.461241 0.472459 0.473065 0.473097
 0.494492 0.717577 0.73503 0.735972 0.736022
 0.168468 0.24447 0.250416 0.250737 0.250754
 0.276864 0.401769 0.411541 0.412068 0.412096
 0.65161 0.945578 0.968576 0.969817 0.969882
 0.118577 0.172072 0.176257 0.176483 0.176495
 0.480361 0.697071 0.714025 0.71494 0.714988
 0.708037 1.02746 1.05245 1.0538 1.05387
 0.143983 0.20894 0.214022 0.214296 0.214311
 0.544035 0.789471 0.808673 0.809709 0.809764
 0.509056 0.738712 0.756679 0.757649 0.7577
 0.907106 1.31634 1.34835 1.35008 1.35017
 0.693194 1.00592 1.03039 1.03171 1.03178
 0.512886 0.744269 0.762371 0.763348 0.7634
 0.353798 0.51341 0.525897 0.526571 0.526607
 0.312176 0.453011 0.464029 0.464623 0.464655
 0.440869 0.639763 0.655323 0.656163 0.656208
 0.403054 0.584887 0.599113 0.599881 0.599921
 0.319964 0.464312 0.475605 0.476215 0.476247
 0.403929 0.586158 0.600414 0.601183 0.601224
 0.246792 0.35813 0.36684 0.367311 0.367335
 0.221535 0.321478 0.329297 0.329719 0.329741
 0.219207 0.3181 0.325836 0.326254 0.326276
 0.177789 0.257997 0.264272 0.26461 0.264628
 0.216745 0.314527 0.322177 0.32259 0.322612
 0.173653 0.251995 0.258124 0.258454 0.258472
 0.168648 0.244732 0.250684 0.251005 0.251022
 0.276009 0.400528 0.410269 0.410795 0.410823
nmprior
 8 8 7 0
nm_flota  nm_reclas  nm_pelaces    nm_pelaL
inf 14.763 17.978 32.0398
cv_recla  cv_pelaces  cv_mph
0.313487 0.476178 0.887068
 ------------------------------------------------
Talla a la edad & desviación 
 8 13.2811 15.8009 17.003 17.5766
 0.8 1.32811 1.58009 1.7003 1.75766
