years
 1991 1992 1993 1994 1995 1996 1997 1998 1999 2000 2001 2002 2003 2004 2005 2006 2007 2008 2009 2010 2011 2012 2013 2014 2015 2016 2017 2018 2019 2020
reclasobs
 0 0 0 0 0 0 0 0 0 252601 567819 844713 477998 351125 339783 2.1784e+06 2.13404e+06 4.81314e+06 1.55562e+06 2.62356e+06 3.21686e+06 3.843e+06 1.13348e+06 3.07943e+06 1.97215e+06 2.03268e+06 2.025e+06 2.42433e+06 2.27542e+06 1.05018e+06
reclaspred
 998718 973419 390311 118574 15087.4 445166 247448 30610.8 203459 137898 190359 462630 416625 118926 284548 848415 2.34366e+06 3.29099e+06 756864 1.69184e+06 3.61938e+06 1.71048e+06 1.09287e+06 2.1653e+06 2.03002e+06 921047 944961 1.64604e+06 1.96251e+06 737032
pelacesobs
 0 0 0 0 0 0 0 0 0 0 0 0 0 0 0 552880 188675 0 991730 2.46772e+06 1.41603e+06 1.21717e+06 2.29649e+06 1.80582e+06 0 1.4828e+06 1.56532e+06 1.57751e+06 1.42118e+06 867257
pelacespred
 326928 397330 171496 34978.9 2115.07 194212 70408.8 9075.11 84899.7 44892.7 87195.9 181468 165237 38648.9 134185 345068 953158 1.31755e+06 361556 656376 1.3756e+06 885648 491556 1.12648e+06 1.04929e+06 488932 521716 888806 877144 408203
mphobs
 0 0 0 0 0 0 0 0 0 0 0 498337 0 5186 125008 0 168611 109162 213762 579715 649985 157893 87575 83554 0 0 0 0 0 0
mphpred
 315513 1.07662e+06 485290 124242 42393.2 2299.96 422273 57016.1 7098.15 197220 39543.9 239785 410118 162130 43078.2 274802 1.01236e+06 2.8334e+06 1.41756e+06 243433 2.67494e+06 1.92111e+06 1.18886e+06 623256 2.25403e+06 1.14045e+06 458361 806611 1.89885e+06 1.01634e+06
desembarqueobs
 494567 514787 250237 358949 120608 361735 552515 73892 212993 205616 52469 317467 293654 387597 252695 516296 358380 742168 942051 627588 828172 859565 418607 520667 417249 300574 407403 355545 319650 289779
desembarquepred
 494093 522384 246223 358145 120587 361689 551602 73956.4 213074 205652 52513.3 317078 293536 387696 252045 516166 358537 741394 938074 624757 826860 857201 418005 521491 417579 300261 406847 355914 319750 289606
Reclutas
 482450 1172.81 7527.84 80421.4 2862.18 275543 1120.07 267.944 78616.2 759.261 102543 193638 43035.4 41238.2 116428 480486 574208 73018.6 3708.96 1.09477e+06 195086 364982 12442.3 597198 64804.9 11217.8 269179 426077 1428.44 766.11
log_desv_Rt
 2.5796 -3.43987 -1.58067 0.788006 -2.54769 2.01947 -3.48588 -4.91625 0.765303 -3.87468 1.031 1.66671 0.162748 0.12009 1.158 2.57552 2.75372 0.691439 -2.28852 3.39903 1.67417 2.30057 -1.07817 2.79297 0.572107 -1.18177 1.9961 2.45535 -3.24269 -3.8657
SSB
 315513 1.07662e+06 485290 124242 42393.2 2299.96 422273 57016.1 7098.15 197220 39543.9 239785 410118 162130 43078.2 274802 1.01236e+06 2.8334e+06 1.41756e+06 243433 2.67494e+06 1.92111e+06 1.18886e+06 623256 2.25403e+06 1.14045e+06 458361 806611 1.89885e+06 1.01634e+06
BT
 1.55652e+06 1.36988e+06 635984 459145 97503.3 1.21543e+06 651312 91535.2 575743 284924 407285 911379 700599 536675 837638 1.79439e+06 3.57023e+06 3.73919e+06 1.98069e+06 3.25793e+06 4.20496e+06 3.33981e+06 1.5401e+06 5.05842e+06 2.90999e+06 1.47237e+06 2.43102e+06 3.61979e+06 2.28827e+06 1.26797e+06
Ftot
 0.461663 0.490059 0.570665 2.27567 3.72925 0.75161 1.68035 1.78618 0.956247 1.224 0.261223 0.627363 0.635174 2.34479 0.81249 0.563929 0.145434 0.212135 1.04723 0.348258 0.215209 0.461867 0.354872 0.228179 0.19405 0.304124 0.402662 0.204895 0.154225 0.364062
BD_Bspro_t
 0.928796 0.713038 0.436619 0.196733 0.0829623 0.00752626 0.43911 0.0874903 0.0184434 0.348823 0.13675 0.589134 0.549666 0.279397 0.105253 0.417258 0.622823 0.788042 0.588125 0.237245 0.729364 0.633189 0.535518 0.428582 0.746172 0.648892 0.50427 0.653906 0.795488 0.672013
BD_Bspro
 1.21197 4.13558 1.86412 0.477246 0.162843 0.00883472 1.62206 0.219013 0.0272658 0.757572 0.151898 0.921075 1.57537 0.622782 0.165474 1.05558 3.88872 10.8838 5.4452 0.935087 10.2751 7.37947 4.56671 2.39409 8.65828 4.38074 1.76068 3.0984 7.29395 3.90401
BD_Bo
 0.169427 0.578133 0.260595 0.0667166 0.0227646 0.00123505 0.226755 0.030617 0.00381162 0.105905 0.0212346 0.128762 0.220228 0.0870618 0.0231325 0.147565 0.543624 1.5215 0.761212 0.130721 1.43641 1.03161 0.638403 0.334681 1.21039 0.612406 0.246135 0.43314 1.01966 0.545761
BD_Brms
 0.719732 2.45593 1.10702 0.283415 0.0967051 0.00524654 0.963266 0.130062 0.0161919 0.449888 0.0902055 0.546985 0.935539 0.369842 0.0982677 0.626863 2.30933 6.4634 3.23366 0.555306 6.10193 4.38233 2.71196 1.42174 5.14176 2.60153 1.04559 1.84 4.33155 2.31841
Sel_flota
 0.5 1 1 1 1
 0.5 1 1 1 1
 0.5 1 1 1 1
 0.5 1 1 1 1
 0.5 1 1 1 1
 0.5 1 1 1 1
 0.5 1 1 1 1
 0.5 1 1 1 1
 0.5 1 1 1 1
 0.5 1 1 1 1
 0.5 1 1 1 1
 0.5 1 1 1 1
 0.5 1 1 1 1
 0.5 1 1 1 1
 0.5 1 1 1 1
 0.5 1 1 1 1
 0.5 1 1 1 1
 0.5 1 1 1 1
 0.5 1 1 1 1
 0.5 1 1 1 1
 0.5 1 1 1 1
 0.5 1 1 1 1
 0.5 1 1 1 1
 0.5 1 1 1 1
 0.5 1 1 1 1
 0.5 1 1 1 1
 0.5 1 1 1 1
 0.5 1 1 1 1
 0.5 1 1 1 1
 0.5 1 1 1 1
Sel_reclas
 0.5 1 1 1 1
 0.5 1 1 1 1
 0.5 1 1 1 1
 0.5 1 1 1 1
 0.5 1 1 1 1
 0.5 1 1 1 1
 0.5 1 1 1 1
 0.5 1 1 1 1
 0.5 1 1 1 1
 0.5 1 1 1 1
 0.5 1 1 1 1
 0.5 1 1 1 1
 0.5 1 1 1 1
 0.5 1 1 1 1
 0.5 1 1 1 1
 0.5 1 1 1 1
 0.5 1 1 1 1
 0.5 1 1 1 1
 0.5 1 1 1 1
 0.5 1 1 1 1
 0.5 1 1 1 1
 0.5 1 1 1 1
 0.5 1 1 1 1
 0.5 1 1 1 1
 0.5 1 1 1 1
 0.5 1 1 1 1
 0.5 1 1 1 1
 0.5 1 1 1 1
 0.5 1 1 1 1
 0.5 1 1 1 1
Sel_pelaces
 0.5 1 1 1 1
 0.5 1 1 1 1
 0.5 1 1 1 1
 0.5 1 1 1 1
 0.5 1 1 1 1
 0.5 1 1 1 1
 0.5 1 1 1 1
 0.5 1 1 1 1
 0.5 1 1 1 1
 0.5 1 1 1 1
 0.5 1 1 1 1
 0.5 1 1 1 1
 0.5 1 1 1 1
 0.5 1 1 1 1
 0.5 1 1 1 1
 0.5 1 1 1 1
 0.5 1 1 1 1
 0.5 1 1 1 1
 0.5 1 1 1 1
 0.5 1 1 1 1
 0.5 1 1 1 1
 0.5 1 1 1 1
 0.5 1 1 1 1
 0.5 1 1 1 1
 0.5 1 1 1 1
 0.5 1 1 1 1
 0.5 1 1 1 1
 0.5 1 1 1 1
 0.5 1 1 1 1
 0.5 1 1 1 1
pf_obs 
 0.8446 0.082 0.0669 0.0065 0
 0.8095 0.147 0.0364 0.0071 0
 0.9664 0.0169 0.016 0.0007 0
 0.9276 0.0648 0.0075 0.0001 0
 0.7033 0.2144 0.0806 0.0017 0
 0.9318 0.0425 0.0243 0.0014 0
 0.5671 0.3108 0.0964 0.0239 0.0018
 0.0768 0.2599 0.5324 0.112 0.0189
 0.490249 0.384438 0.106611 0.0170017 0.00170017
 0.7925 0.1577 0.0466 0.003 0.0002
 0.840416 0.127587 0.0312969 0.00059994 9.999e-05
 0.8084 0.0986 0.0794 0.0134 0.0002
 0.7335 0.1905 0.0724 0.0035 0.0001
 0.4001 0.4547 0.1325 0.0127 0
 0.49795 0.308269 0.164784 0.0264974 0.00249975
 0.9179 0.0499 0.0305 0.0017 0
 0.2467 0.6533 0.0926 0.0074 0
 0.9418 0.0223 0.034 0.0019 0
 0.707729 0.231977 0.0356964 0.0245975 0
 0.517169 0.277429 0.184464 0.0207286 0.00020938
 0.811772 0.124168 0.05621 0.00726502 0.000585176
 0.764997 0.148141 0.077277 0.00933861 0.000247198
 0.163321 0.427699 0.378323 0.0303852 0.000271297
 0.753843 0.0900009 0.118128 0.0371064 0.000921714
 0.721811 0.176058 0.0630433 0.0369309 0.00215725
 0.143369 0.312575 0.442814 0.0836902 0.0175525
 0.692698 0.0596174 0.167031 0.0765114 0.00414204
 0.394062 0.376323 0.152708 0.0712218 0.00568511
 0.125707 0.32114 0.495352 0.0537591 0.00404204
 0.23352 0.215282 0.420074 0.123614 0.00750983
pf_pred 
 0.91198 0.0556392 0.0204685 0.00752995 0.00438225
 0.00437514 0.955559 0.0253268 0.00931719 0.00542239
 0.111656 0.00897568 0.84398 0.0223694 0.0130185
 0.862155 0.0317784 0.00107167 0.100769 0.00422523
 0.186205 0.785524 0.00651764 0.000219797 0.021534
 0.998427 0.00102706 0.000527262 4.37479e-06 1.46017e-05
 0.0104656 0.988918 0.000402131 0.000206442 7.42995e-06
 0.034789 0.0346665 0.929965 0.000378158 0.000201122
 0.992663 0.000856462 0.000232739 0.00624345 3.88908e-06
 0.0254833 0.971868 0.000309267 8.40415e-05 0.0022559
 0.962657 0.00269815 0.0345508 1.09947e-05 8.31871e-05
 0.76407 0.231772 0.000300428 0.00384709 1.04868e-05
 0.292751 0.627454 0.0783879 0.000101608 0.00130468
 0.55946 0.221106 0.194677 0.0243209 0.00043632
 0.92477 0.0641679 0.00555213 0.00488846 0.000621672
 0.900986 0.0959891 0.00257974 0.000223211 0.000221523
 0.679531 0.306316 0.0137204 0.00036874 6.35691e-05
 0.136654 0.704261 0.15206 0.006811 0.000214604
 0.0228221 0.246399 0.596122 0.128711 0.00594682
 0.978032 0.00134755 0.00519951 0.0125794 0.00284155
 0.229644 0.762644 0.000473074 0.00182535 0.00541369
 0.546361 0.176286 0.274577 0.000170322 0.00260629
 0.0440042 0.702583 0.0984768 0.153384 0.00155108
 0.883468 0.0108294 0.0776831 0.0108884 0.0171309
 0.139401 0.810647 0.00464206 0.0332993 0.0120106
 0.0657596 0.238688 0.65518 0.0037518 0.0366203
 0.84598 0.0205794 0.0340926 0.0935816 0.00576648
 0.717382 0.261542 0.00281603 0.00466514 0.0135945
 0.00437597 0.839943 0.144072 0.00155122 0.0100584
 0.00765653 0.00904667 0.829543 0.142288 0.0114659
pobs_RECLAS
 0 0 0 0 0
 0 0 0 0 0
 0 0 0 0 0
 0 0 0 0 0
 0 0 0 0 0
 0 0 0 0 0
 0 0 0 0 0
 0 0 0 0 0
 0 0 0 0 0
 0 0 0 0 0
 0.991045 0.00858322 0.000360255 1.14367e-05 0
 0.934742 0.0480273 0.0164251 0.00080598 0
 0.827803 0.169806 0.00239088 0 0
 0.941827 0.0461693 0.0120037 0 0
 0.791401 0.0380133 0.147996 0.0225897 0
 0.846168 0.0940531 0.0597789 0 0
 0.134021 0.677848 0.182769 0.00536245 0
 0.80878 0.0450904 0.141981 0.00414843 0
 0.846168 0.0940531 0.0597789 0 0
 0.905697 0.0802665 0.012482 0.00150086 5.37128e-05
 0.989698 0.0102097 9.19794e-05 0 0
 0.975433 0.0193895 0.00387452 0.00125025 5.28907e-05
 0.303575 0.632131 0.0575291 0.00676475 0
 0.966965 0.00978017 0.0227588 0.000495775 0
 0.843318 0.132988 0.00938335 0.0141283 0.000182051
 0.564624 0.303363 0.111486 0.0197234 0.00080311
 0.826376 0.0876187 0.0782897 0.00655872 0.00115652
 0.89761 0.0855135 0.0140674 0.00269457 0.000114338
 0.34875 0.467042 0.161289 0.0227151 0.000203297
 0.318654 0.224769 0.449479 0.00709798 0
ppred_RECLAS
 0.913977 0.0543766 0.020004 0.00735908 0.00428281
 0.00449472 0.955444 0.0253237 0.00931608 0.00542174
 0.114956 0.00894234 0.840845 0.0222863 0.0129701
 0.887198 0.0260051 0.000876981 0.0824622 0.00345762
 0.270111 0.704532 0.00584564 0.000197135 0.0193137
 0.998499 0.000979917 0.000503059 4.17398e-06 1.39314e-05
 0.0120898 0.987295 0.000401471 0.000206103 7.41775e-06
 0.0405677 0.034459 0.924398 0.000375894 0.000199918
 0.993124 0.000802755 0.000218144 0.00585193 3.6452e-06
 0.0278756 0.969482 0.000308508 8.38351e-05 0.00225037
 0.963111 0.00266531 0.0341303 1.08609e-05 8.21748e-05
 0.770694 0.225265 0.000291994 0.00373909 1.01924e-05
 0.30062 0.620474 0.0775158 0.000100478 0.00129016
 0.617422 0.192015 0.169063 0.021121 0.000378913
 0.928324 0.0611361 0.0052898 0.00465749 0.000592299
 0.903835 0.0932275 0.00250552 0.00021679 0.00021515
 0.680964 0.304947 0.0136591 0.000367092 6.32849e-05
 0.137841 0.703293 0.151851 0.00680163 0.000214309
 0.0245317 0.245968 0.595079 0.128486 0.00593641
 0.978412 0.00132425 0.00510961 0.0123619 0.00279242
 0.231451 0.760855 0.000471964 0.00182107 0.005401
 0.552588 0.173866 0.270808 0.000167984 0.00257052
 0.0447778 0.702015 0.0983971 0.15326 0.00154982
 0.884584 0.0107256 0.076939 0.0107841 0.0169668
 0.140492 0.809619 0.00463618 0.0332571 0.0119954
 0.0666985 0.238448 0.654522 0.00374803 0.0365835
 0.848728 0.0202122 0.0334843 0.0919118 0.00566359
 0.719332 0.259737 0.0027966 0.00463296 0.0135007
 0.00440668 0.839917 0.144067 0.00155118 0.0100581
 0.00780076 0.00904536 0.829422 0.142267 0.0114642
pobs_PELACES
 0 0 0 0 0
 0 0 0 0 0
 0 0 0 0 0
 0 0 0 0 0
 0 0 0 0 0
 0 0 0 0 0
 0 0 0 0 0
 0 0 0 0 0
 0 0 0 0 0
 0 0 0 0 0
 0 0 0 0 0
 0 0 0 0 0
 0 0 0 0 0
 0 0 0 0 0
 0 0 0 0 0
 0 0 0 0 0
 0.505614 0.472636 0.0217494 0 0
 0 0 0 0 0
 0.443492 0.261883 0.143347 0.151278 0
 0.227955 0.32914 0.350689 0.0885471 0.00366901
 0.970185 0.0296113 0.000203453 0 0
 0.997202 0.00247181 0.000326279 0 0
 0.445219 0.490057 0.0546422 0.010081 0
 0.90214 0.0892962 0.00764917 0.000914606 0
 0 0 0 0 0
 0.581667 0.319106 0.0959925 0.00289975 0.000334073
 0.762889 0.0836404 0.116647 0.0363945 0.000428098
 0.88444 0.0763242 0.0277011 0.0115352 0
 0.521256 0.241999 0.230069 0.00667565 0
 0.616807 0.101726 0.260614 0.0208532 0
ppred_PELACES
 0.919781 0.0507083 0.0186545 0.00686262 0.00399389
 0.00487142 0.955082 0.0253141 0.00931255 0.00541969
 0.124889 0.00884198 0.831409 0.0220362 0.0128246
 0.919674 0.0185183 0.0006245 0.0587215 0.00246218
 0.406433 0.572946 0.00475385 0.000160316 0.0157065
 0.998674 0.000865777 0.000444463 3.6878e-06 1.23087e-05
 0.0158912 0.983496 0.000399926 0.00020531 7.38921e-06
 0.0537252 0.0339864 0.91172 0.000370739 0.000197176
 0.994121 0.000686271 0.00018649 0.00500279 3.11626e-06
 0.0339026 0.963471 0.000306595 8.33154e-05 0.00223641
 0.964612 0.00255685 0.0327414 1.0419e-05 7.88308e-05
 0.788473 0.207799 0.000269354 0.00344917 9.40209e-06
 0.323104 0.600527 0.0750238 9.72476e-05 0.00124869
 0.703811 0.148657 0.130887 0.0163518 0.000293352
 0.936748 0.053951 0.0046681 0.00411011 0.000522688
 0.911624 0.0856762 0.00230257 0.00019923 0.000197723
 0.686154 0.299986 0.0134368 0.000361119 6.22553e-05
 0.142053 0.699856 0.151109 0.0067684 0.000213262
 0.0290246 0.244835 0.592338 0.127894 0.00590907
 0.979593 0.00125181 0.00483009 0.0116856 0.00263966
 0.237827 0.754542 0.000468048 0.00180596 0.00535618
 0.571345 0.166577 0.259455 0.000160942 0.00246275
 0.0473501 0.700124 0.0981322 0.152848 0.00154565
 0.888373 0.0103736 0.0744135 0.0104301 0.0164099
 0.144403 0.805935 0.00461508 0.0331058 0.0119408
 0.069891 0.237632 0.652283 0.00373521 0.0364584
 0.857062 0.0190986 0.0316396 0.0868481 0.00535157
 0.726107 0.253468 0.0027291 0.00452113 0.0131749
 0.00451974 0.839821 0.144051 0.001551 0.010057
 0.00827971 0.00904099 0.829022 0.142198 0.0114587
pobs_pel_tallas
 0 0 0 0 0 0 0 0 0 0 0 0 0 0 0 0 0 0 0 0 0 0 0 0 0 0
 0 0 0 0 0 0 0 0 0 0 0 0 0 0 0 0 0 0 0 0 0 0 0 0 0 0
 0 0 0 0 0 0 0 0 0 0 0 0 0 0 0 0 0 0 0 0 0 0 0 0 0 0
 0 0 0 0 0 0 0 0 0 0 0 0 0 0 0 0 0 0 0 0 0 0 0 0 0 0
 0 0 0 0 0 0 0 0 0 0 0 0 0 0 0 0 0 0 0 0 0 0 0 0 0 0
 0 0 0 0 0 0 0 0 0 0 0 0 0 0 0 0 0 0 0 0 0 0 0 0 0 0
 0 0 0 0 0 0 0 0 0 0 0 0 0 0 0 0 0 0 0 0 0 0 0 0 0 0
 0 0 0 0 0 0 0 0 0 0 0 0 0 0 0 0 0 0 0 0 0 0 0 0 0 0
 0 0 0 0 0 0 0 0 0 0 0 0 0 0 0 0 0 0 0 0 0 0 0 0 0 0
 0 0 0 0 0 0 0 0 0 0 0 0 0 0 0 0 0 0 0 0 0 0 0 0 0 0
 0 0 0 0 0 0 0 0 0 0 0 0 0 0 0 0 0 0 0 0 0 0 0 0 0 0
 0 0 0 0 0 0 0 0 0 0 0 0 0 0 0 0 0 0 0 0 0 0 0 0 0 0
 0.00862536 0 0 0.000197151 0.00414017 0.0128641 0.00837892 0.0270097 0.101434 0.158115 0.152841 0.127902 0.109271 0.109419 0.0830992 0.0579132 0.0238553 0.00714673 0.00463305 0.00128148 0.00103504 0.000492878 0.000147863 0.000147863 4.92878e-05 0
 0 0 0 0 0 0 0 0 0 0 0 0 0 0 0 0 0 0 0 0 0 0 0 0 0 0
 0 0 0 0 0 0 0 0.0054083 0.00873648 0.0413646 0.0450493 0.0745869 0.0622846 0.0627006 0.0613931 0.0827291 0.12552 0.122667 0.0946155 0.0697135 0.0546179 0.0294188 0.0215738 0.0213955 0.0102223 0.00600262
 0 0 0 0 0.00359764 0.0251062 0.0480494 0.140153 0.205849 0.193036 0.1447 0.116669 0.0760912 0.0342217 0.00950174 0.001854 0.000860785 0 0 0 0.000165536 0 0.000143464 0 0 0
 0 0 0 0 0 0 0 0.000145254 0.000435761 0.0275982 0.070085 0.0708112 0.156366 0.174668 0.174014 0.160142 0.0824315 0.0480064 0.0283245 0.00493863 0.00203355 0 0 0 0 0
 0 0 0 0 0 0 0 0 0 0 0 0 0 0 0 0 0 0 0 0 0 0 0 0 0 0
 0 0 1.00437e-05 0.000401748 0.00122533 0.00171747 0.00176769 0.0269171 0.070346 0.194647 0.189555 0.159765 0.064822 0.0314167 0.0384472 0.0292271 0.0345202 0.0313363 0.0194345 0.0106764 0.0143323 0.0359363 0.0279516 0.0138201 0.00172751 0
 0 0.0021121 0.0136068 0.0755702 0.200478 0.177729 0.0527432 0.0373336 0.0318909 0.0142505 0.0149659 0.0166563 0.0217959 0.0798694 0.0677717 0.0528807 0.04013 0.0224614 0.0357745 0.0225083 0.00881397 0.00855152 0.00135912 0.000746735 0 0
 0 0 0 0 5.4009e-05 0.00500934 0.000945158 0.0243581 0.138947 0.33067 0.221406 0.137944 0.0707744 0.0437923 0.0131692 0.00525238 0.0047753 0.00276346 9.45158e-05 9.00151e-06 2.25038e-05 9.00151e-06 4.50075e-06 0 0 0
 0.000866109 0.00284123 0.00948549 0.0512746 0.133035 0.25785 0.225252 0.132002 0.0553304 0.0519788 0.0540692 0.017754 0.00435017 0.00159236 0.00146478 0.000404838 0.000125132 0.000115318 0.000107957 0.000100596 0 0 0 0 0 0
 0 0 0 0 0.00144013 0.00171154 0.00461396 0.0210425 0.0478622 0.0707936 0.0888783 0.103762 0.0637923 0.0337046 0.0602308 0.124433 0.169614 0.0934646 0.0462172 0.0250306 0.0313229 0.00938855 0.002487 0.000210481 0 0
 0 0.00764035 0.051015 0.0998891 0.058973 0.0496711 0.0374665 0.0718981 0.12319 0.153886 0.159021 0.0857701 0.0377988 0.023471 0.0147837 0.00900784 0.00315554 0.000888139 0.00291439 0.00214683 0.00393193 0.00274676 0.000635225 9.99891e-05 0 0
 0 0 0 0 0 0 0 0 0 0 0 0 0 0 0 0 0 0 0 0 0 0 0 0 0 0
 0 0 0 0 0 0 0 0 0 0 0 0 0 0 0 0 0 0 0 0 0 0 0 0 0 0
 0 0 0 0 0 0 0 0 0 0 0 0 0 0 0 0 0 0 0 0 0 0 0 0 0 0
 0 0 0 0 0 0 0 0 0 0 0 0 0 0 0 0 0 0 0 0 0 0 0 0 0 0
 0 0 0 0 0 0 0 0 0 0 0 0 0 0 0 0 0 0 0 0 0 0 0 0 0 0
 0 0 0 0 0 0 0 0 0 0 0 0 0 0 0 0 0 0 0 0 0 0 0 0 0 0
ppred_pel_tallas
 1.01916e-16 7.57611e-05 0.000736425 0.0048938 0.0222465 0.0692172 0.147475 0.215245 0.21525 0.147499 0.0692978 0.0224796 0.00547993 0.00201933 0.0025223 0.00407662 0.00592849 0.00759033 0.00862152 0.00882459 0.00835231 0.00758301 0.00686502 0.00633495 0.00591989 0.00546642
 1.02826e-16 4.01451e-07 3.90234e-06 2.59369e-05 0.000117962 0.000367516 0.000786426 0.00116707 0.00125895 0.00123527 0.0018741 0.00446718 0.0109344 0.0237885 0.0450872 0.0743164 0.106537 0.132886 0.14433 0.136719 0.113325 0.0827795 0.0541026 0.0326503 0.019263 0.0119751
 1.28376e-16 1.02869e-05 9.99924e-05 0.000664485 0.00302065 0.00939838 0.0200243 0.0292265 0.0292286 0.0200354 0.00943931 0.00315529 0.0010643 0.00117714 0.00265331 0.00592383 0.0121396 0.0227539 0.0389649 0.0608706 0.0866154 0.112123 0.131934 0.141079 0.137131 0.121267
 1.06329e-16 7.57523e-05 0.000736339 0.00489323 0.0222439 0.0692091 0.147457 0.215219 0.215221 0.147466 0.0692388 0.0223299 0.00511036 0.00121467 0.000998086 0.00157012 0.00235845 0.00321068 0.00406024 0.00495562 0.00606183 0.00755382 0.00945599 0.0115413 0.0133693 0.0144492
 1.02958e-16 3.34775e-05 0.000325413 0.00216249 0.00983038 0.0305863 0.0651693 0.095128 0.0951831 0.0654385 0.0314897 0.0124383 0.00870285 0.0145835 0.0270548 0.0445243 0.0637863 0.0794839 0.0861925 0.0814375 0.0672294 0.0488202 0.0317038 0.0191457 0.0116378 0.00791241
 1.00016e-16 8.22594e-05 0.000799591 0.00531356 0.0241547 0.0751542 0.160124 0.233706 0.233706 0.160124 0.0751556 0.0241587 0.0053236 0.000821582 0.000124247 7.57726e-05 0.000102435 0.000131225 0.0001496 0.000153585 0.000145157 0.000130033 0.000113621 9.83132e-05 8.37512e-05 6.88697e-05
 1.00285e-16 1.30914e-06 1.27254e-05 8.45694e-05 0.000384498 0.00119682 0.00255345 0.00374667 0.00384123 0.00301542 0.0027473 0.00485987 0.0113073 0.0244751 0.0463512 0.0763412 0.109304 0.136046 0.147203 0.138465 0.113234 0.0805143 0.0497903 0.0267953 0.0125691 0.00516084
 1.2639e-16 4.42529e-06 4.30154e-05 0.000285852 0.00129945 0.00404308 0.00861438 0.0125739 0.0125786 0.00863788 0.00412601 0.00155673 0.000998496 0.00181925 0.00402175 0.00831421 0.0158524 0.0279624 0.0456596 0.0688632 0.0955487 0.121441 0.140851 0.148643 0.142449 0.123813
 1.00508e-16 8.18845e-05 0.000795946 0.00528934 0.0240446 0.0748116 0.159394 0.23264 0.23264 0.159394 0.0748127 0.0240479 0.0052977 0.000814628 0.000118706 7.044e-05 0.000103228 0.00015216 0.000215341 0.000300117 0.000416627 0.000570561 0.00075453 0.000943851 0.00110103 0.0011881
 1.00642e-16 2.79271e-06 2.71462e-05 0.000180401 0.000820133 0.00255224 0.00544123 0.00796106 0.0080537 0.00589379 0.00407115 0.0052044 0.0111747 0.0239917 0.0454098 0.074789 0.107084 0.133289 0.144233 0.135699 0.111027 0.0790402 0.0490316 0.0266119 0.0127865 0.00562514
 1.0096e-16 7.94539e-05 0.00077232 0.00513234 0.0233309 0.0725909 0.154663 0.225735 0.225735 0.154664 0.072596 0.0233462 0.00517318 0.000869357 0.000286733 0.000407964 0.000718278 0.00118951 0.00184071 0.00266305 0.00358861 0.00447623 0.00513446 0.00538653 0.00514836 0.00447213
 1.00409e-16 6.49455e-05 0.000631294 0.00419517 0.0190706 0.059336 0.126422 0.184521 0.184541 0.12652 0.0596636 0.0200163 0.00656675 0.005801 0.00986123 0.0161425 0.0231135 0.0287851 0.0311812 0.0293984 0.0241606 0.0173697 0.0110196 0.00630174 0.00340964 0.00190624
 1.0254e-16 2.66137e-05 0.000258695 0.00171912 0.00781492 0.0243154 0.0518087 0.0756285 0.0756863 0.0520914 0.0252646 0.010556 0.00859844 0.015272 0.0285267 0.0470831 0.0677356 0.0849865 0.0932278 0.0898362 0.0767164 0.0589928 0.0419624 0.0286856 0.0195925 0.0136136
 1.05505e-16 5.7972e-05 0.000563508 0.00374471 0.0170229 0.0529647 0.112847 0.164707 0.164722 0.112918 0.0532034 0.0177146 0.00548918 0.00439928 0.00742355 0.0123913 0.0183339 0.0240739 0.0284151 0.0307507 0.031315 0.0308124 0.0297713 0.0282028 0.0257945 0.0223605
 1.0065e-16 7.71587e-05 0.00075001 0.00498408 0.0226569 0.0704941 0.150195 0.219216 0.219221 0.150221 0.0705793 0.0229031 0.00560178 0.00209792 0.00263557 0.00423121 0.00607929 0.00762824 0.00837502 0.00809316 0.0069664 0.00546656 0.00407272 0.00304804 0.00240304 0.00200409
 1.00142e-16 7.50893e-05 0.000729895 0.00485041 0.0220493 0.0686035 0.146167 0.213337 0.213345 0.146207 0.0687386 0.0224394 0.0058289 0.00286331 0.00411906 0.00667039 0.00955368 0.0119127 0.0129311 0.0122341 0.0101138 0.0073433 0.00473349 0.00276894 0.00153162 0.000852524
 1.00512e-16 5.65177e-05 0.000549372 0.00365077 0.0165959 0.0516361 0.110017 0.16058 0.160608 0.110158 0.0521095 0.0179625 0.00707868 0.00802456 0.0142297 0.0233731 0.033518 0.04184 0.0454993 0.0431831 0.0358984 0.0263249 0.0172667 0.010393 0.00598325 0.00346324
 1.05255e-16 1.17009e-05 0.000113737 0.000755825 0.00343591 0.0106908 0.0227803 0.0332627 0.0333302 0.0231103 0.011799 0.00663775 0.00879625 0.0176771 0.0333993 0.0552778 0.0798107 0.100729 0.111601 0.109387 0.0961636 0.0775812 0.0593759 0.0447089 0.0338718 0.0256929
 1.30983e-16 2.39078e-06 2.32392e-05 0.000154434 0.000702049 0.00218447 0.00465514 0.00679943 0.00682393 0.00477529 0.00259052 0.00188649 0.00317143 0.00675492 0.0132145 0.0229607 0.0356902 0.0503574 0.065748 0.0811166 0.0961422 0.110107 0.121136 0.126471 0.123811 0.112723
 1.01759e-16 8.06878e-05 0.000784314 0.00521204 0.0236932 0.0737183 0.157065 0.22924 0.229241 0.157065 0.0737205 0.0236998 0.00522928 0.000824149 0.000163075 0.000160273 0.000268287 0.000437868 0.000685489 0.0010365 0.00150959 0.00209758 0.00275071 0.00337548 0.00385535 0.00408684
 1.01294e-16 1.95897e-05 0.000190419 0.0012654 0.00575239 0.0178982 0.0381367 0.0556768 0.0557494 0.0384911 0.0190878 0.00918606 0.009876 0.0189596 0.0355838 0.0585819 0.0838856 0.104435 0.113057 0.10646 0.0872696 0.0624043 0.0391341 0.0218312 0.0112461 0.00582278
 1.07963e-16 4.7061e-05 0.000457449 0.00303991 0.013819 0.0429962 0.0916085 0.133709 0.133725 0.0916888 0.0432671 0.0146062 0.00503327 0.00486595 0.0085859 0.0145513 0.0219564 0.0296779 0.0365119 0.0417532 0.0453747 0.0476012 0.0483265 0.0469973 0.0430898 0.0367107
 1.18601e-16 3.90031e-06 3.79125e-05 0.000251945 0.00114535 0.00356397 0.0075959 0.0111006 0.0111681 0.00792586 0.00467204 0.00434655 0.00829022 0.0175955 0.0333808 0.0552694 0.07985 0.100956 0.11235 0.111298 0.100248 0.0851286 0.0716565 0.0624942 0.0569633 0.0527081
 1.05974e-16 7.31741e-05 0.000711278 0.00472669 0.0214869 0.0668536 0.142439 0.207894 0.207895 0.142444 0.0668725 0.021543 0.00487344 0.00105101 0.000775502 0.00131618 0.00224114 0.00356042 0.00532699 0.00756003 0.0101784 0.0129338 0.0154076 0.0171174 0.0176937 0.0170256
 1.0568e-16 1.18945e-05 0.000115618 0.000768329 0.00349276 0.0108677 0.0231576 0.0338155 0.033893 0.0235363 0.0121387 0.00716174 0.00997011 0.0201773 0.0380372 0.0626689 0.0898243 0.112025 0.121684 0.115366 0.0959332 0.0707674 0.0475268 0.0306665 0.0207018 0.0156931
 1.25429e-16 5.75688e-06 5.5959e-05 0.000371868 0.00169047 0.00525982 0.0112075 0.0163626 0.0163865 0.0113245 0.00565562 0.00284591 0.00331815 0.00663961 0.0129533 0.0225603 0.0351801 0.0498085 0.0652076 0.0804748 0.0949958 0.107733 0.116662 0.119223 0.113688 0.10039
 1.10534e-16 7.05951e-05 0.000686209 0.0045601 0.0207296 0.0644974 0.137419 0.200567 0.200569 0.137428 0.0645292 0.0208225 0.00479767 0.00121912 0.00112626 0.00186924 0.00297891 0.00439775 0.00615673 0.00837015 0.0111854 0.014634 0.0184693 0.0221223 0.0248408 0.0259548
 1.02827e-16 5.98085e-05 0.00058136 0.00386334 0.0175622 0.0546427 0.116423 0.169928 0.169952 0.116542 0.0550425 0.0187162 0.00675774 0.00689202 0.0120221 0.0197215 0.0282685 0.0352706 0.0383452 0.0364208 0.0304084 0.0226398 0.0155299 0.0104759 0.00761993 0.00631447
 1.0623e-16 3.72461e-07 3.62053e-06 2.40636e-05 0.000109439 0.000340941 0.000729403 0.00108156 0.00116253 0.00112508 0.0016696 0.00394739 0.00965914 0.0210412 0.039966 0.0660991 0.0952778 0.119924 0.132272 0.128677 0.111735 0.0884298 0.0659073 0.0481852 0.0356975 0.0269341
 1.40126e-16 6.81995e-07 6.62923e-06 4.40536e-05 0.000200263 0.000623102 0.00132766 0.0019382 0.0019404 0.00133904 0.000665184 0.000338869 0.000456395 0.0011202 0.00274181 0.00616822 0.0127071 0.0239705 0.0413731 0.065263 0.0939845 0.123481 0.148003 0.161939 0.161971 0.148398
pSPR Fmed_Fpbrs
0.468653   0.285403 0.285403
Fs Fmed_Fpbrs
0.537182   1.005 1.005
SSBpbr Bo_Bmed_Bpbrs
1.86224e+06  779632  438376 438376
Ro
36571.7
SPR SPRFo_SPRFmed_SPRFpbrs
260332 122005 74299.4
Fref
1.005
log_Ro
10.327
likeval ReclasPelacesDesembMPH_pf_preclas_ppelaces_ptallas_desvR_qrecl_qpela
 39.9992 66.038 2.77122 0.00253777 439.865 202.826 156.405 0 243.135 0 0 12.0855 0 0 0
q_reclas_q_pelaces
1 1
M
1
N
 482450 16107.3 5925.56 2179.89 1268.65
 1172.81 140899 3734.49 1373.84 799.544
 7527.84 337.691 31753 841.603 489.793
 80421.4 2081.89 70.2083 6601.67 276.806
 2862.18 9482.49 78.6781 2.65329 259.949
 275543 163.157 83.7598 0.694971 2.31959
 1120.07 69612 28.3068 14.5319 0.52301
 267.944 177.856 4771.16 1.94013 1.03185
 78616.2 40.3538 10.9659 294.172 0.183241
 759.261 17929.6 5.70555 1.55045 41.6183
 102543 151.464 1939.55 0.617201 4.66981
 193638 33104.5 42.9108 549.488 1.49785
 43035.4 52055.3 6503.27 8.42969 108.239
 41238.2 11524 10146.5 1267.61 22.741
 116428 4697.22 406.427 357.845 45.5076
 480486 28532 766.807 66.3479 65.8461
 574208 133331 5972.1 160.502 27.6698
 73018.6 196424 42410.6 1899.64 59.8548
 3708.96 24158.7 58448.1 12619.8 583.07
 1.09477e+06 808.266 3118.68 7545.15 1704.37
 195086 338381 209.9 809.898 2402.03
 364982 64446.7 100380 62.2665 952.812
 12442.3 106582 14938.9 23268.4 235.298
 597198 3833.07 27496.1 3853.95 6063.5
 64804.9 196009 1122.42 8051.54 2904.08
 11217.8 21636 59389 340.084 3319.46
 269179 3544.66 5872.22 16118.8 993.237
 426077 80967.3 871.777 1444.22 4208.55
 1428.44 141482 24267.8 261.292 1694.27
 766.11 486.494 44609.6 7651.68 616.592
pred_Ctot
 64054.8 3907.93 1437.65 528.881 307.797
 164.357 35896.7 951.429 350.011 203.698
 1208.95 97.1838 9138.16 242.204 140.957
 37756.3 1391.67 46.9317 4412.98 185.035
 1756.83 7411.37 61.4936 2.07377 203.172
 56250.6 57.8638 29.7055 0.246472 0.822646
 430.19 40649.7 16.5297 8.48582 0.305409
 107.368 106.991 2870.13 1.1671 0.620718
 19630.1 16.9367 4.60244 123.465 0.0769071
 230.752 8800.29 2.80042 0.760998 20.4273
 8021.7 22.4833 287.907 0.0916175 0.693187
 33807.1 10255 13.2928 170.219 0.463999
 7595.39 16279.2 2033.76 2.63621 33.8497
 19720.4 7793.75 6862.14 857.287 15.3798
 25392 1761.9 152.448 134.225 17.0696
 76355.8 8134.78 218.625 18.9165 18.7734
 25609.1 11544 517.074 13.8965 2.39569
 4685.47 24147.1 5213.69 233.53 7.35816
 996.875 10762.7 26038.7 5622.12 259.758
 112177 154.559 596.365 1442.81 325.915
 12691.7 42149.1 26.1454 100.882 299.199
 48478 15641.6 24362.9 15.1125 231.254
 1297.38 20714.4 2903.41 4522.26 45.7307
 41084.2 503.602 3612.53 506.346 796.644
 3818.03 22202.7 127.141 912.029 328.957
 1012.79 3676.14 10090.7 57.7831 564.005
 31542.4 767.303 1271.14 3489.19 215.004
 26446.7 9641.88 103.814 171.983 501.17
 67.4358 12943.9 2220.21 23.9051 155.005
 81.8008 96.6527 8862.66 1520.17 122.499
F
 0.230831 0.461663 0.461663 0.461663 0.461663
 0.245029 0.490059 0.490059 0.490059 0.490059
 0.285333 0.570665 0.570665 0.570665 0.570665
 1.13783 2.27567 2.27567 2.27567 2.27567
 1.86462 3.72925 3.72925 3.72925 3.72925
 0.375805 0.75161 0.75161 0.75161 0.75161
 0.840174 1.68035 1.68035 1.68035 1.68035
 0.89309 1.78618 1.78618 1.78618 1.78618
 0.478123 0.956247 0.956247 0.956247 0.956247
 0.612 1.224 1.224 1.224 1.224
 0.130611 0.261223 0.261223 0.261223 0.261223
 0.313682 0.627363 0.627363 0.627363 0.627363
 0.317587 0.635174 0.635174 0.635174 0.635174
 1.17239 2.34479 2.34479 2.34479 2.34479
 0.406245 0.81249 0.81249 0.81249 0.81249
 0.281965 0.563929 0.563929 0.563929 0.563929
 0.0727169 0.145434 0.145434 0.145434 0.145434
 0.106068 0.212135 0.212135 0.212135 0.212135
 0.523617 1.04723 1.04723 1.04723 1.04723
 0.174129 0.348258 0.348258 0.348258 0.348258
 0.107604 0.215209 0.215209 0.215209 0.215209
 0.230933 0.461867 0.461867 0.461867 0.461867
 0.177436 0.354872 0.354872 0.354872 0.354872
 0.11409 0.228179 0.228179 0.228179 0.228179
 0.0970251 0.19405 0.19405 0.19405 0.19405
 0.152062 0.304124 0.304124 0.304124 0.304124
 0.201331 0.402662 0.402662 0.402662 0.402662
 0.102448 0.204895 0.204895 0.204895 0.204895
 0.0771126 0.154225 0.154225 0.154225 0.154225
 0.182031 0.364062 0.364062 0.364062 0.364062
nmprior
 8 8 7 0
nm_flota  nm_reclas  nm_pelaces    nm_pelaL
inf 2.61535 1.55025 1.69232
cv_recla  cv_pelaces  cv_mph
0.585534 0.956228 1.55465
 ------------------------------------------------
Talla a la edad & desviación 
 8 13.2811 15.8009 17.003 17.5766
 0.8 1.32811 1.58009 1.7003 1.75766
