years
 1991 1992 1993 1994 1995 1996 1997 1998 1999 2000 2001 2002 2003 2004 2005 2006 2007 2008 2009 2010 2011 2012 2013 2014 2015 2016 2017 2018 2019 2020
reclasobs
 0 0 0 0 0 0 0 0 0 252601 567819 844713 477998 351125 339783 2.1784e+06 2.13404e+06 4.81314e+06 1.55562e+06 2.62356e+06 3.21686e+06 3.843e+06 1.13348e+06 3.07943e+06 1.97215e+06 2.03268e+06 2.025e+06 2.42433e+06 2.27542e+06 1.05018e+06
reclaspred
 5.41898e+06 1.58091e+06 970098 703233 156208 3.03905e+06 1.14775e+06 381728 820642 229686 366516 817329 709776 533007 375493 1.85917e+06 796712 4.58384e+06 2.29738e+06 2.09737e+06 2.78412e+06 3.20265e+06 1.59758e+06 3.00741e+06 2.3106e+06 1.51184e+06 2.08355e+06 3.62099e+06 2.48574e+06 653303
pelacesobs
 0 0 0 0 0 0 0 0 0 0 0 0 0 0 0 552880 188675 0 991730 2.46772e+06 1.41603e+06 1.21717e+06 2.29649e+06 1.80582e+06 0 1.4828e+06 1.56532e+06 1.57751e+06 1.42118e+06 867257
pelacespred
 3.93352e+06 1.06049e+06 523679 285513 58717.1 2.08528e+06 558154 256237 499803 92744.6 229544 409111 384927 276223 186315 974052 353536 3.1013e+06 1.27272e+06 1.047e+06 1.55328e+06 1.78879e+06 878923 2.13747e+06 1.42983e+06 920470 1.58564e+06 2.81687e+06 1.55314e+06 387885
mphobs
 0 0 0 0 0 0 0 0 0 0 0 498337 0 5186 125008 0 168611 109162 213762 579715 649985 157893 87575 83554 0 0 0 0 0 0
mphpred
 1.47705e+06 612423 114246 124543 51611 11106.9 405291 97254 38430.2 76271.8 11894.8 50207.1 80714.6 50166.4 25888.8 25204.4 226173 72507.1 558262 182721 287202 263519 402536 181118 360012 313718 164053 231151 600634 254292
desembarqueobs
 494567 514787 250237 358949 120608 361735 552515 73892 212993 205616 52469 317467 293654 387597 252695 516296 358380 742168 942051 627588 828172 859565 418607 520667 417249 300574 407403 355545 319650 289779
desembarquepred
 494499 514401 249982 358526 120507 361544 551832 73865.9 212823 205384 52452.1 317138 293281 386864 252350 515734 358022 741503 940304 626566 827493 858439 418152 520293 416780 300274 407028 355253 319266 289218
Reclutas
 17080.3 10790.8 165487 53065.7 9912.06 286870 13656.7 3688.7 49944.9 15914.1 37441 116049 76245.1 67658.6 41978 270828 12350.9 485067 134610 248125 188147 446357 19570.8 166454 163582 30799 130128 208882 20171 8549.69
log_desv_Rt
 -1.21334 -1.67257 1.05763 -0.0797341 -1.75751 1.60777 -1.43704 -2.74599 -0.140344 -1.28406 -0.428499 0.702747 0.282689 0.16321 -0.31412 1.55022 -1.53754 2.13302 0.851114 1.46267 1.18596 2.04985 -1.07723 1.06345 1.04605 -0.623784 0.817255 1.29051 -1.04702 -1.90537
SSB
 1.74399e+06 723105 134894 147051 60938.5 13114.2 478538 114830 45375.6 90056.2 14044.5 59280.8 95301.9 59232.8 30567.6 29759.5 267049 85611.1 659155 215744 339107 311144 475285 213851 425076 370415 193702 272927 709185 300250
BT
 2.18593e+06 1.02126e+06 449464 386145 123864 1.27893e+06 732212 183172 422293 224751 149162 447122 437936 527388 332756 854244 436466 2.10069e+06 1.44793e+06 972652 1.39288e+06 1.54535e+06 735088 1.47835e+06 1.01159e+06 667529 1.15449e+06 1.63642e+06 949485 474049
Ftot
 0.293338 0.963226 0.963526 1.56425 2.03812 0.510229 1.34766 0.622494 1.0201 2.31814 0.59183 1.42416 1.42954 2.34389 2.26066 1.11742 1.29974 0.674273 1.28356 1.11688 1.05284 1.01418 0.813418 0.681784 0.650653 0.655278 0.757561 0.398175 0.412189 1.27606
BD_Bspro_t
 0.95415 0.641732 0.254698 0.282809 0.111495 0.0350606 0.462225 0.15774 0.100306 0.195374 0.0531338 0.263263 0.227147 0.131465 0.0691899 0.0704599 0.281772 0.114802 0.404193 0.17773 0.213341 0.200842 0.28448 0.169982 0.319886 0.340761 0.260634 0.367856 0.574147 0.363321
BD_Bspro
 4.26305 1.76757 0.329737 0.359455 0.148959 0.0320566 1.16975 0.280694 0.110917 0.220135 0.0343307 0.144907 0.232958 0.14479 0.0747202 0.0727447 0.65278 0.20927 1.61125 0.527369 0.828921 0.760567 1.1618 0.522743 1.03907 0.905451 0.473489 0.667148 1.73355 0.733937
BD_Bo
 1.19077 0.493723 0.0921031 0.100404 0.0416077 0.00895413 0.326737 0.0784041 0.0309816 0.0614887 0.00958934 0.0404759 0.0650704 0.0404431 0.020871 0.0203192 0.182336 0.0584537 0.450059 0.147306 0.231536 0.212444 0.324516 0.146014 0.290234 0.252913 0.132256 0.186349 0.484218 0.205005
BD_Brms
 6.41726 2.66076 0.496361 0.541095 0.224232 0.0482555 1.76085 0.422534 0.166966 0.331374 0.0516788 0.218132 0.350677 0.217955 0.112478 0.109504 0.982643 0.315018 2.42545 0.79386 1.24779 1.1449 1.74888 0.786896 1.56413 1.36299 0.712753 1.00427 2.60954 1.10481
Sel_flota
 0.690994 1 1 1 1
 0.690994 1 1 1 1
 0.690994 1 1 1 1
 0.690994 1 1 1 1
 0.690994 1 1 1 1
 0.690994 1 1 1 1
 0.690994 1 1 1 1
 0.690994 1 1 1 1
 0.690994 1 1 1 1
 0.690994 1 1 1 1
 0.690994 1 1 1 1
 0.690994 1 1 1 1
 0.690994 1 1 1 1
 0.690994 1 1 1 1
 0.690994 1 1 1 1
 0.690994 1 1 1 1
 0.690994 1 1 1 1
 0.690994 1 1 1 1
 0.690994 1 1 1 1
 0.690994 1 1 1 1
 0.690994 1 1 1 1
 0.690994 1 1 1 1
 0.690994 1 1 1 1
 0.690994 1 1 1 1
 0.690994 1 1 1 1
 0.690994 1 1 1 1
 0.690994 1 1 1 1
 0.690994 1 1 1 1
 0.690994 1 1 1 1
 0.690994 1 1 1 1
Sel_reclas
 0.940573 1 1 1 1
 0.940573 1 1 1 1
 0.940573 1 1 1 1
 0.940573 1 1 1 1
 0.940573 1 1 1 1
 0.940573 1 1 1 1
 0.940573 1 1 1 1
 0.940573 1 1 1 1
 0.940573 1 1 1 1
 0.940573 1 1 1 1
 0.940573 1 1 1 1
 0.940573 1 1 1 1
 0.940573 1 1 1 1
 0.940573 1 1 1 1
 0.940573 1 1 1 1
 0.940573 1 1 1 1
 0.940573 1 1 1 1
 0.940573 1 1 1 1
 0.940573 1 1 1 1
 0.940573 1 1 1 1
 0.940573 1 1 1 1
 0.940573 1 1 1 1
 0.940573 1 1 1 1
 0.940573 1 1 1 1
 0.940573 1 1 1 1
 0.940573 1 1 1 1
 0.940573 1 1 1 1
 0.940573 1 1 1 1
 0.940573 1 1 1 1
 0.940573 1 1 1 1
Sel_pelaces
 0.953236 1 1 1 1
 0.953236 1 1 1 1
 0.953236 1 1 1 1
 0.953236 1 1 1 1
 0.953236 1 1 1 1
 0.953236 1 1 1 1
 0.953236 1 1 1 1
 0.953236 1 1 1 1
 0.953236 1 1 1 1
 0.953236 1 1 1 1
 0.953236 1 1 1 1
 0.953236 1 1 1 1
 0.953236 1 1 1 1
 0.953236 1 1 1 1
 0.953236 1 1 1 1
 0.953236 1 1 1 1
 0.953236 1 1 1 1
 0.953236 1 1 1 1
 0.953236 1 1 1 1
 0.953236 1 1 1 1
 0.953236 1 1 1 1
 0.953236 1 1 1 1
 0.953236 1 1 1 1
 0.953236 1 1 1 1
 0.953236 1 1 1 1
 0.953236 1 1 1 1
 0.953236 1 1 1 1
 0.953236 1 1 1 1
 0.953236 1 1 1 1
 0.953236 1 1 1 1
pf_obs 
 0.8446 0.082 0.0669 0.0065 0
 0.8095 0.147 0.0364 0.0071 0
 0.9664 0.0169 0.016 0.0007 0
 0.9276 0.0648 0.0075 0.0001 0
 0.7033 0.2144 0.0806 0.0017 0
 0.9318 0.0425 0.0243 0.0014 0
 0.5671 0.3108 0.0964 0.0239 0.0018
 0.0768 0.2599 0.5324 0.112 0.0189
 0.490249 0.384438 0.106611 0.0170017 0.00170017
 0.7925 0.1577 0.0466 0.003 0.0002
 0.840416 0.127587 0.0312969 0.00059994 9.999e-05
 0.8084 0.0986 0.0794 0.0134 0.0002
 0.7335 0.1905 0.0724 0.0035 0.0001
 0.4001 0.4547 0.1325 0.0127 0
 0.49795 0.308269 0.164784 0.0264974 0.00249975
 0.9179 0.0499 0.0305 0.0017 0
 0.2467 0.6533 0.0926 0.0074 0
 0.9418 0.0223 0.034 0.0019 0
 0.707729 0.231977 0.0356964 0.0245975 0
 0.517169 0.277429 0.184464 0.0207286 0.00020938
 0.811772 0.124168 0.05621 0.00726502 0.000585176
 0.764997 0.148141 0.077277 0.00933861 0.000247198
 0.163321 0.427699 0.378323 0.0303852 0.000271297
 0.753843 0.0900009 0.118128 0.0371064 0.000921714
 0.721811 0.176058 0.0630433 0.0369309 0.00215725
 0.143369 0.312575 0.442814 0.0836902 0.0175525
 0.692698 0.0596174 0.167031 0.0765114 0.00414204
 0.394062 0.376323 0.152708 0.0712218 0.00568511
 0.125707 0.32114 0.495352 0.0537591 0.00404204
 0.23352 0.215282 0.420074 0.123614 0.00750983
pf_pred 
 0.102749 0.17765 0.635095 0.0845054 7.90971e-07
 0.193999 0.120048 0.135814 0.485533 0.0646053
 0.948693 0.0152225 0.00537453 0.00608037 0.0246296
 0.570542 0.416603 0.00381376 0.0013465 0.00769388
 0.475603 0.38144 0.138679 0.00126952 0.00300936
 0.993734 0.0042074 0.00149772 0.000544523 1.6801e-05
 0.127118 0.869444 0.00230846 0.000821751 0.00030798
 0.231499 0.16722 0.598912 0.00159017 0.000778209
 0.935067 0.0213947 0.00947366 0.0339306 0.000134178
 0.588123 0.396366 0.0051107 0.00226304 0.0081373
 0.947984 0.0403336 0.0112425 0.000144959 0.000294994
 0.907409 0.0895592 0.00235052 0.000655177 2.56391e-05
 0.78394 0.205283 0.0104241 0.000273584 7.92425e-05
 0.82788 0.150768 0.0202869 0.00103015 3.48678e-05
 0.868827 0.120849 0.00904259 0.00121675 6.38765e-05
 0.983941 0.0151017 0.000881584 6.59648e-05 9.34202e-06
 0.173799 0.81883 0.00693199 0.000404666 3.45674e-05
 0.982355 0.00501748 0.012515 0.000105948 6.71323e-06
 0.484381 0.510062 0.00158013 0.00394128 3.548e-05
 0.858206 0.0905664 0.0506757 0.000156989 0.000395099
 0.759958 0.219991 0.0128068 0.00716593 7.80696e-05
 0.897506 0.0871007 0.0141072 0.000821251 0.00046453
 0.145984 0.802316 0.0439351 0.0071159 0.00064857
 0.872109 0.0287617 0.0931282 0.00509973 0.000901254
 0.745459 0.233779 0.00466906 0.0151181 0.000974176
 0.331171 0.553615 0.105817 0.00211338 0.00728393
 0.859207 0.0631431 0.0642738 0.0122852 0.00109101
 0.829502 0.155325 0.0068046 0.00692645 0.00144148
 0.181529 0.723166 0.0868236 0.00380363 0.00467751
 0.237504 0.196369 0.500205 0.0600549 0.0058663
pobs_RECLAS
 0 0 0 0 0
 0 0 0 0 0
 0 0 0 0 0
 0 0 0 0 0
 0 0 0 0 0
 0 0 0 0 0
 0 0 0 0 0
 0 0 0 0 0
 0 0 0 0 0
 0 0 0 0 0
 0.991045 0.00858322 0.000360255 1.14367e-05 0
 0.934742 0.0480273 0.0164251 0.00080598 0
 0.827803 0.169806 0.00239088 0 0
 0.941827 0.0461693 0.0120037 0 0
 0.791401 0.0380133 0.147996 0.0225897 0
 0.846168 0.0940531 0.0597789 0 0
 0.134021 0.677848 0.182769 0.00536245 0
 0.80878 0.0450904 0.141981 0.00414843 0
 0.846168 0.0940531 0.0597789 0 0
 0.905697 0.0802665 0.012482 0.00150086 5.37128e-05
 0.989698 0.0102097 9.19794e-05 0 0
 0.975433 0.0193895 0.00387452 0.00125025 5.28907e-05
 0.303575 0.632131 0.0575291 0.00676475 0
 0.966965 0.00978017 0.0227588 0.000495775 0
 0.843318 0.132988 0.00938335 0.0141283 0.000182051
 0.564624 0.303363 0.111486 0.0197234 0.00080311
 0.826376 0.0876187 0.0782897 0.00655872 0.00115652
 0.89761 0.0855135 0.0140674 0.00269457 0.000114338
 0.34875 0.467042 0.161289 0.0227151 0.000203297
 0.318654 0.224769 0.449479 0.00709798 0
ppred_RECLAS
 0.135931 0.17108 0.611608 0.0813802 7.61719e-07
 0.2548 0.110992 0.125569 0.448907 0.0597318
 0.963326 0.0108809 0.00384165 0.00434617 0.0176049
 0.663394 0.326531 0.0029892 0.00105538 0.00603041
 0.583812 0.30273 0.110063 0.00100756 0.00238838
 0.995471 0.00304056 0.00108236 0.00039351 1.21416e-05
 0.175197 0.821554 0.00218131 0.000776488 0.000291016
 0.295682 0.153255 0.548893 0.00145737 0.000713215
 0.953554 0.0153033 0.00677637 0.0242701 9.59754e-05
 0.694167 0.294316 0.00379487 0.00168039 0.00604223
 0.962064 0.0294155 0.00819921 0.00010572 0.000215141
 0.934971 0.0629001 0.00165084 0.00046015 1.80071e-05
 0.841904 0.15021 0.00762753 0.000200187 5.79834e-05
 0.884602 0.101083 0.0136015 0.000690669 2.33773e-05
 0.912801 0.0803363 0.00601119 0.00080885 4.24628e-05
 0.988753 0.0105764 0.000617414 4.61982e-05 6.54265e-06
 0.234147 0.75902 0.00642565 0.000375107 3.20425e-05
 0.987308 0.00360889 0.00900158 7.62048e-05 4.82858e-06
 0.57694 0.418501 0.00129648 0.00323379 2.9111e-05
 0.896738 0.0659555 0.0369048 0.000114328 0.000287733
 0.818946 0.16593 0.00965967 0.00540498 5.88848e-05
 0.925814 0.0630447 0.010211 0.000594433 0.000336233
 0.193985 0.757221 0.0414657 0.00671594 0.000612117
 0.905054 0.0213527 0.0691383 0.00378604 0.000669091
 0.803432 0.180536 0.00360567 0.0116749 0.000752305
 0.408706 0.489436 0.09355 0.00186839 0.00643953
 0.895456 0.0468861 0.0477257 0.00912222 0.000810119
 0.870318 0.118142 0.00517563 0.00526831 0.0010964
 0.234375 0.676474 0.0812177 0.00355804 0.0043755
 0.311259 0.177375 0.451821 0.0542458 0.00529886
pobs_PELACES
 0 0 0 0 0
 0 0 0 0 0
 0 0 0 0 0
 0 0 0 0 0
 0 0 0 0 0
 0 0 0 0 0
 0 0 0 0 0
 0 0 0 0 0
 0 0 0 0 0
 0 0 0 0 0
 0 0 0 0 0
 0 0 0 0 0
 0 0 0 0 0
 0 0 0 0 0
 0 0 0 0 0
 0 0 0 0 0
 0.505614 0.472636 0.0217494 0 0
 0 0 0 0 0
 0.443492 0.261883 0.143347 0.151278 0
 0.227955 0.32914 0.350689 0.0885471 0.00366901
 0.970185 0.0296113 0.000203453 0 0
 0.997202 0.00247181 0.000326279 0 0
 0.445219 0.490057 0.0546422 0.010081 0
 0.90214 0.0892962 0.00764917 0.000914606 0
 0 0 0 0 0
 0.581667 0.319106 0.0959925 0.00289975 0.000334073
 0.762889 0.0836404 0.116647 0.0363945 0.000428098
 0.88444 0.0763242 0.0277011 0.0115352 0
 0.521256 0.241999 0.230069 0.00667565 0
 0.616807 0.101726 0.260614 0.0208532 0
ppred_PELACES
 0.141096 0.170057 0.607952 0.0808937 7.57166e-07
 0.276562 0.107751 0.121902 0.435797 0.0579874
 0.967072 0.00976947 0.00344925 0.00390224 0.0158067
 0.700848 0.290198 0.0026566 0.000937949 0.00535941
 0.636371 0.264499 0.0961632 0.000880318 0.00208676
 0.995757 0.00284888 0.00101413 0.000368703 1.13762e-05
 0.198065 0.798777 0.00212084 0.00075496 0.000282948
 0.311934 0.149718 0.536227 0.00142374 0.000696759
 0.958485 0.0136786 0.00605694 0.0216934 8.57859e-05
 0.744489 0.245889 0.00317046 0.0014039 0.00504804
 0.964665 0.0273988 0.00763707 9.84715e-05 0.000200391
 0.943974 0.054192 0.00142229 0.000396445 1.55141e-05
 0.861954 0.131161 0.00666023 0.0001748 5.06301e-05
 0.907973 0.080611 0.0108468 0.00055079 1.86427e-05
 0.930359 0.0641599 0.00480078 0.000645981 3.39126e-05
 0.990085 0.00932456 0.000544336 4.07301e-05 5.76825e-06
 0.261318 0.732092 0.00619768 0.0003618 3.09057e-05
 0.988297 0.00332767 0.00830013 7.02666e-05 4.45232e-06
 0.611705 0.384111 0.00118994 0.00296805 2.67188e-05
 0.907941 0.0587995 0.0329008 0.000101924 0.000256515
 0.836164 0.150151 0.00874106 0.00489099 5.32851e-05
 0.933447 0.0565578 0.00916032 0.00053327 0.000301637
 0.20949 0.742655 0.040668 0.00658675 0.000600342
 0.911942 0.0198036 0.0641225 0.00351137 0.00062055
 0.815718 0.169251 0.00338029 0.0109451 0.000705282
 0.428218 0.473285 0.0904629 0.00180673 0.00622703
 0.903641 0.0432154 0.0439893 0.00840805 0.000746695
 0.876289 0.112702 0.00493732 0.00502574 0.00104592
 0.244463 0.66756 0.0801476 0.00351116 0.00431784
 0.342822 0.169246 0.431116 0.0517599 0.00505603
pobs_pel_tallas
 0 0 0 0 0 0 0 0 0 0 0 0 0 0 0 0 0 0 0 0 0 0 0 0 0 0
 0 0 0 0 0 0 0 0 0 0 0 0 0 0 0 0 0 0 0 0 0 0 0 0 0 0
 0 0 0 0 0 0 0 0 0 0 0 0 0 0 0 0 0 0 0 0 0 0 0 0 0 0
 0 0 0 0 0 0 0 0 0 0 0 0 0 0 0 0 0 0 0 0 0 0 0 0 0 0
 0 0 0 0 0 0 0 0 0 0 0 0 0 0 0 0 0 0 0 0 0 0 0 0 0 0
 0 0 0 0 0 0 0 0 0 0 0 0 0 0 0 0 0 0 0 0 0 0 0 0 0 0
 0 0 0 0 0 0 0 0 0 0 0 0 0 0 0 0 0 0 0 0 0 0 0 0 0 0
 0 0 0 0 0 0 0 0 0 0 0 0 0 0 0 0 0 0 0 0 0 0 0 0 0 0
 0 0 0 0 0 0 0 0 0 0 0 0 0 0 0 0 0 0 0 0 0 0 0 0 0 0
 0 0 0 0 0 0 0 0 0 0 0 0 0 0 0 0 0 0 0 0 0 0 0 0 0 0
 0 0 0 0 0 0 0 0 0 0 0 0 0 0 0 0 0 0 0 0 0 0 0 0 0 0
 0 0 0 0 0 0 0 0 0 0 0 0 0 0 0 0 0 0 0 0 0 0 0 0 0 0
 0.00862536 0 0 0.000197151 0.00414017 0.0128641 0.00837892 0.0270097 0.101434 0.158115 0.152841 0.127902 0.109271 0.109419 0.0830992 0.0579132 0.0238553 0.00714673 0.00463305 0.00128148 0.00103504 0.000492878 0.000147863 0.000147863 4.92878e-05 0
 0 0 0 0 0 0 0 0 0 0 0 0 0 0 0 0 0 0 0 0 0 0 0 0 0 0
 0 0 0 0 0 0 0 0.0054083 0.00873648 0.0413646 0.0450493 0.0745869 0.0622846 0.0627006 0.0613931 0.0827291 0.12552 0.122667 0.0946155 0.0697135 0.0546179 0.0294188 0.0215738 0.0213955 0.0102223 0.00600262
 0 0 0 0 0.00359764 0.0251062 0.0480494 0.140153 0.205849 0.193036 0.1447 0.116669 0.0760912 0.0342217 0.00950174 0.001854 0.000860785 0 0 0 0.000165536 0 0.000143464 0 0 0
 0 0 0 0 0 0 0 0.000145254 0.000435761 0.0275982 0.070085 0.0708112 0.156366 0.174668 0.174014 0.160142 0.0824315 0.0480064 0.0283245 0.00493863 0.00203355 0 0 0 0 0
 0 0 0 0 0 0 0 0 0 0 0 0 0 0 0 0 0 0 0 0 0 0 0 0 0 0
 0 0 1.00437e-05 0.000401748 0.00122533 0.00171747 0.00176769 0.0269171 0.070346 0.194647 0.189555 0.159765 0.064822 0.0314167 0.0384472 0.0292271 0.0345202 0.0313363 0.0194345 0.0106764 0.0143323 0.0359363 0.0279516 0.0138201 0.00172751 0
 0 0.0021121 0.0136068 0.0755702 0.200478 0.177729 0.0527432 0.0373336 0.0318909 0.0142505 0.0149659 0.0166563 0.0217959 0.0798694 0.0677717 0.0528807 0.04013 0.0224614 0.0357745 0.0225083 0.00881397 0.00855152 0.00135912 0.000746735 0 0
 0 0 0 0 5.4009e-05 0.00500934 0.000945158 0.0243581 0.138947 0.33067 0.221406 0.137944 0.0707744 0.0437923 0.0131692 0.00525238 0.0047753 0.00276346 9.45158e-05 9.00151e-06 2.25038e-05 9.00151e-06 4.50075e-06 0 0 0
 0.000866109 0.00284123 0.00948549 0.0512746 0.133035 0.25785 0.225252 0.132002 0.0553304 0.0519788 0.0540692 0.017754 0.00435017 0.00159236 0.00146478 0.000404838 0.000125132 0.000115318 0.000107957 0.000100596 0 0 0 0 0 0
 0 0 0 0 0.00144013 0.00171154 0.00461396 0.0210425 0.0478622 0.0707936 0.0888783 0.103762 0.0637923 0.0337046 0.0602308 0.124433 0.169614 0.0934646 0.0462172 0.0250306 0.0313229 0.00938855 0.002487 0.000210481 0 0
 0 0.00764035 0.051015 0.0998891 0.058973 0.0496711 0.0374665 0.0718981 0.12319 0.153886 0.159021 0.0857701 0.0377988 0.023471 0.0147837 0.00900784 0.00315554 0.000888139 0.00291439 0.00214683 0.00393193 0.00274676 0.000635225 9.99891e-05 0 0
 0 0 0 0 0 0 0 0 0 0 0 0 0 0 0 0 0 0 0 0 0 0 0 0 0 0
 0 0 0 0 0 0 0 0 0 0 0 0 0 0 0 0 0 0 0 0 0 0 0 0 0 0
 0 0 0 0 0 0 0 0 0 0 0 0 0 0 0 0 0 0 0 0 0 0 0 0 0 0
 0 0 0 0 0 0 0 0 0 0 0 0 0 0 0 0 0 0 0 0 0 0 0 0 0 0
 0 0 0 0 0 0 0 0 0 0 0 0 0 0 0 0 0 0 0 0 0 0 0 0 0 0
 0 0 0 0 0 0 0 0 0 0 0 0 0 0 0 0 0 0 0 0 0 0 0 0 0 0
ppred_pel_tallas
 1.25701e-16 1.16219e-05 0.000112969 0.000750722 0.00341268 0.0106182 0.0226239 0.0330238 0.0330411 0.0227089 0.0109065 0.0042572 0.00291532 0.00498635 0.00970081 0.0171504 0.0273407 0.0398775 0.0541837 0.0697297 0.0858074 0.100921 0.112493 0.117514 0.113955 0.101958
 1.57063e-16 2.27801e-05 0.000221431 0.00147149 0.00668917 0.0208125 0.0443437 0.0647232 0.0647339 0.0443962 0.0209899 0.00720631 0.00278814 0.00315958 0.00579911 0.0100922 0.0158819 0.0229994 0.0315047 0.0419883 0.0553954 0.0722357 0.0916282 0.110908 0.126207 0.133801
 1.03169e-16 7.96565e-05 0.000774289 0.00514542 0.0233904 0.0727761 0.155057 0.226311 0.226312 0.155062 0.0727917 0.0234356 0.00525935 0.00102459 0.000560028 0.000813881 0.00120081 0.00159393 0.00193422 0.00222308 0.00253195 0.00296229 0.00357489 0.00433645 0.00511665 0.00573367
 1.01152e-16 5.7728e-05 0.000561136 0.00372895 0.0169513 0.0527419 0.112373 0.164018 0.164046 0.11251 0.0531995 0.0182722 0.00704168 0.00778294 0.0137441 0.0225544 0.0323072 0.0402554 0.0436466 0.0412232 0.0339979 0.0246249 0.0158832 0.00942845 0.00551954 0.00353147
 1.03285e-16 5.24171e-05 0.000509513 0.00338589 0.0153918 0.0478897 0.102035 0.148928 0.148954 0.10216 0.0483098 0.0166062 0.0064385 0.00718701 0.0127738 0.021137 0.0306787 0.0390618 0.0439105 0.0440792 0.0402636 0.034406 0.0284209 0.0232777 0.0189834 0.0151592
 1.0007e-16 8.20192e-05 0.000797256 0.00529804 0.0240841 0.0749347 0.159656 0.233023 0.233023 0.159658 0.0749392 0.0240972 0.00533095 0.000869256 0.000219263 0.000233975 0.000332127 0.000423872 0.000479314 0.000486596 0.000453817 0.00040201 0.000351019 0.000309468 0.000274852 0.000240501
 1.00389e-16 1.63145e-05 0.000158583 0.00105384 0.00479066 0.0149059 0.0317615 0.0463729 0.0464497 0.0321367 0.0161653 0.00842569 0.0101694 0.0200285 0.0376662 0.0620167 0.0888021 0.110548 0.119652 0.112615 0.0921984 0.0657068 0.0408292 0.022208 0.0106764 0.00464659
 1.15774e-16 2.56936e-05 0.000249751 0.00165968 0.00754469 0.0234744 0.0500153 0.0730019 0.0730172 0.05009 0.0237277 0.00828638 0.00355929 0.00452156 0.00850341 0.0149643 0.0237484 0.0344066 0.0463026 0.0588241 0.0712327 0.0822034 0.0896374 0.0912639 0.0858143 0.0739254
 1.02369e-16 7.89492e-05 0.000767414 0.00509974 0.0231827 0.0721299 0.15368 0.224301 0.224303 0.153687 0.0721518 0.0232462 0.00526 0.00112 0.00075694 0.00114954 0.00170583 0.00227453 0.00277003 0.00317866 0.00356929 0.00403835 0.00462238 0.00524589 0.00574334 0.00593755
 1.0115e-16 6.13226e-05 0.000596077 0.00396115 0.0180068 0.056026 0.11937 0.174229 0.174253 0.119486 0.0564138 0.0191262 0.00676848 0.00671641 0.0116612 0.0191192 0.0273911 0.0341424 0.0370436 0.0350314 0.0289642 0.021087 0.0137471 0.00833693 0.0050656 0.00339618
 1.00272e-16 7.94582e-05 0.000772362 0.00513262 0.0233321 0.0725949 0.154671 0.225748 0.22575 0.154684 0.0726384 0.0234577 0.005448 0.00146169 0.00139107 0.00218025 0.00314738 0.00398699 0.00444508 0.00440256 0.00393693 0.00326105 0.00258855 0.00203345 0.00160265 0.00125285
 1.00098e-16 7.77539e-05 0.000755795 0.00502253 0.0228317 0.0710379 0.151354 0.220906 0.220912 0.151379 0.0711233 0.0230784 0.00564145 0.00210525 0.00263572 0.00422149 0.00604351 0.0075362 0.00818164 0.00774307 0.00640533 0.0046576 0.0030122 0.00177473 0.000995772 0.000567347
 1.00252e-16 7.0998e-05 0.000690126 0.00458613 0.0208479 0.0648656 0.138203 0.201715 0.201727 0.138265 0.0650726 0.0214455 0.00608518 0.00395926 0.00626995 0.0102275 0.0146656 0.0183138 0.019929 0.0189372 0.0157768 0.0116157 0.00767451 0.00467841 0.0027472 0.00163089
 1.00393e-16 7.47885e-05 0.000726971 0.00483098 0.0219609 0.0683287 0.145582 0.212482 0.21249 0.14562 0.0684561 0.022329 0.00575474 0.00274319 0.00390288 0.00633088 0.00910505 0.0114324 0.0125578 0.0121297 0.0104025 0.00805989 0.00580642 0.00404585 0.00283079 0.0020164
 1.00226e-16 7.66325e-05 0.000744895 0.00495009 0.0225024 0.0700133 0.149171 0.217721 0.217727 0.149201 0.0701146 0.0227949 0.00568398 0.00234579 0.00311351 0.00501667 0.00719726 0.00900385 0.00982912 0.00939347 0.00790872 0.00593839 0.00406803 0.00264017 0.0017051 0.00113905
 1.00024e-16 8.1552e-05 0.000792714 0.00526786 0.0239469 0.0745078 0.158747 0.231696 0.231697 0.158751 0.0745226 0.0239894 0.00537446 0.00102521 0.000522463 0.000732976 0.00104395 0.0013041 0.00142058 0.00135241 0.00113065 0.000837958 0.000560592 0.000349517 0.000212841 0.000132686
 1.00408e-16 2.15246e-05 0.000209226 0.00139039 0.00632054 0.0196659 0.0419029 0.0611733 0.0612437 0.0422469 0.0208203 0.00965257 0.00974642 0.0184245 0.0345391 0.0568652 0.0814426 0.101422 0.109842 0.103493 0.0848959 0.0607231 0.0379947 0.020943 0.0103246 0.00469613
 1.00249e-16 8.14048e-05 0.000791283 0.00525836 0.0239037 0.0743733 0.15846 0.231277 0.231278 0.158462 0.0743789 0.0239198 0.00529929 0.000882545 0.000260272 0.000315825 0.000480348 0.000672769 0.000868795 0.00105436 0.0012216 0.00135922 0.00144438 0.00144756 0.00134989 0.00115891
 1.00435e-16 5.03854e-05 0.000489764 0.00325465 0.0147952 0.0460336 0.0980808 0.14316 0.143196 0.0982612 0.0466392 0.0165433 0.00763838 0.0100456 0.0181577 0.0298314 0.0427173 0.0531905 0.0575976 0.0542615 0.0445132 0.0318647 0.0200055 0.011153 0.0056887 0.00283085
 1.01019e-16 7.47859e-05 0.000726946 0.00483081 0.0219602 0.0683263 0.145577 0.212474 0.21248 0.145604 0.06842 0.0222314 0.00551351 0.00222309 0.00293317 0.00477456 0.00697173 0.0089751 0.0102691 0.0105991 0.0100919 0.00912107 0.00803624 0.00698679 0.00594601 0.00485258
 1.00791e-16 6.88737e-05 0.000669477 0.00444891 0.0202241 0.0629248 0.134068 0.19568 0.195694 0.134139 0.0631618 0.0209085 0.00616583 0.00441441 0.00717204 0.0117239 0.0168264 0.021043 0.0229618 0.0219358 0.0184719 0.0139017 0.00960329 0.00637443 0.004314 0.00310322
 1.00384e-16 7.68868e-05 0.000747367 0.00496652 0.0225771 0.0702457 0.149666 0.218443 0.218449 0.149693 0.0703351 0.0228355 0.00561522 0.00216365 0.0027671 0.00445388 0.00641047 0.00806431 0.00888711 0.00863324 0.00747849 0.00589529 0.00436737 0.00316724 0.00232477 0.00173743
 1.02126e-16 1.72556e-05 0.00016773 0.00111463 0.00506699 0.0157657 0.0335931 0.0490451 0.0491165 0.0339423 0.0169378 0.00845115 0.00960408 0.0186828 0.0351292 0.0579129 0.0831049 0.103832 0.113094 0.107655 0.0900008 0.066729 0.0447184 0.0280253 0.0172761 0.0110165
 1.02313e-16 7.51155e-05 0.000730149 0.0048521 0.0220569 0.0686273 0.146218 0.21341 0.213412 0.146228 0.0686606 0.0221544 0.00510128 0.00128928 0.00118136 0.00194954 0.00306913 0.00441609 0.00589898 0.00744433 0.00897723 0.0103578 0.011345 0.011658 0.0111188 0.00977009
 1.01358e-16 6.71897e-05 0.000653107 0.00434013 0.0197296 0.0613862 0.13079 0.190896 0.190912 0.13087 0.0616532 0.0205005 0.00627369 0.00486946 0.00806142 0.0131862 0.0189094 0.0236163 0.0257177 0.0244967 0.0205505 0.0154143 0.0106703 0.00722342 0.00515721 0.00405507
 1.03967e-16 3.52719e-05 0.000342855 0.0022784 0.0103573 0.0322256 0.0686617 0.100223 0.100269 0.0688848 0.0329747 0.0125213 0.00771171 0.0122085 0.0225837 0.0373133 0.0538236 0.0678344 0.0749833 0.0732206 0.0639896 0.0511811 0.0387583 0.0289243 0.0218886 0.0168048
 1.02251e-16 7.44317e-05 0.000723502 0.00480793 0.0218561 0.0680026 0.144887 0.211468 0.211472 0.144908 0.0680722 0.022058 0.00531755 0.0018458 0.00223462 0.00365158 0.00542842 0.00719302 0.00861082 0.00951492 0.00996707 0.0101437 0.0101497 0.0099316 0.009351 0.00833159
 1.00853e-16 7.21788e-05 0.000701604 0.0046624 0.0211946 0.0659444 0.140502 0.205069 0.20508 0.140555 0.0661223 0.0217082 0.00595071 0.00351141 0.00540101 0.00879528 0.012618 0.0157747 0.017206 0.0164313 0.0138397 0.0104407 0.0072759 0.00494305 0.0035039 0.00269744
 1.03567e-16 2.01362e-05 0.000195731 0.00130071 0.00591286 0.0183975 0.0392001 0.0572272 0.0572915 0.0395143 0.0194525 0.00895973 0.00894725 0.0168831 0.0316971 0.0523286 0.0752793 0.0944469 0.103605 0.09985 0.0853207 0.0657352 0.0469944 0.0324916 0.0226687 0.0162802
 1.18531e-16 2.82378e-05 0.000274482 0.00182403 0.00829177 0.0257989 0.0549679 0.0802307 0.0802477 0.055051 0.02608 0.00911197 0.00391394 0.00493973 0.00919001 0.0159348 0.0247841 0.0349855 0.0456633 0.0562284 0.0663503 0.075423 0.0821012 0.0845513 0.0813946 0.0726331
pSPR Fmed_Fpbrs
0.247519   0.235557 0.235557
Fs Fmed_Fpbrs
0.962269   1.005 1.005
SSBpbr Bo_Bmed_Bpbrs
1.4646e+06  289286  271766 271766
Ro
57470.1
SPR SPRFo_SPRFmed_SPRFpbrs
409095 101259 96365
Fref
1.005
log_Ro
10.779
likeval ReclasPelacesDesembMPH_pf_preclas_ppelaces_ptallas_desvR_qrecl_qpela
 13.4595 21.3277 0.189826 0.000962984 286.642 105.799 91.0709 0 72.0124 7.50924e-05 0.000136214 0.00269633 0 0 0
q_reclas_q_pelaces
3.41422 5.26165
M
1
N
 17080.3 21156.8 75635.3 10064 0.094199
 10790.8 5130.64 5804.45 20750.8 2761.11
 165487 2040.33 720.366 814.972 3301.18
 53065.7 31283.8 286.385 101.112 577.754
 9912.06 6623.62 2408.13 22.045 52.257
 286870 891.743 317.436 115.409 3.56092
 13656.7 74177.8 196.95 70.1088 26.2757
 3688.7 1979.81 7090.84 18.8269 9.21364
 49944.9 882.617 390.826 1399.77 5.53537
 15914.1 9079.67 117.072 51.8401 186.403
 37441 1179.84 328.866 4.24036 8.62919
 116049 9150.56 240.16 66.9416 2.61963
 76245.1 15957.4 810.303 21.2667 6.15981
 67658.6 10445.3 1405.49 71.3695 2.41566
 41978 4927.64 368.712 49.613 2.60457
 270828 3238.28 189.04 14.145 2.00323
 12350.9 46032.8 389.7 22.7494 1.9433
 485067 1850.8 4616.4 39.0812 2.47631
 134610 111985 346.922 865.319 7.78972
 248125 20398.1 11413.6 35.3584 88.9876
 188147 42189.6 2456.08 1374.28 14.9721
 446357 33438.8 5415.88 315.287 178.338
 19570.8 81477.2 4461.72 722.637 65.8639
 166454 4104.04 13288.6 727.687 128.601
 163582 38229.6 763.523 2472.23 159.305
 30799 38386.8 7337.2 146.539 505.057
 130128 7204.37 7333.38 1401.69 124.48
 208882 28362 1242.5 1264.75 263.211
 20171 58360.2 7006.75 306.957 377.479
 8549.69 5581.32 14217.1 1706.91 166.735
pred_Ctot
 2013.93 3482.03 12448.2 1656.35 0.0155034
 3496.78 2163.83 2448.01 8751.58 1164.49
 53639 860.68 303.875 343.783 1392.55
 24123.7 17614.8 161.254 56.9329 325.313
 5274.85 4230.5 1538.07 14.0801 33.3765
 55441.4 234.735 83.5594 30.3794 0.937347
 5630.51 38510.9 102.25 36.3984 13.6416
 843.981 609.638 2183.46 5.79732 2.83713
 16895.7 386.581 171.18 613.092 2.42446
 9071.19 6113.54 78.8273 34.9051 125.509
 8211.36 349.366 97.3815 1.25563 2.55521
 49644.4 4899.78 128.597 35.8447 1.40272
 32698.1 8562.35 434.788 11.4112 3.3052
 38784.3 7063.14 950.398 48.2603 1.63348
 23619.4 3285.34 245.826 33.0777 1.73651
 97945.1 1503.28 87.7561 6.56638 0.929939
 4968.23 23407.2 198.159 11.5678 0.988149
 118578 605.65 1510.66 12.7888 0.810341
 53683.9 56530.2 175.126 436.813 3.93225
 89702.9 9466.35 5296.81 16.4091 41.2973
 65152.4 18860.2 1097.95 614.347 6.69303
 150345 14590.6 2363.15 137.571 77.8153
 5565.3 30586.4 1674.92 271.277 24.7252
 41062.6 1354.22 4384.88 240.117 42.4349
 38829.6 12177.1 243.202 787.471 50.743
 7353.74 12293.2 2349.7 46.9283 161.742
 34967.2 2569.74 2615.76 499.972 44.4011
 32478.2 6081.58 266.426 271.197 56.4397
 3234.25 12884.5 1546.91 67.7683 83.3379
 3395.98 2807.81 7152.24 858.701 83.88
F
 0.202695 0.293338 0.293338 0.293338 0.293338
 0.665584 0.963226 0.963226 0.963226 0.963226
 0.665791 0.963526 0.963526 0.963526 0.963526
 1.08089 1.56425 1.56425 1.56425 1.56425
 1.40833 2.03812 2.03812 2.03812 2.03812
 0.352566 0.510229 0.510229 0.510229 0.510229
 0.931226 1.34766 1.34766 1.34766 1.34766
 0.43014 0.622494 0.622494 0.622494 0.622494
 0.704883 1.0201 1.0201 1.0201 1.0201
 1.60182 2.31814 2.31814 2.31814 2.31814
 0.408951 0.59183 0.59183 0.59183 0.59183
 0.984087 1.42416 1.42416 1.42416 1.42416
 0.987803 1.42954 1.42954 1.42954 1.42954
 1.61961 2.34389 2.34389 2.34389 2.34389
 1.5621 2.26066 2.26066 2.26066 2.26066
 0.772131 1.11742 1.11742 1.11742 1.11742
 0.898111 1.29974 1.29974 1.29974 1.29974
 0.465919 0.674273 0.674273 0.674273 0.674273
 0.886935 1.28356 1.28356 1.28356 1.28356
 0.771757 1.11688 1.11688 1.11688 1.11688
 0.727506 1.05284 1.05284 1.05284 1.05284
 0.700795 1.01418 1.01418 1.01418 1.01418
 0.562068 0.813418 0.813418 0.813418 0.813418
 0.471109 0.681784 0.681784 0.681784 0.681784
 0.449597 0.650653 0.650653 0.650653 0.650653
 0.452793 0.655278 0.655278 0.655278 0.655278
 0.52347 0.757561 0.757561 0.757561 0.757561
 0.275137 0.398175 0.398175 0.398175 0.398175
 0.28482 0.412189 0.412189 0.412189 0.412189
 0.881751 1.27606 1.27606 1.27606 1.27606
nmprior
 8 8 7 0
nm_flota  nm_reclas  nm_pelaces    nm_pelaL
inf 21.0914 6.38024 9.24282
cv_recla  cv_pelaces  cv_mph
0.339658 0.543421 0.957668
 ------------------------------------------------
Talla a la edad & desviación 
 8 13.2811 15.8009 17.003 17.5766
 0.8 1.32811 1.58009 1.7003 1.75766
