    unsorted:	 9.131641090e-05 0.001099987227 0.2412818050 0.7873109572 11.45300822 10.79633259 14.05063409 21.51934164 59.01868495 81.75963705 137.8670296 209.9263324 212.0059624 176.5696193 352.8428297 437.3924797 498.5349508 592.9043684 712.9760730 745.7510817 798.9864393 836.0403856 862.7953092 897.2621402 940.2940325 1012.256091 1051.788697 1084.492757 1298.071192 1412.098968 1635.837501 1662.309610 1794.601535 1750.137473 1892.497208 2014.719405 2162.241573 2239.268864 2658.817351 2926.871520 3059.053326 3392.350124 12480.95213 39970.21615 163416.2793 197651.4022 342795.7643 329719.8743 313423.0327 355818.2494 366700.7577 278849.1227 405921.0079 409234.9338 438402.0193 512509.4014 530584.0969 690155.1960 744803.4425 777695.3396 814169.9412 896621.2744 1159409.495 1294022.909 1397341.942 1486898.118 1567382.798 1866966.311 2068122.232 2128885.803 2691115.973 2748135.216 3015479.727 3236444.673 3471209.159
      sorted:	 9.131641090e-05 0.001099987227 0.2412818050 0.7873109572 10.79633259 11.45300822 14.05063409 21.51934164 59.01868495 81.75963705 137.8670296 176.5696193 209.9263324 212.0059624 352.8428297 437.3924797 498.5349508 592.9043684 712.9760730 745.7510817 798.9864393 836.0403856 862.7953092 897.2621402 940.2940325 1012.256091 1051.788697 1084.492757 1298.071192 1412.098968 1635.837501 1662.309610 1750.137473 1794.601535 1892.497208 2014.719405 2162.241573 2239.268864 2658.817351 2926.871520 3059.053326 3392.350124 12480.95213 39970.21615 163416.2793 197651.4022 278849.1227 313423.0327 329719.8743 342795.7643 355818.2494 366700.7577 405921.0079 409234.9338 438402.0193 512509.4014 530584.0969 690155.1960 744803.4425 777695.3396 814169.9412 896621.2744 1159409.495 1294022.909 1397341.942 1486898.118 1567382.798 1866966.311 2068122.232 2128885.803 2691115.973 2748135.216 3015479.727 3236444.673 3471209.159
