years
 1991 1992 1993 1994 1995 1996 1997 1998 1999 2000 2001 2002 2003 2004 2005 2006 2007 2008 2009 2010 2011 2012 2013 2014 2015 2016 2017 2018 2019 2020
reclasobs
 0 0 0 0 0 0 0 0 0 252601 567819 844713 477998 351125 339783 2.1784e+06 2.13404e+06 4.81314e+06 1.55562e+06 2.62356e+06 3.21686e+06 3.843e+06 1.13348e+06 3.07943e+06 1.97215e+06 2.03268e+06 2.025e+06 2.42433e+06 2.27542e+06 1.05018e+06
reclaspred
 2.75907e+06 1.47245e+06 717538 426467 252461 1.28733e+06 573713 366657 270606 218031 402074 607908 589937 409148 362260 1.58729e+06 1.26926e+06 3.5096e+06 2.85596e+06 2.01497e+06 3.66454e+06 2.9924e+06 2.05102e+06 3.3411e+06 2.35557e+06 1.90596e+06 2.57311e+06 3.04506e+06 2.29533e+06 1.11296e+06
pelacesobs
 0 0 0 0 0 0 0 0 0 0 0 0 0 0 0 552880 188675 0 991730 2.46772e+06 1.41603e+06 1.21717e+06 2.29649e+06 1.80582e+06 0 1.4828e+06 1.56532e+06 1.57751e+06 1.42118e+06 867257
pelacespred
 852121 480075 222271 97323.6 65143.1 394901 131205 124287 72773 56345.8 125177 157617 170556 116850 106076 427216 343608 1.13885e+06 923758 597866 1.10173e+06 933938 647002 1.18265e+06 789520 639421 996918 1.1554e+06 719781 399255
mphobs
 0 0 0 0 0 0 0 0 0 0 0 498337 0 5186 125008 0 168611 109162 213762 579715 649985 157893 87575 83554 0 0 0 0 0 0
mphpred
 1.73034e+06 1.04e+06 487965 245786 119726 95145.8 460014 169852 117452 67587.3 56804 183279 211295 163224 87189.8 105064 709970 527893 1.37814e+06 988983 1.00458e+06 1.30982e+06 1.24041e+06 870521 1.30594e+06 999732 747654 935616 1.4754e+06 863601
desembarqueobs
 494567 514787 250237 358949 120608 361735 552515 73892 212993 205616 52469 317467 293654 387597 252695 516296 358380 742168 942051 627588 828172 859565 418607 520667 417249 300574 407403 355545 319650 289779
desembarquepred
 494534 514747 249805 358931 120592 361620 552128 73887.1 212922 205547 52467.3 317388 293556 387302 252566 516084 358346 741888 941354 627131 828024 859217 418513 520600 417153 300499 407313 355462 319578 289719
Reclutas
 116145 100945 81265.3 54956.1 36957 251385 48011.1 15528.7 28484.9 49447.9 75220.7 122077 96307.6 67746 55696.5 420073 45240 641848 343918 256416 400565 519682 65217.2 298645 219422 87880.9 261447 304664 47444.7 29805.1
log_desv_Rt
 0.0569427 -0.0833162 -0.300175 -0.69136 -1.08814 0.82909 -0.826462 -1.95521 -1.34852 -0.796975 -0.377468 0.106761 -0.130347 -0.482129 -0.677978 1.34253 -0.885914 1.76646 1.14251 0.848904 1.29498 1.55532 -0.520171 1.00136 0.6931 -0.221912 0.868336 1.02131 -0.83833 -1.30321
SSB
 1.73034e+06 1.04e+06 487965 245786 119726 95145.8 460014 169852 117452 67587.3 56804 183279 211295 163224 87189.8 105064 709970 527893 1.37814e+06 988983 1.00458e+06 1.30982e+06 1.24041e+06 870521 1.30594e+06 999732 747654 935616 1.4754e+06 863601
BT
 2.39431e+06 1.61414e+06 750361 518527 250220 1.22801e+06 782494 353818 373282 323441 332645 625081 657408 669146 497191 1.39672e+06 1.07348e+06 3.29187e+06 3.02755e+06 1.94752e+06 3.21484e+06 2.95506e+06 1.85743e+06 3.21786e+06 2.2148e+06 1.74586e+06 2.72149e+06 3.02375e+06 1.92783e+06 1.22009e+06
Ftot
 0.25799 0.500561 0.505317 1.19125 0.738936 0.559362 1.27034 0.31202 1.25867 1.54153 0.255819 0.879102 0.818361 1.50114 1.23049 0.652914 0.410466 0.402324 0.52498 0.498015 0.382671 0.475099 0.296118 0.277561 0.276979 0.240853 0.282731 0.211151 0.196708 0.364834
BD_Bspro_t
 0.959829 0.730834 0.504032 0.368548 0.214124 0.225895 0.473355 0.218099 0.211352 0.16211 0.176136 0.482201 0.384725 0.288501 0.174512 0.20847 0.514589 0.430802 0.598452 0.487232 0.44692 0.509992 0.527055 0.481302 0.611744 0.605879 0.594787 0.671691 0.746925 0.635758
BD_Bspro
 2.21554 1.33162 0.624794 0.314706 0.153298 0.121825 0.589005 0.217479 0.150386 0.0865393 0.0727322 0.234672 0.270544 0.208994 0.111639 0.134525 0.909051 0.675918 1.76458 1.2663 1.28628 1.6771 1.58822 1.11462 1.67214 1.28006 0.957302 1.19797 1.88912 1.10576
BD_Bo
 1.08953 0.654843 0.307252 0.154761 0.0753864 0.0599094 0.289652 0.106949 0.0739547 0.0425569 0.0357671 0.115403 0.133044 0.102776 0.0548998 0.0661545 0.447039 0.332392 0.867759 0.622721 0.632544 0.82474 0.781032 0.548131 0.822299 0.62949 0.470767 0.589118 0.929 0.543774
BD_Brms
 5.30957 3.19124 1.49733 0.754196 0.36738 0.291956 1.41156 0.521191 0.360403 0.207392 0.174303 0.562393 0.64836 0.500855 0.267543 0.32239 2.17855 1.61984 4.22884 3.0347 3.08257 4.0192 3.8062 2.6712 4.0073 3.06769 2.29418 2.87094 4.52729 2.64997
Sel_flota
 0.622785 0.969106 0.998325 0.999912 0.999995
 0.622785 0.969106 0.998325 0.999912 0.999995
 0.622785 0.969106 0.998325 0.999912 0.999995
 0.622785 0.969106 0.998325 0.999912 0.999995
 0.622785 0.969106 0.998325 0.999912 0.999995
 0.622785 0.969106 0.998325 0.999912 0.999995
 0.622785 0.969106 0.998325 0.999912 0.999995
 0.622785 0.969106 0.998325 0.999912 0.999995
 0.622785 0.969106 0.998325 0.999912 0.999995
 0.622785 0.969106 0.998325 0.999912 0.999995
 0.622785 0.969106 0.998325 0.999912 0.999995
 0.622785 0.969106 0.998325 0.999912 0.999995
 0.622785 0.969106 0.998325 0.999912 0.999995
 0.622785 0.969106 0.998325 0.999912 0.999995
 0.622785 0.969106 0.998325 0.999912 0.999995
 0.622785 0.969106 0.998325 0.999912 0.999995
 0.622785 0.969106 0.998325 0.999912 0.999995
 0.622785 0.969106 0.998325 0.999912 0.999995
 0.622785 0.969106 0.998325 0.999912 0.999995
 0.622785 0.969106 0.998325 0.999912 0.999995
 0.622785 0.969106 0.998325 0.999912 0.999995
 0.622785 0.969106 0.998325 0.999912 0.999995
 0.622785 0.969106 0.998325 0.999912 0.999995
 0.622785 0.969106 0.998325 0.999912 0.999995
 0.622785 0.969106 0.998325 0.999912 0.999995
 0.622785 0.969106 0.998325 0.999912 0.999995
 0.622785 0.969106 0.998325 0.999912 0.999995
 0.622785 0.969106 0.998325 0.999912 0.999995
 0.622785 0.969106 0.998325 0.999912 0.999995
 0.622785 0.969106 0.998325 0.999912 0.999995
Sel_reclas
 1 1 1 1 1
 1 1 1 1 1
 1 1 1 1 1
 1 1 1 1 1
 1 1 1 1 1
 1 1 1 1 1
 1 1 1 1 1
 1 1 1 1 1
 1 1 1 1 1
 1 1 1 1 1
 1 1 1 1 1
 1 1 1 1 1
 1 1 1 1 1
 1 1 1 1 1
 1 1 1 1 1
 1 1 1 1 1
 1 1 1 1 1
 1 1 1 1 1
 1 1 1 1 1
 1 1 1 1 1
 1 1 1 1 1
 1 1 1 1 1
 1 1 1 1 1
 1 1 1 1 1
 1 1 1 1 1
 1 1 1 1 1
 1 1 1 1 1
 1 1 1 1 1
 1 1 1 1 1
 1 1 1 1 1
Sel_pelaces
 1 1 1 1 1
 1 1 1 1 1
 1 1 1 1 1
 1 1 1 1 1
 1 1 1 1 1
 1 1 1 1 1
 1 1 1 1 1
 1 1 1 1 1
 1 1 1 1 1
 1 1 1 1 1
 1 1 1 1 1
 1 1 1 1 1
 1 1 1 1 1
 1 1 1 1 1
 1 1 1 1 1
 1 1 1 1 1
 1 1 1 1 1
 1 1 1 1 1
 1 1 1 1 1
 1 1 1 1 1
 1 1 1 1 1
 1 1 1 1 1
 1 1 1 1 1
 1 1 1 1 1
 1 1 1 1 1
 1 1 1 1 1
 1 1 1 1 1
 1 1 1 1 1
 1 1 1 1 1
 1 1 1 1 1
pf_obs 
 0.8446 0.082 0.0669 0.0065 0
 0.8095 0.147 0.0364 0.0071 0
 0.9664 0.0169 0.016 0.0007 0
 0.9276 0.0648 0.0075 0.0001 0
 0.7033 0.2144 0.0806 0.0017 0
 0.9318 0.0425 0.0243 0.0014 0
 0.5671 0.3108 0.0964 0.0239 0.0018
 0.0768 0.2599 0.5324 0.112 0.0189
 0.490249 0.384438 0.106611 0.0170017 0.00170017
 0.7925 0.1577 0.0466 0.003 0.0002
 0.840416 0.127587 0.0312969 0.00059994 9.999e-05
 0.8084 0.0986 0.0794 0.0134 0.0002
 0.7335 0.1905 0.0724 0.0035 0.0001
 0.4001 0.4547 0.1325 0.0127 0
 0.49795 0.308269 0.164784 0.0264974 0.00249975
 0.9179 0.0499 0.0305 0.0017 0
 0.2467 0.6533 0.0926 0.0074 0
 0.9418 0.0223 0.034 0.0019 0
 0.707729 0.231977 0.0356964 0.0245975 0
 0.517169 0.277429 0.184464 0.0207286 0.00020938
 0.811772 0.124168 0.05621 0.00726502 0.000585176
 0.764997 0.148141 0.077277 0.00933861 0.000247198
 0.163321 0.427699 0.378323 0.0303852 0.000271297
 0.753843 0.0900009 0.118128 0.0371064 0.000921714
 0.721811 0.176058 0.0630433 0.0369309 0.00215725
 0.143369 0.312575 0.442814 0.0836902 0.0175525
 0.692698 0.0596174 0.167031 0.0765114 0.00414204
 0.394062 0.376323 0.152708 0.0712218 0.00568511
 0.125707 0.32114 0.495352 0.0537591 0.00404204
 0.23352 0.215282 0.420074 0.123614 0.00750983
pf_pred 
 0.391745 0.206794 0.362337 0.039123 9.38768e-07
 0.494614 0.259415 0.0854628 0.14489 0.0156172
 0.563255 0.274055 0.0850856 0.0269996 0.0506052
 0.563032 0.301499 0.0862316 0.0257766 0.0234608
 0.662394 0.244076 0.0655803 0.0178098 0.0101401
 0.940526 0.0463805 0.00957751 0.00246701 0.00104899
 0.34654 0.630516 0.0180469 0.0035842 0.001313
 0.402723 0.309496 0.278189 0.00754911 0.00204256
 0.704688 0.155899 0.0734355 0.063782 0.00219505
 0.868292 0.109729 0.0119039 0.00531459 0.00476101
 0.870573 0.121044 0.00705397 0.000721132 0.000608373
 0.772792 0.208008 0.0179945 0.0010145 0.000190862
 0.695404 0.262933 0.0382852 0.00316564 0.000211532
 0.662446 0.272722 0.0562987 0.00784289 0.000690178
 0.774628 0.182819 0.0347648 0.00676589 0.00102222
 0.9643 0.0312263 0.00366468 0.000661158 0.000147692
 0.226346 0.757676 0.0140463 0.00158318 0.000348666
 0.916878 0.0271229 0.0548827 0.000981755 0.000134763
 0.550428 0.426726 0.00763473 0.014908 0.0003027
 0.566099 0.293185 0.133827 0.00230519 0.00458326
 0.730143 0.18622 0.0571952 0.0251497 0.00129183
 0.715005 0.23319 0.0361435 0.0107167 0.00494496
 0.198951 0.647984 0.126084 0.0188349 0.00814507
 0.741653 0.0741869 0.149924 0.0282105 0.00602555
 0.566768 0.357481 0.0222758 0.043548 0.00992656
 0.36847 0.42856 0.168477 0.010156 0.0243365
 0.752545 0.119843 0.0875065 0.0333002 0.00680524
 0.67549 0.270143 0.0267896 0.0189216 0.00865645
 0.196757 0.616862 0.155999 0.0149839 0.0153981
 0.267772 0.205354 0.407605 0.0998558 0.0194137
pobs_RECLAS
 0 0 0 0 0
 0 0 0 0 0
 0 0 0 0 0
 0 0 0 0 0
 0 0 0 0 0
 0 0 0 0 0
 0 0 0 0 0
 0 0 0 0 0
 0 0 0 0 0
 0 0 0 0 0
 0.991045 0.00858322 0.000360255 1.14367e-05 0
 0.934742 0.0480273 0.0164251 0.00080598 0
 0.827803 0.169806 0.00239088 0 0
 0.941827 0.0461693 0.0120037 0 0
 0.791401 0.0380133 0.147996 0.0225897 0
 0.846168 0.0940531 0.0597789 0 0
 0.134021 0.677848 0.182769 0.00536245 0
 0.80878 0.0450904 0.141981 0.00414843 0
 0.846168 0.0940531 0.0597789 0 0
 0.905697 0.0802665 0.012482 0.00150086 5.37128e-05
 0.989698 0.0102097 9.19794e-05 0 0
 0.975433 0.0193895 0.00387452 0.00125025 5.28907e-05
 0.303575 0.632131 0.0575291 0.00676475 0
 0.966965 0.00978017 0.0227588 0.000495775 0
 0.843318 0.132988 0.00938335 0.0141283 0.000182051
 0.564624 0.303363 0.111486 0.0197234 0.00080311
 0.826376 0.0876187 0.0782897 0.00655872 0.00115652
 0.89761 0.0855135 0.0140674 0.00269457 0.000114338
 0.34875 0.467042 0.161289 0.0227151 0.000203297
 0.318654 0.224769 0.449479 0.00709798 0
ppred_RECLAS
 0.507765 0.170749 0.290201 0.0312832 7.50585e-07
 0.612045 0.202293 0.0645801 0.109302 0.0117802
 0.674427 0.206744 0.0621984 0.0197037 0.0369273
 0.683479 0.220831 0.0609534 0.0181856 0.0165502
 0.760925 0.17442 0.0453583 0.0122965 0.00700046
 0.962044 0.0298079 0.00596301 0.00153337 0.000651941
 0.469613 0.51241 0.0141458 0.00280399 0.00102708
 0.518413 0.25324 0.220748 0.00598054 0.00161801
 0.801774 0.106471 0.0483765 0.0419359 0.00144307
 0.918805 0.0680824 0.00710848 0.00316712 0.00283692
 0.913635 0.0809297 0.00457476 0.000466919 0.000393876
 0.846873 0.14058 0.0117609 0.000661877 0.000124509
 0.787428 0.184321 0.0259643 0.00214307 0.000143189
 0.770613 0.186675 0.0371007 0.00515792 0.000453851
 0.851901 0.120948 0.0221896 0.00431021 0.00065114
 0.977468 0.0197878 0.00224868 0.000404992 9.04604e-05
 0.316267 0.670038 0.0120417 0.00135498 0.000298384
 0.946776 0.0177324 0.0347849 0.000621209 8.52646e-05
 0.660832 0.32246 0.00558996 0.0108968 0.000221236
 0.67649 0.220817 0.097674 0.00167961 0.00333917
 0.811714 0.131191 0.0390656 0.0171494 0.000880813
 0.799957 0.164618 0.0247278 0.00731957 0.00337715
 0.282001 0.5842 0.110247 0.0164421 0.00710968
 0.821741 0.0523218 0.102557 0.019266 0.00411473
 0.673893 0.270564 0.0163526 0.0319162 0.00727453
 0.480321 0.356118 0.135805 0.0081732 0.0195834
 0.829214 0.0840383 0.0595158 0.0226115 0.00462049
 0.766277 0.195571 0.0188153 0.0132679 0.00606939
 0.278666 0.557852 0.13687 0.0131253 0.013487
 0.370944 0.180413 0.347214 0.0849207 0.0165086
pobs_PELACES
 0 0 0 0 0
 0 0 0 0 0
 0 0 0 0 0
 0 0 0 0 0
 0 0 0 0 0
 0 0 0 0 0
 0 0 0 0 0
 0 0 0 0 0
 0 0 0 0 0
 0 0 0 0 0
 0 0 0 0 0
 0 0 0 0 0
 0 0 0 0 0
 0 0 0 0 0
 0 0 0 0 0
 0 0 0 0 0
 0.505614 0.472636 0.0217494 0 0
 0 0 0 0 0
 0.443492 0.261883 0.143347 0.151278 0
 0.227955 0.32914 0.350689 0.0885471 0.00366901
 0.970185 0.0296113 0.000203453 0 0
 0.997202 0.00247181 0.000326279 0 0
 0.445219 0.490057 0.0546422 0.010081 0
 0.90214 0.0892962 0.00764917 0.000914606 0
 0 0 0 0 0
 0.581667 0.319106 0.0959925 0.00289975 0.000334073
 0.762889 0.0836404 0.116647 0.0363945 0.000428098
 0.88444 0.0763242 0.0277011 0.0115352 0
 0.521256 0.241999 0.230069 0.00667565 0
 0.616807 0.101726 0.260614 0.0208532 0
ppred_PELACES
 0.51554 0.168327 0.285373 0.0307586 7.37993e-07
 0.626098 0.195431 0.0620893 0.105059 0.0113227
 0.68737 0.198887 0.0595439 0.0188578 0.0353415
 0.712894 0.201017 0.0548508 0.0163547 0.0148834
 0.776288 0.163531 0.0422247 0.0114426 0.00651418
 0.964351 0.028029 0.00557699 0.00143368 0.00060955
 0.505975 0.47748 0.0130211 0.00257932 0.000944752
 0.527665 0.24873 0.216165 0.00585542 0.00158415
 0.824481 0.0948169 0.0425619 0.0368711 0.00126874
 0.931173 0.0578535 0.00595136 0.00264944 0.00237311
 0.915926 0.0787949 0.00444312 0.000453422 0.000382488
 0.859536 0.129043 0.0107047 0.000602156 0.000113272
 0.802829 0.171147 0.023919 0.00197341 0.00013185
 0.799958 0.163233 0.0319757 0.00444192 0.000390833
 0.86903 0.107194 0.0194343 0.00377257 0.0005699
 0.97907 0.0183951 0.00207729 0.000373998 8.35358e-05
 0.326515 0.660048 0.0118153 0.00132922 0.000292708
 0.949171 0.0169783 0.0331768 0.000592365 8.13047e-05
 0.674204 0.309827 0.00534384 0.0104142 0.000211434
 0.689146 0.212503 0.0935459 0.00160821 0.00319717
 0.818476 0.126623 0.0375666 0.016488 0.000846836
 0.808632 0.157609 0.0235667 0.00697415 0.00321774
 0.289014 0.578805 0.108917 0.0162412 0.00702279
 0.826614 0.0509887 0.0996765 0.0187223 0.00399856
 0.680913 0.264864 0.0159654 0.031156 0.00710121
 0.487379 0.35154 0.133748 0.0080484 0.0192842
 0.833936 0.0818296 0.0577939 0.021954 0.00448611
 0.770631 0.191992 0.0184335 0.0129972 0.00594554
 0.283295 0.554512 0.135793 0.0130207 0.0133794
 0.381323 0.177888 0.34115 0.0834218 0.0162171
pobs_pel_tallas
 0 0 0 0 0 0 0 0 0 0 0 0 0 0 0 0 0 0 0 0 0 0 0 0 0 0
 0 0 0 0 0 0 0 0 0 0 0 0 0 0 0 0 0 0 0 0 0 0 0 0 0 0
 0 0 0 0 0 0 0 0 0 0 0 0 0 0 0 0 0 0 0 0 0 0 0 0 0 0
 0 0 0 0 0 0 0 0 0 0 0 0 0 0 0 0 0 0 0 0 0 0 0 0 0 0
 0 0 0 0 0 0 0 0 0 0 0 0 0 0 0 0 0 0 0 0 0 0 0 0 0 0
 0 0 0 0 0 0 0 0 0 0 0 0 0 0 0 0 0 0 0 0 0 0 0 0 0 0
 0 0 0 0 0 0 0 0 0 0 0 0 0 0 0 0 0 0 0 0 0 0 0 0 0 0
 0 0 0 0 0 0 0 0 0 0 0 0 0 0 0 0 0 0 0 0 0 0 0 0 0 0
 0 0 0 0 0 0 0 0 0 0 0 0 0 0 0 0 0 0 0 0 0 0 0 0 0 0
 0 0 0 0 0 0 0 0 0 0 0 0 0 0 0 0 0 0 0 0 0 0 0 0 0 0
 0 0 0 0 0 0 0 0 0 0 0 0 0 0 0 0 0 0 0 0 0 0 0 0 0 0
 0 0 0 0 0 0 0 0 0 0 0 0 0 0 0 0 0 0 0 0 0 0 0 0 0 0
 0.00862536 0 0 0.000197151 0.00414017 0.0128641 0.00837892 0.0270097 0.101434 0.158115 0.152841 0.127902 0.109271 0.109419 0.0830992 0.0579132 0.0238553 0.00714673 0.00463305 0.00128148 0.00103504 0.000492878 0.000147863 0.000147863 4.92878e-05 0
 0 0 0 0 0 0 0 0 0 0 0 0 0 0 0 0 0 0 0 0 0 0 0 0 0 0
 0 0 0 0 0 0 0 0.0054083 0.00873648 0.0413646 0.0450493 0.0745869 0.0622846 0.0627006 0.0613931 0.0827291 0.12552 0.122667 0.0946155 0.0697135 0.0546179 0.0294188 0.0215738 0.0213955 0.0102223 0.00600262
 0 0 0 0 0.00359764 0.0251062 0.0480494 0.140153 0.205849 0.193036 0.1447 0.116669 0.0760912 0.0342217 0.00950174 0.001854 0.000860785 0 0 0 0.000165536 0 0.000143464 0 0 0
 0 0 0 0 0 0 0 0.000145254 0.000435761 0.0275982 0.070085 0.0708112 0.156366 0.174668 0.174014 0.160142 0.0824315 0.0480064 0.0283245 0.00493863 0.00203355 0 0 0 0 0
 0 0 0 0 0 0 0 0 0 0 0 0 0 0 0 0 0 0 0 0 0 0 0 0 0 0
 0 0 1.00437e-05 0.000401748 0.00122533 0.00171747 0.00176769 0.0269171 0.070346 0.194647 0.189555 0.159765 0.064822 0.0314167 0.0384472 0.0292271 0.0345202 0.0313363 0.0194345 0.0106764 0.0143323 0.0359363 0.0279516 0.0138201 0.00172751 0
 0 0.0021121 0.0136068 0.0755702 0.200478 0.177729 0.0527432 0.0373336 0.0318909 0.0142505 0.0149659 0.0166563 0.0217959 0.0798694 0.0677717 0.0528807 0.04013 0.0224614 0.0357745 0.0225083 0.00881397 0.00855152 0.00135912 0.000746735 0 0
 0 0 0 0 5.4009e-05 0.00500934 0.000945158 0.0243581 0.138947 0.33067 0.221406 0.137944 0.0707744 0.0437923 0.0131692 0.00525238 0.0047753 0.00276346 9.45158e-05 9.00151e-06 2.25038e-05 9.00151e-06 4.50075e-06 0 0 0
 0.000866109 0.00284123 0.00948549 0.0512746 0.133035 0.25785 0.225252 0.132002 0.0553304 0.0519788 0.0540692 0.017754 0.00435017 0.00159236 0.00146478 0.000404838 0.000125132 0.000115318 0.000107957 0.000100596 0 0 0 0 0 0
 0 0 0 0 0.00144013 0.00171154 0.00461396 0.0210425 0.0478622 0.0707936 0.0888783 0.103762 0.0637923 0.0337046 0.0602308 0.124433 0.169614 0.0934646 0.0462172 0.0250306 0.0313229 0.00938855 0.002487 0.000210481 0 0
 0 0.00764035 0.051015 0.0998891 0.058973 0.0496711 0.0374665 0.0718981 0.12319 0.153886 0.159021 0.0857701 0.0377988 0.023471 0.0147837 0.00900784 0.00315554 0.000888139 0.00291439 0.00214683 0.00393193 0.00274676 0.000635225 9.99891e-05 0 0
 0 0 0 0 0 0 0 0 0 0 0 0 0 0 0 0 0 0 0 0 0 0 0 0 0 0
 0 0 0 0 0 0 0 0 0 0 0 0 0 0 0 0 0 0 0 0 0 0 0 0 0 0
 0 0 0 0 0 0 0 0 0 0 0 0 0 0 0 0 0 0 0 0 0 0 0 0 0 0
 0 0 0 0 0 0 0 0 0 0 0 0 0 0 0 0 0 0 0 0 0 0 0 0 0 0
 0 0 0 0 0 0 0 0 0 0 0 0 0 0 0 0 0 0 0 0 0 0 0 0 0 0
 0 0 0 0 0 0 0 0 0 0 0 0 0 0 0 0 0 0 0 0 0 0 0 0 0 0
ppred_pel_tallas
 1.11364e-16 4.24644e-05 0.000412769 0.002743 0.0124693 0.0387966 0.0826609 0.12065 0.120666 0.0827424 0.0390714 0.0132682 0.00476827 0.00489954 0.00875562 0.0149077 0.0226344 0.0308842 0.0385279 0.0449135 0.0500033 0.053905 0.0562803 0.0562735 0.0530798 0.0466441
 1.14294e-16 5.15709e-05 0.000501287 0.00333123 0.0151433 0.0471165 0.100387 0.146522 0.146541 0.10048 0.0474275 0.0160427 0.00559377 0.00545729 0.00951525 0.0157893 0.0230853 0.0297981 0.0343691 0.0361942 0.0360043 0.0353045 0.0353013 0.0361577 0.0370523 0.0368322
 1.09642e-16 5.66178e-05 0.000550345 0.00365724 0.0166253 0.0517275 0.110212 0.160861 0.16088 0.110306 0.0520433 0.0175381 0.0059516 0.00556929 0.0096195 0.0158966 0.023095 0.0294802 0.0333366 0.033917 0.0318885 0.0288392 0.0262448 0.0247047 0.0239024 0.0230974
 1.05794e-16 5.87202e-05 0.000570781 0.00379304 0.0172426 0.0536483 0.114304 0.166834 0.166854 0.114399 0.0539672 0.0181642 0.00610869 0.00563373 0.00969757 0.0160012 0.0231924 0.0294817 0.0330872 0.0332002 0.0304511 0.0264333 0.0226815 0.0199116 0.0179727 0.0163114
 1.03511e-16 6.39418e-05 0.000621537 0.00413033 0.0187759 0.0584189 0.124468 0.181668 0.181684 0.124545 0.0586782 0.0195252 0.00601282 0.0047364 0.00789473 0.0129924 0.0188089 0.0238629 0.0266875 0.0266078 0.0241254 0.0205382 0.0171154 0.014481 0.0125689 0.0109875
 1.00416e-16 7.94323e-05 0.00077211 0.00513094 0.0233245 0.0725713 0.154621 0.225674 0.225677 0.154634 0.0726157 0.0234527 0.00545293 0.00147546 0.00141656 0.00221962 0.00319791 0.00403856 0.00448173 0.00440916 0.00390858 0.00320984 0.0025428 0.0020286 0.0016675 0.00139786
 1.00917e-16 4.16766e-05 0.000405111 0.00269211 0.012238 0.0380771 0.081129 0.11842 0.118466 0.0813534 0.0388303 0.0144123 0.00814549 0.0122954 0.0225806 0.0371521 0.0532512 0.0664093 0.0721024 0.0682464 0.0564692 0.0410799 0.0265917 0.0156967 0.00884116 0.00507401
 1.07157e-16 4.34631e-05 0.000422477 0.00280751 0.0127626 0.0397092 0.0846055 0.123489 0.123513 0.0847241 0.0401083 0.0139189 0.00572336 0.00683159 0.0123433 0.0206688 0.0305378 0.0399902 0.0469857 0.050466 0.0507971 0.0491726 0.0465499 0.0430795 0.0384014 0.0323482
 1.05165e-16 6.79115e-05 0.000660124 0.00438675 0.0199415 0.0620456 0.132195 0.192944 0.192954 0.13224 0.0621967 0.0203788 0.00548736 0.00307259 0.00467904 0.00770651 0.0112834 0.0145961 0.0168707 0.0177756 0.0176023 0.0170098 0.0165377 0.016283 0.015948 0.015137
 1.00854e-16 7.66995e-05 0.000745546 0.00495442 0.0225221 0.0700745 0.149301 0.217911 0.217916 0.149329 0.0701659 0.0227861 0.00561707 0.00219173 0.00282217 0.00454148 0.00652879 0.00819876 0.00901346 0.00873056 0.00754648 0.00596563 0.00449992 0.00343012 0.00276658 0.00236461
 1.00259e-16 7.54436e-05 0.000733339 0.0048733 0.0221533 0.0689272 0.146857 0.214344 0.214351 0.146894 0.0690515 0.0225124 0.00577406 0.00269789 0.00380109 0.00615038 0.00881912 0.0110195 0.0120046 0.011431 0.00956263 0.00709941 0.00477091 0.00300712 0.00187396 0.00121636
 1.00422e-16 7.07989e-05 0.000688191 0.00457327 0.0207894 0.0646837 0.137816 0.201149 0.201161 0.137877 0.0648875 0.0213778 0.00604964 0.00390893 0.00618105 0.0100892 0.0144861 0.018129 0.0198019 0.0189414 0.01597 0.0120158 0.0082514 0.00536336 0.00345497 0.0022839
 1.00955e-16 6.6128e-05 0.000642788 0.00427155 0.0194179 0.0604162 0.128724 0.18788 0.187896 0.128804 0.0606868 0.0201994 0.00623319 0.00492462 0.00819668 0.013442 0.0193468 0.0243042 0.0267195 0.0258487 0.0222312 0.0173144 0.0125863 0.00889411 0.00634057 0.00461298
 1.01477e-16 6.58915e-05 0.000640489 0.00425628 0.0193484 0.0602002 0.128263 0.187208 0.187223 0.12834 0.0604586 0.0200949 0.00613073 0.00473446 0.00784694 0.0128833 0.0185868 0.0234429 0.0259491 0.0254023 0.0223006 0.0179788 0.0137892 0.0104713 0.00807793 0.00630589
 1.01064e-16 7.15808e-05 0.000695791 0.00462378 0.021019 0.0653981 0.139338 0.20337 0.20338 0.139388 0.0655677 0.0215091 0.00585425 0.00338296 0.00517801 0.00845476 0.0121903 0.0153661 0.0169934 0.0166132 0.0145581 0.0117133 0.00897484 0.00683195 0.00531492 0.00421277
 1.00117e-16 8.06447e-05 0.000783895 0.00520926 0.0236805 0.073679 0.156981 0.229119 0.22912 0.15699 0.073708 0.0237645 0.00541994 0.00124367 0.000953381 0.00144728 0.00207413 0.00260186 0.00285431 0.00275174 0.00235373 0.00181847 0.00130872 0.000917337 0.000654981 0.000485366
 1.00693e-16 2.68947e-05 0.000261427 0.00173727 0.00789744 0.0245722 0.052356 0.0764284 0.0764919 0.0526661 0.0256131 0.0109023 0.00927333 0.0166909 0.0311651 0.0513109 0.0735161 0.0916129 0.0993343 0.0937919 0.0772447 0.0556782 0.0353779 0.0201168 0.0105516 0.00538208
 1.01036e-16 7.8182e-05 0.000759957 0.00505018 0.0229574 0.0714289 0.152187 0.222122 0.222123 0.152195 0.0714568 0.0230384 0.00525579 0.0012163 0.000966713 0.00153116 0.00232955 0.00320146 0.00403044 0.0047457 0.00532917 0.00576962 0.00601034 0.00595293 0.00552303 0.00474069
 1.01314e-16 5.55333e-05 0.000539804 0.00358719 0.0163068 0.0507368 0.108101 0.157783 0.157813 0.108247 0.0512255 0.0177176 0.00712546 0.00825439 0.0146791 0.0241073 0.0345536 0.0431012 0.0468238 0.0443864 0.036866 0.027074 0.0179373 0.0111738 0.0070179 0.0047862
 1.03457e-16 5.67641e-05 0.000551767 0.00366669 0.0166682 0.0518612 0.110496 0.161277 0.161298 0.110597 0.0521992 0.0176458 0.00612517 0.00593372 0.0103219 0.017088 0.0248727 0.0318187 0.0360446 0.0366365 0.0341204 0.0299776 0.0256363 0.0217706 0.0183267 0.0150088
 1.02914e-16 6.74168e-05 0.000655315 0.0043548 0.0197963 0.0615937 0.131232 0.19154 0.191552 0.131292 0.0617947 0.0203772 0.00581464 0.00384791 0.00614777 0.0101018 0.014652 0.0186512 0.020977 0.0211137 0.0194402 0.0169298 0.0145139 0.0126179 0.0111474 0.0097888
 1.01965e-16 6.6606e-05 0.000647434 0.00430243 0.0195582 0.060853 0.129654 0.189237 0.189253 0.129729 0.0611023 0.0202783 0.0061101 0.00459413 0.00756372 0.0124033 0.0178716 0.0224973 0.0248285 0.024198 0.0211151 0.0169111 0.0129328 0.00991334 0.00788448 0.00649555
 1.06109e-16 2.38058e-05 0.000231401 0.00153774 0.0069904 0.02175 0.0463428 0.0676503 0.0677062 0.0466156 0.0226662 0.00963703 0.00818309 0.0147447 0.0276057 0.0456484 0.0658669 0.0830574 0.0919083 0.0899415 0.0789475 0.063693 0.0490005 0.0374986 0.0293462 0.0234067
 1.05444e-16 6.80871e-05 0.000661831 0.0043981 0.0199931 0.0622061 0.132537 0.193442 0.193447 0.132562 0.0622898 0.020237 0.00501739 0.0020378 0.00275193 0.00462647 0.00708992 0.0098202 0.0125155 0.0150082 0.017281 0.0193081 0.0208755 0.0215823 0.0210532 0.0191904
 1.04855e-16 5.6086e-05 0.000545175 0.00362288 0.0164691 0.0512417 0.109177 0.159352 0.159378 0.109301 0.05166 0.0176771 0.00665418 0.00715934 0.0126088 0.0207349 0.0298198 0.0374201 0.0411036 0.0397926 0.0344346 0.0273902 0.0210289 0.0166088 0.0140879 0.0126766
 1.08021e-16 4.01449e-05 0.000390222 0.00259317 0.0117882 0.0366776 0.0781467 0.114065 0.114099 0.078313 0.0372362 0.0134034 0.00665398 0.00927596 0.0169771 0.0281631 0.0409388 0.0522586 0.0590161 0.0597412 0.0553972 0.0485663 0.0417355 0.0360699 0.0314047 0.0270498
 1.0465e-16 6.86903e-05 0.000667694 0.00443706 0.0201702 0.0627571 0.133711 0.195157 0.195165 0.13375 0.0628882 0.0205498 0.00539368 0.00276899 0.00409781 0.00676692 0.0099799 0.0130551 0.0153422 0.0165434 0.0168531 0.0167396 0.0165546 0.0163027 0.015724 0.014557
 1.02891e-16 6.34759e-05 0.000617009 0.00410024 0.0186391 0.0579933 0.123561 0.180345 0.180364 0.123652 0.0582967 0.0195153 0.00629914 0.00541584 0.00917349 0.0150558 0.0216626 0.027205 0.0299122 0.0289849 0.0250802 0.0198753 0.0150672 0.0115781 0.00942651 0.00811597
 1.07631e-16 2.33347e-05 0.000226822 0.00150731 0.00685207 0.0213196 0.0454257 0.0663113 0.0663648 0.0456873 0.0221983 0.00939119 0.00788508 0.0141635 0.0265322 0.0439317 0.0635277 0.0803948 0.0894969 0.0884719 0.0789738 0.0654229 0.052238 0.0417472 0.0339958 0.0279109
 1.21001e-16 3.14091e-05 0.000305308 0.00202888 0.00922299 0.0286963 0.061141 0.0892408 0.0892585 0.0612276 0.0289884 0.0100734 0.0041889 0.00510453 0.00939276 0.0161252 0.0247418 0.0342982 0.0437816 0.0526509 0.0608966 0.0684672 0.0746131 0.077868 0.0767886 0.0708678
pSPR Fmed_Fpbrs
0.463455   0.2552 0.2552
Fs Fmed_Fpbrs
0.501377   1.005 1.005
SSBpbr Bo_Bmed_Bpbrs
1.58816e+06  656633  325891 325891
Ro
109716
SPR SPRFo_SPRFmed_SPRFpbrs
781001 361959 199312
Fref
1.005
log_Ro
11.4256
likeval ReclasPelacesDesembMPH_pf_preclas_ppelaces_ptallas_desvR_qrecl_qpela
 10.0884 35.7241 0.034096 0.00192604 232.692 103.401 79.8203 0 39.0319 6.03088e-06 0 0.0639239 0 0 0
q_reclas_q_pelaces
1.41623 1
M
1
N
 116145 40841.1 69674.6 7512.34 0.180247
 100945 36385.3 11700.9 19811.8 2135.29
 81265.3 27189.7 8240.56 2611.56 4894.51
 54956.1 21824.1 6129.61 1830.52 1665.98
 36957 9627.65 2530.87 686.514 390.848
 251385 8581.06 1730.71 445.243 189.308
 48011.1 65275.9 1835.79 364.258 133.432
 15528.7 8006.74 7011.32 189.999 51.4042
 28484.9 4703.79 2176.9 1888.97 65.0054
 49447.9 4785.05 510.986 227.944 204.192
 75220.7 6964.84 395.18 40.3419 34.0313
 122077 23596.7 1999.62 112.612 21.1849
 96307.6 25975.8 3703.07 305.847 20.4358
 67746 21282.5 4323.58 601.802 52.9565
 55696.5 9785.26 1827.81 355.389 53.6911
 420073 9521.83 1092.43 196.851 43.9705
 45240 102905 1860.5 209.419 46.1174
 641848 12888.7 25432.3 454.328 62.3603
 343918 183789 3210.58 6261.17 127.122
 256416 91236.5 40651.2 699.32 1390.32
 400565 69175.2 20714.3 9096.12 467.195
 519682 116112 17563 5200.71 2399.59
 65217.2 142214 26954 4020.84 1738.67
 298645 19951.5 39266.1 7378.07 1575.78
 219422 92424.7 5608.71 10949.2 2495.64
 87880.9 67931.2 25996.8 1564.87 3749.55
 261447 27826.3 19788.2 7519.67 1536.61
 304664 80652.5 7783.35 5489.44 2511.17
 47444.7 98268.9 24179.9 2319.12 2383.05
 29805.1 15441.5 29876.6 7309.27 1420.95
pred_Ctot
 11041.1 5828.4 10212.3 1102.66 0.0264587
 17528.4 9193.3 3028.67 5134.69 553.449
 14228.6 6922.99 2149.38 682.046 1278.36
 19306 10338.2 2956.82 883.862 804.455
 8943.01 3295.28 885.404 240.451 136.902
 48083 2371.14 489.636 126.122 53.6282
 17669.9 32149.8 920.203 182.757 66.9493
 1761.26 1353.54 1216.62 33.0151 8.93288
 10414.3 2303.96 1085.27 942.606 32.4397
 20808.5 2629.64 285.275 127.364 114.097
 7094.47 986.41 57.4843 5.87665 4.95776
 34000.1 9151.6 791.694 44.6346 8.39726
 25328.5 9576.76 1394.45 115.301 7.70456
 28005.1 11529.4 2380.04 331.561 29.1775
 20033.1 4727.99 899.073 174.976 26.4362
 91686.6 2969.03 348.442 62.8636 14.0427
 6586.35 22047.3 408.729 46.0685 10.1457
 91776.4 2714.91 5493.58 98.2703 13.4894
 62258.8 48266.9 863.562 1686.24 34.2383
 44325.8 22956.6 10478.8 180.497 358.872
 54744.5 13962.4 4288.37 1885.67 96.8587
 86185.9 28108.5 4356.69 1291.77 596.059
 7048.02 22955.4 4466.65 667.243 288.546
 30393.5 3040.24 6144.02 1156.09 246.932
 22287.3 14057.4 875.964 1712.46 390.347
 7833.2 9110.66 3581.62 215.905 517.363
 27068.1 4310.61 3147.51 1197.77 244.776
 23987 9592.91 951.312 671.917 307.395
 3492.74 10950.3 2769.22 265.988 273.341
 3900.84 2991.54 5937.89 1454.68 282.815
F
 0.160672 0.25002 0.257558 0.257967 0.257989
 0.311742 0.485097 0.499723 0.500517 0.500559
 0.314704 0.489706 0.50447 0.505272 0.505314
 0.741896 1.15445 1.18926 1.19115 1.19125
 0.460198 0.716108 0.737698 0.738871 0.738933
 0.348362 0.542081 0.558425 0.559313 0.55936
 0.79115 1.2311 1.26821 1.27023 1.27034
 0.194321 0.30238 0.311497 0.311992 0.312018
 0.783878 1.21978 1.25656 1.25855 1.25866
 0.960045 1.49391 1.53895 1.5414 1.54153
 0.15932 0.247916 0.255391 0.255797 0.255818
 0.547492 0.851944 0.87763 0.879025 0.879098
 0.509663 0.793079 0.81699 0.818289 0.818357
 0.934888 1.45476 1.49863 1.50101 1.50113
 0.76633 1.19247 1.22843 1.23038 1.23048
 0.406625 0.632743 0.651821 0.652857 0.652911
 0.255632 0.397786 0.409779 0.41043 0.410465
 0.250562 0.389895 0.401651 0.402289 0.402323
 0.32695 0.508761 0.524101 0.524934 0.524977
 0.310156 0.48263 0.497181 0.497971 0.498013
 0.238322 0.370849 0.38203 0.382637 0.382669
 0.295884 0.460421 0.474303 0.475057 0.475097
 0.184418 0.28697 0.295622 0.296092 0.296117
 0.172861 0.268986 0.277096 0.277536 0.27756
 0.172499 0.268422 0.276515 0.276955 0.276978
 0.15 0.233413 0.24045 0.240832 0.240852
 0.17608 0.273996 0.282257 0.282706 0.282729
 0.131502 0.204628 0.210798 0.211133 0.21115
 0.122507 0.190631 0.196379 0.196691 0.196708
 0.227213 0.353563 0.364223 0.364802 0.364833
nmprior
 8 8 7 0
nm_flota  nm_reclas  nm_pelaces    nm_pelaL
inf 15.4444 9.66537 15.2146
cv_recla  cv_pelaces  cv_mph
0.294061 0.703308 1.35437
 ------------------------------------------------
Talla a la edad & desviación 
 8 13.2811 15.8009 17.003 17.5766
 0.8 1.32811 1.58009 1.7003 1.75766
