years
 1991 1992 1993 1994 1995 1996 1997 1998 1999 2000 2001 2002 2003 2004 2005 2006 2007 2008 2009 2010 2011 2012 2013 2014 2015 2016 2017 2018 2019 2020
reclasobs
 0 0 0 0 0 0 0 0 0 252601 567819 844713 477998 351125 339783 2.1784e+06 2.13404e+06 4.81314e+06 1.55562e+06 2.62356e+06 3.21686e+06 3.843e+06 1.13348e+06 3.07943e+06 1.97215e+06 2.03268e+06 2.025e+06 2.42433e+06 2.27542e+06 1.05018e+06
reclaspred
 2.94146e+06 2.31444e+06 1.31433e+06 1.24406e+06 1.59117e+06 1.88327e+06 1.33149e+06 1.35652e+06 1.08477e+06 879094 664704 712341 674834 599902 706209 1.22588e+06 1.82049e+06 2.87102e+06 2.54006e+06 1.93146e+06 3.35288e+06 2.75837e+06 2.75388e+06 3.40916e+06 3.01766e+06 2.87264e+06 2.82158e+06 2.60549e+06 2.89071e+06 2.31912e+06
pelacesobs
 0 0 0 0 0 0 0 0 0 0 0 0 0 0 0 552880 188675 0 991730 2.46772e+06 1.41603e+06 1.21717e+06 2.29649e+06 1.80582e+06 0 1.4828e+06 1.56532e+06 1.57751e+06 1.42118e+06 867257
pelacespred
 1.27551e+06 1.1211e+06 671249 562638 713470 845473 613032 703180 584864 438742 364634 306746 307979 295563 365391 528983 767295 1.29399e+06 1.26388e+06 918860 1.40201e+06 1.37097e+06 1.30853e+06 1.72786e+06 1.57401e+06 1.4211e+06 1.57691e+06 1.50459e+06 1.34082e+06 1.18316e+06
mphobs
 0 0 0 0 0 0 0 0 0 0 0 498337 0 5186 125008 0 168611 109162 213762 579715 649985 157893 87575 83554 0 0 0 0 0 0
mphpred
 2.22342e+06 2.40302e+06 1.40037e+06 825785 1.18389e+06 1.39691e+06 1.37427e+06 931651 1.03428e+06 810570 557753 577451 521460 458838 411750 640309 1.29507e+06 1.61328e+06 2.31582e+06 1.71861e+06 1.91584e+06 2.42669e+06 2.27851e+06 2.15393e+06 2.80554e+06 2.38354e+06 2.06761e+06 2.08492e+06 2.52406e+06 1.98505e+06
desembarqueobs
 494567 514787 250237 358949 120608 361735 552515 73892 212993 205616 52469 317467 293654 387597 252695 516296 358380 742168 942051 627588 828172 859565 418607 520667 417249 300574 407403 355545 319650 289779
desembarquepred
 494519 508156 253274 358854 120557 361792 552537 73967.9 213269 205664 52375.3 317574 293653 388040 252586 516306 358530 742207 941684 627538 828573 859825 418808 520670 417366 300594 407128 355577 319705 289749
Reclutas
 516591 87218.5 114225 348278 257706 238984 144012 122369 80920 90379.2 126076 145282 145240 128087 155094 499070 220384 733835 463435 388598 580872 725105 238727 492381 448622 223222 430465 411092 219055 241025
log_desv_Rt
 0.743737 -1.0351 -0.765349 0.349487 0.0483035 -0.0271175 -0.533618 -0.696477 -1.11005 -0.999501 -0.666629 -0.524835 -0.525126 -0.650804 -0.459481 0.709231 -0.108144 1.09477 0.635151 0.459031 0.861015 1.0828 -0.0281937 0.695738 0.602666 -0.0953482 0.56135 0.515303 -0.114193 -0.0186149
SSB
 2.22342e+06 2.40302e+06 1.40037e+06 825785 1.18389e+06 1.39691e+06 1.37427e+06 931651 1.03428e+06 810570 557753 577451 521460 458838 411750 640309 1.29507e+06 1.61328e+06 2.31582e+06 1.71861e+06 1.91584e+06 2.42669e+06 2.27851e+06 2.15393e+06 2.80554e+06 2.38354e+06 2.06761e+06 2.08492e+06 2.52406e+06 1.98505e+06
BT
 3.91643e+06 3.1678e+06 1.87468e+06 2.09173e+06 2.04973e+06 2.73919e+06 2.08954e+06 2.24049e+06 1.83301e+06 1.39207e+06 1.10372e+06 1.17434e+06 1.21924e+06 1.39887e+06 1.54897e+06 2.29744e+06 2.46933e+06 4.97723e+06 4.58692e+06 3.16663e+06 5.17993e+06 4.79687e+06 3.9538e+06 6.13215e+06 4.61841e+06 4.18139e+06 5.45039e+06 5.04678e+06 3.66946e+06 3.55519e+06
Ftot
 0.159392 0.206879 0.182043 0.271354 0.072303 0.181728 0.384705 0.0521254 0.185904 0.220451 0.0752008 0.413221 0.404076 0.591776 0.335498 0.393434 0.186268 0.243779 0.345737 0.304265 0.233007 0.292314 0.144265 0.145069 0.131363 0.0996315 0.137114 0.129765 0.105219 0.118793
BD_Bspro_t
 0.97482 0.858968 0.725743 0.654763 0.725463 0.79273 0.740537 0.624651 0.730876 0.714459 0.688409 0.762666 0.634181 0.556599 0.510821 0.603778 0.674194 0.706943 0.726652 0.637427 0.621297 0.669395 0.684886 0.707299 0.78021 0.792015 0.803737 0.820959 0.841544 0.809279
BD_Bspro
 1.27202 1.37477 0.801154 0.472432 0.677301 0.799173 0.786219 0.532998 0.591712 0.463727 0.31909 0.33036 0.298327 0.262501 0.235562 0.366321 0.740911 0.922958 1.32488 0.983215 1.09605 1.38831 1.30354 1.23226 1.60505 1.36362 1.18288 1.19278 1.44401 1.13564
BD_Bo
 0.989393 1.06931 0.623147 0.367463 0.526813 0.621607 0.611531 0.414572 0.460241 0.360693 0.248192 0.256958 0.232042 0.204177 0.183223 0.284929 0.57629 0.717888 1.03051 0.764757 0.852523 1.07984 1.01391 0.958468 1.24843 1.06064 0.920059 0.92776 1.12317 0.883318
BD_Brms
 4.20298 4.54247 2.64715 1.561 2.23792 2.64061 2.59781 1.76112 1.95512 1.53224 1.05433 1.09157 0.985725 0.867351 0.778339 1.21039 2.4481 3.04962 4.37765 3.24872 3.62155 4.58722 4.30712 4.07161 5.30337 4.50566 3.90845 3.94116 4.77128 3.75237
Sel_flota
 0.5 1 1 1 1
 0.5 1 1 1 1
 0.5 1 1 1 1
 0.5 1 1 1 1
 0.5 1 1 1 1
 0.5 1 1 1 1
 0.5 1 1 1 1
 0.5 1 1 1 1
 0.5 1 1 1 1
 0.5 1 1 1 1
 0.5 1 1 1 1
 0.5 1 1 1 1
 0.5 1 1 1 1
 0.5 1 1 1 1
 0.5 1 1 1 1
 0.5 1 1 1 1
 0.5 1 1 1 1
 0.5 1 1 1 1
 0.5 1 1 1 1
 0.5 1 1 1 1
 0.5 1 1 1 1
 0.5 1 1 1 1
 0.5 1 1 1 1
 0.5 1 1 1 1
 0.5 1 1 1 1
 0.5 1 1 1 1
 0.5 1 1 1 1
 0.5 1 1 1 1
 0.5 1 1 1 1
 0.5 1 1 1 1
Sel_reclas
 0.5 1 1 1 1
 0.5 1 1 1 1
 0.5 1 1 1 1
 0.5 1 1 1 1
 0.5 1 1 1 1
 0.5 1 1 1 1
 0.5 1 1 1 1
 0.5 1 1 1 1
 0.5 1 1 1 1
 0.5 1 1 1 1
 0.5 1 1 1 1
 0.5 1 1 1 1
 0.5 1 1 1 1
 0.5 1 1 1 1
 0.5 1 1 1 1
 0.5 1 1 1 1
 0.5 1 1 1 1
 0.5 1 1 1 1
 0.5 1 1 1 1
 0.5 1 1 1 1
 0.5 1 1 1 1
 0.5 1 1 1 1
 0.5 1 1 1 1
 0.5 1 1 1 1
 0.5 1 1 1 1
 0.5 1 1 1 1
 0.5 1 1 1 1
 0.5 1 1 1 1
 0.5 1 1 1 1
 0.5 1 1 1 1
Sel_pelaces
 0.5 1 1 1 1
 0.5 1 1 1 1
 0.5 1 1 1 1
 0.5 1 1 1 1
 0.5 1 1 1 1
 0.5 1 1 1 1
 0.5 1 1 1 1
 0.5 1 1 1 1
 0.5 1 1 1 1
 0.5 1 1 1 1
 0.5 1 1 1 1
 0.5 1 1 1 1
 0.5 1 1 1 1
 0.5 1 1 1 1
 0.5 1 1 1 1
 0.5 1 1 1 1
 0.5 1 1 1 1
 0.5 1 1 1 1
 0.5 1 1 1 1
 0.5 1 1 1 1
 0.5 1 1 1 1
 0.5 1 1 1 1
 0.5 1 1 1 1
 0.5 1 1 1 1
 0.5 1 1 1 1
 0.5 1 1 1 1
 0.5 1 1 1 1
 0.5 1 1 1 1
 0.5 1 1 1 1
 0.5 1 1 1 1
pf_obs 
 0.8446 0.082 0.0669 0.0065 0
 0.8095 0.147 0.0364 0.0071 0
 0.9664 0.0169 0.016 0.0007 0
 0.9276 0.0648 0.0075 0.0001 0
 0.7033 0.2144 0.0806 0.0017 0
 0.9318 0.0425 0.0243 0.0014 0
 0.5671 0.3108 0.0964 0.0239 0.0018
 0.0768 0.2599 0.5324 0.112 0.0189
 0.490249 0.384438 0.106611 0.0170017 0.00170017
 0.7925 0.1577 0.0466 0.003 0.0002
 0.840416 0.127587 0.0312969 0.00059994 9.999e-05
 0.8084 0.0986 0.0794 0.0134 0.0002
 0.7335 0.1905 0.0724 0.0035 0.0001
 0.4001 0.4547 0.1325 0.0127 0
 0.49795 0.308269 0.164784 0.0264974 0.00249975
 0.9179 0.0499 0.0305 0.0017 0
 0.2467 0.6533 0.0926 0.0074 0
 0.9418 0.0223 0.034 0.0019 0
 0.707729 0.231977 0.0356964 0.0245975 0
 0.517169 0.277429 0.184464 0.0207286 0.00020938
 0.811772 0.124168 0.05621 0.00726502 0.000585176
 0.764997 0.148141 0.077277 0.00933861 0.000247198
 0.163321 0.427699 0.378323 0.0303852 0.000271297
 0.753843 0.0900009 0.118128 0.0371064 0.000921714
 0.721811 0.176058 0.0630433 0.0369309 0.00215725
 0.143369 0.312575 0.442814 0.0836902 0.0175525
 0.692698 0.0596174 0.167031 0.0765114 0.00414204
 0.394062 0.376323 0.152708 0.0712218 0.00568511
 0.125707 0.32114 0.495352 0.0537591 0.00404204
 0.23352 0.215282 0.420074 0.123614 0.00750983
pf_pred 
 0.609326 0.246953 0.0908491 0.0334215 0.0194505
 0.1656 0.638986 0.123526 0.0454426 0.0264465
 0.378117 0.184582 0.334886 0.0647386 0.0376764
 0.72931 0.152146 0.0351853 0.0638366 0.0195225
 0.499586 0.427296 0.0410973 0.00950417 0.0225168
 0.476417 0.351321 0.147092 0.0141473 0.0110229
 0.388915 0.401847 0.140397 0.0587817 0.0100586
 0.454351 0.321086 0.147672 0.0515936 0.0252977
 0.375796 0.392239 0.136499 0.0627777 0.0326877
 0.49376 0.283454 0.139995 0.0487183 0.0340729
 0.592278 0.275469 0.0740505 0.0365729 0.0216287
 0.568915 0.322502 0.0733624 0.0197209 0.0155001
 0.575535 0.318126 0.0795544 0.018097 0.0086883
 0.553386 0.33674 0.0823479 0.0205929 0.00693345
 0.638996 0.27016 0.0684953 0.0167502 0.00559906
 0.816617 0.14608 0.0279158 0.00707768 0.00230936
 0.408319 0.538047 0.0427243 0.0081646 0.00274545
 0.755835 0.144853 0.0903097 0.00717115 0.00183122
 0.474509 0.456871 0.0407095 0.0253806 0.00253003
 0.489926 0.340283 0.14762 0.0131537 0.00901822
 0.626985 0.252864 0.0801557 0.0347727 0.00522272
 0.612731 0.303141 0.05703 0.018078 0.00902041
 0.292614 0.548564 0.12432 0.0233883 0.0111132
 0.589834 0.190039 0.170704 0.0386863 0.0107363
 0.506435 0.370234 0.0571419 0.0513284 0.0148607
 0.334171 0.453322 0.159407 0.0246028 0.0284981
 0.59018 0.208296 0.137205 0.0482469 0.0160718
 0.517051 0.362185 0.0613799 0.0404311 0.0189532
 0.352673 0.446589 0.150543 0.0255126 0.0246832
 0.460828 0.285309 0.175139 0.0590383 0.0196853
pobs_RECLAS
 0 0 0 0 0
 0 0 0 0 0
 0 0 0 0 0
 0 0 0 0 0
 0 0 0 0 0
 0 0 0 0 0
 0 0 0 0 0
 0 0 0 0 0
 0 0 0 0 0
 0 0 0 0 0
 0.991045 0.00858322 0.000360255 1.14367e-05 0
 0.934742 0.0480273 0.0164251 0.00080598 0
 0.827803 0.169806 0.00239088 0 0
 0.941827 0.0461693 0.0120037 0 0
 0.791401 0.0380133 0.147996 0.0225897 0
 0.846168 0.0940531 0.0597789 0 0
 0.134021 0.677848 0.182769 0.00536245 0
 0.80878 0.0450904 0.141981 0.00414843 0
 0.846168 0.0940531 0.0597789 0 0
 0.905697 0.0802665 0.012482 0.00150086 5.37128e-05
 0.989698 0.0102097 9.19794e-05 0 0
 0.975433 0.0193895 0.00387452 0.00125025 5.28907e-05
 0.303575 0.632131 0.0575291 0.00676475 0
 0.966965 0.00978017 0.0227588 0.000495775 0
 0.843318 0.132988 0.00938335 0.0141283 0.000182051
 0.564624 0.303363 0.111486 0.0197234 0.00080311
 0.826376 0.0876187 0.0782897 0.00655872 0.00115652
 0.89761 0.0855135 0.0140674 0.00269457 0.000114338
 0.34875 0.467042 0.161289 0.0227151 0.000203297
 0.318654 0.224769 0.449479 0.00709798 0
ppred_RECLAS
 0.611058 0.245858 0.0904461 0.0332733 0.0193643
 0.16695 0.637951 0.123326 0.045369 0.0264037
 0.380104 0.183992 0.333816 0.0645318 0.037556
 0.731925 0.150676 0.0348453 0.0632198 0.0193339
 0.500366 0.42663 0.0410332 0.00948936 0.0224817
 0.478518 0.349911 0.146501 0.0140905 0.0109786
 0.393703 0.398698 0.139297 0.0583212 0.00997984
 0.4549 0.320763 0.147523 0.0515417 0.0252722
 0.377825 0.390964 0.136055 0.0625737 0.0325815
 0.496377 0.281988 0.139272 0.0484664 0.0338967
 0.593063 0.274939 0.073908 0.0365026 0.021587
 0.574285 0.318484 0.0724485 0.0194753 0.015307
 0.580739 0.314225 0.078579 0.0178751 0.00858177
 0.561874 0.33034 0.0807828 0.0202015 0.00680168
 0.642921 0.267223 0.0677506 0.0165681 0.00553819
 0.81969 0.143632 0.027448 0.00695907 0.00227066
 0.410412 0.536143 0.0425731 0.00813571 0.00273573
 0.757996 0.143571 0.0895105 0.0071077 0.00181502
 0.478919 0.453037 0.0403679 0.0251677 0.0025088
 0.493723 0.33775 0.146521 0.0130558 0.0089511
 0.629589 0.251099 0.0795961 0.0345299 0.00518626
 0.616164 0.300453 0.0565244 0.0179177 0.00894044
 0.293968 0.547515 0.124082 0.0233436 0.011092
 0.591423 0.189303 0.170043 0.0385365 0.0106948
 0.507909 0.369129 0.0569713 0.0511751 0.0148163
 0.335146 0.452658 0.159173 0.0245668 0.0284564
 0.591674 0.207537 0.136705 0.0480711 0.0160133
 0.518503 0.361096 0.0611954 0.0403095 0.0188962
 0.353733 0.445857 0.150296 0.0254709 0.0246428
 0.462142 0.284614 0.174712 0.0588944 0.0196373
pobs_PELACES
 0 0 0 0 0
 0 0 0 0 0
 0 0 0 0 0
 0 0 0 0 0
 0 0 0 0 0
 0 0 0 0 0
 0 0 0 0 0
 0 0 0 0 0
 0 0 0 0 0
 0 0 0 0 0
 0 0 0 0 0
 0 0 0 0 0
 0 0 0 0 0
 0 0 0 0 0
 0 0 0 0 0
 0 0 0 0 0
 0.505614 0.472636 0.0217494 0 0
 0 0 0 0 0
 0.443492 0.261883 0.143347 0.151278 0
 0.227955 0.32914 0.350689 0.0885471 0.00366901
 0.970185 0.0296113 0.000203453 0 0
 0.997202 0.00247181 0.000326279 0 0
 0.445219 0.490057 0.0546422 0.010081 0
 0.90214 0.0892962 0.00764917 0.000914606 0
 0 0 0 0 0
 0.581667 0.319106 0.0959925 0.00289975 0.000334073
 0.762889 0.0836404 0.116647 0.0363945 0.000428098
 0.88444 0.0763242 0.0277011 0.0115352 0
 0.521256 0.241999 0.230069 0.00667565 0
 0.616807 0.101726 0.260614 0.0208532 0
ppred_PELACES
 0.61729 0.241919 0.0889969 0.0327401 0.019054
 0.171752 0.634274 0.122615 0.0451075 0.0262515
 0.387206 0.181884 0.329992 0.0637924 0.0371257
 0.740619 0.145789 0.0337153 0.0611697 0.0187069
 0.503348 0.424083 0.0407883 0.00943272 0.0223475
 0.486005 0.344888 0.144398 0.0138882 0.010821
 0.408953 0.38867 0.135794 0.0568543 0.00972882
 0.457034 0.319507 0.146946 0.0513399 0.0251733
 0.385062 0.386417 0.134473 0.0618458 0.0322025
 0.50547 0.276897 0.136757 0.0475913 0.0332847
 0.596054 0.272919 0.0733647 0.0362343 0.0214284
 0.590864 0.306081 0.0696271 0.0187168 0.0147109
 0.59688 0.302128 0.0755539 0.0171869 0.00825139
 0.585748 0.312339 0.0763809 0.0191007 0.00643105
 0.655526 0.257789 0.0653589 0.0159832 0.00534268
 0.829087 0.136147 0.0260176 0.00659642 0.00215234
 0.417869 0.529362 0.0420347 0.00803281 0.00270113
 0.765297 0.139239 0.0868098 0.00689324 0.00176025
 0.493168 0.440648 0.039264 0.0244794 0.00244019
 0.506273 0.329377 0.142889 0.0127321 0.0087292
 0.638509 0.245052 0.0776792 0.0336984 0.00506137
 0.627506 0.291575 0.0548543 0.0173883 0.00867627
 0.298932 0.543665 0.123209 0.0231795 0.011014
 0.597194 0.186629 0.167642 0.0379922 0.0105437
 0.513325 0.365066 0.0563442 0.0506119 0.0146532
 0.338818 0.450157 0.158294 0.0244311 0.0282992
 0.597128 0.204765 0.134879 0.047429 0.0157994
 0.523847 0.357088 0.0605163 0.0398622 0.0186866
 0.357712 0.443112 0.149371 0.025314 0.024491
 0.467018 0.282034 0.173128 0.0583605 0.0194593
pobs_pel_tallas
 0 0 0 0 0 0 0 0 0 0 0 0 0 0 0 0 0 0 0 0 0 0 0 0 0 0
 0 0 0 0 0 0 0 0 0 0 0 0 0 0 0 0 0 0 0 0 0 0 0 0 0 0
 0 0 0 0 0 0 0 0 0 0 0 0 0 0 0 0 0 0 0 0 0 0 0 0 0 0
 0 0 0 0 0 0 0 0 0 0 0 0 0 0 0 0 0 0 0 0 0 0 0 0 0 0
 0 0 0 0 0 0 0 0 0 0 0 0 0 0 0 0 0 0 0 0 0 0 0 0 0 0
 0 0 0 0 0 0 0 0 0 0 0 0 0 0 0 0 0 0 0 0 0 0 0 0 0 0
 0 0 0 0 0 0 0 0 0 0 0 0 0 0 0 0 0 0 0 0 0 0 0 0 0 0
 0 0 0 0 0 0 0 0 0 0 0 0 0 0 0 0 0 0 0 0 0 0 0 0 0 0
 0 0 0 0 0 0 0 0 0 0 0 0 0 0 0 0 0 0 0 0 0 0 0 0 0 0
 0 0 0 0 0 0 0 0 0 0 0 0 0 0 0 0 0 0 0 0 0 0 0 0 0 0
 0 0 0 0 0 0 0 0 0 0 0 0 0 0 0 0 0 0 0 0 0 0 0 0 0 0
 0 0 0 0 0 0 0 0 0 0 0 0 0 0 0 0 0 0 0 0 0 0 0 0 0 0
 0.00862536 0 0 0.000197151 0.00414017 0.0128641 0.00837892 0.0270097 0.101434 0.158115 0.152841 0.127902 0.109271 0.109419 0.0830992 0.0579132 0.0238553 0.00714673 0.00463305 0.00128148 0.00103504 0.000492878 0.000147863 0.000147863 4.92878e-05 0
 0 0 0 0 0 0 0 0 0 0 0 0 0 0 0 0 0 0 0 0 0 0 0 0 0 0
 0 0 0 0 0 0 0 0.0054083 0.00873648 0.0413646 0.0450493 0.0745869 0.0622846 0.0627006 0.0613931 0.0827291 0.12552 0.122667 0.0946155 0.0697135 0.0546179 0.0294188 0.0215738 0.0213955 0.0102223 0.00600262
 0 0 0 0 0.00359764 0.0251062 0.0480494 0.140153 0.205849 0.193036 0.1447 0.116669 0.0760912 0.0342217 0.00950174 0.001854 0.000860785 0 0 0 0.000165536 0 0.000143464 0 0 0
 0 0 0 0 0 0 0 0.000145254 0.000435761 0.0275982 0.070085 0.0708112 0.156366 0.174668 0.174014 0.160142 0.0824315 0.0480064 0.0283245 0.00493863 0.00203355 0 0 0 0 0
 0 0 0 0 0 0 0 0 0 0 0 0 0 0 0 0 0 0 0 0 0 0 0 0 0 0
 0 0 1.00437e-05 0.000401748 0.00122533 0.00171747 0.00176769 0.0269171 0.070346 0.194647 0.189555 0.159765 0.064822 0.0314167 0.0384472 0.0292271 0.0345202 0.0313363 0.0194345 0.0106764 0.0143323 0.0359363 0.0279516 0.0138201 0.00172751 0
 0 0.0021121 0.0136068 0.0755702 0.200478 0.177729 0.0527432 0.0373336 0.0318909 0.0142505 0.0149659 0.0166563 0.0217959 0.0798694 0.0677717 0.0528807 0.04013 0.0224614 0.0357745 0.0225083 0.00881397 0.00855152 0.00135912 0.000746735 0 0
 0 0 0 0 5.4009e-05 0.00500934 0.000945158 0.0243581 0.138947 0.33067 0.221406 0.137944 0.0707744 0.0437923 0.0131692 0.00525238 0.0047753 0.00276346 9.45158e-05 9.00151e-06 2.25038e-05 9.00151e-06 4.50075e-06 0 0 0
 0.000866109 0.00284123 0.00948549 0.0512746 0.133035 0.25785 0.225252 0.132002 0.0553304 0.0519788 0.0540692 0.017754 0.00435017 0.00159236 0.00146478 0.000404838 0.000125132 0.000115318 0.000107957 0.000100596 0 0 0 0 0 0
 0 0 0 0 0.00144013 0.00171154 0.00461396 0.0210425 0.0478622 0.0707936 0.0888783 0.103762 0.0637923 0.0337046 0.0602308 0.124433 0.169614 0.0934646 0.0462172 0.0250306 0.0313229 0.00938855 0.002487 0.000210481 0 0
 0 0.00764035 0.051015 0.0998891 0.058973 0.0496711 0.0374665 0.0718981 0.12319 0.153886 0.159021 0.0857701 0.0377988 0.023471 0.0147837 0.00900784 0.00315554 0.000888139 0.00291439 0.00214683 0.00393193 0.00274676 0.000635225 9.99891e-05 0 0
 0 0 0 0 0 0 0 0 0 0 0 0 0 0 0 0 0 0 0 0 0 0 0 0 0 0
 0 0 0 0 0 0 0 0 0 0 0 0 0 0 0 0 0 0 0 0 0 0 0 0 0 0
 0 0 0 0 0 0 0 0 0 0 0 0 0 0 0 0 0 0 0 0 0 0 0 0 0 0
 0 0 0 0 0 0 0 0 0 0 0 0 0 0 0 0 0 0 0 0 0 0 0 0 0 0
 0 0 0 0 0 0 0 0 0 0 0 0 0 0 0 0 0 0 0 0 0 0 0 0 0 0
 0 0 0 0 0 0 0 0 0 0 0 0 0 0 0 0 0 0 0 0 0 0 0 0 0 0
ppred_pel_tallas
 1.09139e-16 5.08454e-05 0.000494236 0.00328437 0.0149303 0.0464538 0.0989756 0.144463 0.144486 0.09909 0.0468384 0.0160424 0.00608065 0.00661472 0.0117228 0.0194269 0.0282825 0.0362119 0.0411315 0.0421003 0.0398471 0.036177 0.0327516 0.0302227 0.0282426 0.0260792
 1.12667e-16 1.41471e-05 0.000137515 0.000913838 0.00415421 0.0129256 0.0275417 0.0402107 0.0402719 0.0278407 0.01393 0.00705591 0.00820075 0.0160559 0.0302788 0.0501226 0.0724135 0.0915201 0.101709 0.100366 0.0895348 0.0744596 0.0603326 0.0498077 0.0427246 0.037478
 1.2225e-16 3.18937e-05 0.000310018 0.00206018 0.0093653 0.029139 0.0620844 0.0906178 0.0906358 0.0621727 0.029437 0.0102325 0.00426114 0.00519522 0.00954658 0.0163528 0.0250097 0.0345109 0.043788 0.0522872 0.0600594 0.0671826 0.0730687 0.0763839 0.0757313 0.070536
 1.10311e-16 6.10038e-05 0.000592979 0.00394055 0.0179132 0.0557347 0.118749 0.173321 0.173335 0.118818 0.0559661 0.0185824 0.00562285 0.00427408 0.00707873 0.0116798 0.017004 0.021801 0.0248737 0.0257573 0.0250239 0.0238774 0.0233447 0.0236842 0.0243797 0.0245851
 1.06014e-16 4.14602e-05 0.000403008 0.00267813 0.0121744 0.0378794 0.0807075 0.117804 0.117844 0.0809071 0.0385494 0.0141094 0.0075339 0.0109991 0.0201535 0.0332221 0.0477861 0.0599579 0.0658113 0.0635615 0.054651 0.0428001 0.031805 0.0237805 0.0188531 0.0159871
 1.0748e-16 4.00317e-05 0.000389122 0.00258586 0.0117549 0.0365742 0.0779264 0.113743 0.113776 0.0780896 0.0371227 0.0133411 0.00657464 0.0091205 0.0166922 0.027714 0.0403418 0.0516104 0.058489 0.0595306 0.0556387 0.0492662 0.0427508 0.0371506 0.0322761 0.0275014
 1.11367e-16 3.3685e-05 0.00032743 0.00217589 0.00989131 0.0307757 0.0655723 0.0957126 0.0957502 0.0657561 0.0313933 0.0116769 0.00666514 0.010151 0.0187601 0.031145 0.0452979 0.0578894 0.0655376 0.0666915 0.0624941 0.0558433 0.0494463 0.0444333 0.0403671 0.0362124
 1.13731e-16 3.76454e-05 0.000365926 0.00243171 0.0110542 0.0343939 0.0732811 0.106962 0.106993 0.0734325 0.0349029 0.0125265 0.00613605 0.0084817 0.0155374 0.0258551 0.0377819 0.0486608 0.0558005 0.0579772 0.0560979 0.052399 0.0488604 0.0461265 0.0435993 0.0403042
 1.15632e-16 3.17172e-05 0.000308302 0.00204878 0.00931347 0.0289779 0.0617418 0.0901218 0.0901592 0.0619246 0.029592 0.0110892 0.00651353 0.0100797 0.0186634 0.0310011 0.0451256 0.0577581 0.0655832 0.0671215 0.0635753 0.0578703 0.0526869 0.0490532 0.0463503 0.0433093
 1.14423e-16 4.1635e-05 0.000404707 0.00268942 0.0122257 0.0380389 0.0810469 0.118296 0.118323 0.0811783 0.0384804 0.013503 0.005904 0.00745057 0.0135073 0.0224874 0.0329193 0.0425263 0.0490142 0.0513559 0.0503487 0.047905 0.04567 0.0440948 0.0425388 0.04005
 1.09448e-16 4.90962e-05 0.000477233 0.00317138 0.0144167 0.0448557 0.0955708 0.139494 0.13952 0.0956997 0.0452887 0.0156682 0.00631629 0.0073542 0.0131445 0.0217459 0.0315451 0.0401546 0.0451837 0.0455668 0.0421886 0.0372212 0.0327193 0.0295806 0.0274895 0.025578
 1.06455e-16 4.86687e-05 0.000473077 0.00314377 0.0142911 0.0444652 0.0947388 0.13828 0.13831 0.0948832 0.0449501 0.0156925 0.00666376 0.00816495 0.0146798 0.024252 0.0350749 0.0444143 0.0495141 0.0491112 0.044168 0.0371657 0.0305487 0.0255471 0.0220658 0.0193531
 1.05378e-16 4.91642e-05 0.000477894 0.00317577 0.0144366 0.0449179 0.0957033 0.139688 0.139717 0.0958459 0.0453968 0.0158206 0.00665228 0.00807596 0.0145053 0.0239706 0.0346861 0.0439561 0.0490573 0.0487262 0.0438791 0.0369191 0.0302177 0.0249755 0.0211309 0.0180189
 1.05288e-16 4.82474e-05 0.000468982 0.00311655 0.0141674 0.0440802 0.0939186 0.137083 0.137113 0.094066 0.0445752 0.0155979 0.00670994 0.00832209 0.0149884 0.0247698 0.0358353 0.0453965 0.0506348 0.0502416 0.0451656 0.0378959 0.030892 0.0254045 0.0213777 0.01813
 1.0446e-16 5.39949e-05 0.000524849 0.00348781 0.0158551 0.0493312 0.105106 0.153411 0.153436 0.105228 0.0497399 0.017036 0.00645446 0.00700885 0.0123912 0.0204597 0.0296085 0.0375297 0.0418996 0.0416391 0.037526 0.0316032 0.0258849 0.0213882 0.0180592 0.0153376
 1.01812e-16 6.82908e-05 0.000663811 0.00441126 0.0200529 0.0623922 0.132934 0.194023 0.194036 0.132998 0.0626077 0.0206756 0.00597481 0.00407891 0.00655965 0.0107507 0.0155138 0.0195797 0.0217019 0.0213042 0.0188127 0.0153478 0.012034 0.00947041 0.00766928 0.00633905
 1.02612e-16 3.44194e-05 0.000334569 0.00222333 0.010107 0.0314468 0.0670027 0.0978031 0.0978541 0.0672517 0.0322828 0.0125208 0.00827967 0.0135467 0.0251005 0.0413727 0.0594331 0.0743954 0.0812975 0.0778457 0.0657926 0.04978 0.034616 0.0230904 0.0155754 0.0110129
 1.0353e-16 6.30366e-05 0.000612738 0.00407186 0.0185101 0.0575918 0.122706 0.179096 0.179109 0.122772 0.0578142 0.0191537 0.00569236 0.00416683 0.00686122 0.0113688 0.0166626 0.0215584 0.0248696 0.0260108 0.0252753 0.0235054 0.0214533 0.0193806 0.0171428 0.0145514
 1.04114e-16 4.06217e-05 0.000394858 0.00262397 0.0119282 0.0371133 0.0790754 0.115422 0.115464 0.0792828 0.0378094 0.0139385 0.00766853 0.0114023 0.0209315 0.0345033 0.0496163 0.0622247 0.0682371 0.0657826 0.0563396 0.0437521 0.0319488 0.0231281 0.0174535 0.0139187
 1.06962e-16 4.17011e-05 0.000405349 0.00269369 0.0122451 0.0380994 0.0811759 0.118485 0.118517 0.0813319 0.0386234 0.0137605 0.00650473 0.00874872 0.015957 0.0264957 0.0385859 0.0493994 0.0560452 0.0571369 0.0535209 0.0475117 0.0413103 0.035906 0.0311191 0.0263788
 1.06541e-16 5.25932e-05 0.000511225 0.00339727 0.0154435 0.0480506 0.102378 0.149428 0.149452 0.102494 0.0484397 0.0165684 0.0062246 0.00669598 0.0118361 0.0195835 0.028441 0.0362659 0.0409067 0.0413778 0.0384124 0.0338753 0.0295313 0.0261546 0.0235135 0.0209664
 1.0487e-16 5.16869e-05 0.000502415 0.00333872 0.0151774 0.0472226 0.100614 0.146855 0.146883 0.100751 0.0476842 0.016511 0.00668748 0.007817 0.013956 0.0230238 0.0332416 0.0419737 0.0465677 0.0458064 0.0406196 0.0334186 0.0266093 0.0214492 0.0179159 0.0153233
 1.07883e-16 2.46228e-05 0.000239342 0.00159052 0.00723028 0.0224964 0.0479328 0.0699704 0.0700229 0.0481893 0.0233576 0.00971888 0.00784084 0.0138958 0.0259959 0.0430293 0.0621972 0.0786629 0.0874901 0.0863791 0.0769869 0.0636941 0.0508721 0.0408104 0.0335149 0.0278576
 1.1048e-16 4.91901e-05 0.000478145 0.00317744 0.0144442 0.0449414 0.0957531 0.139758 0.139776 0.0958422 0.0452414 0.0153136 0.00537086 0.00530378 0.00932387 0.0156244 0.0231778 0.0305642 0.0363379 0.0397976 0.0412833 0.0416829 0.0415925 0.040879 0.0389444 0.0353421
 1.09275e-16 4.2282e-05 0.000410996 0.00273121 0.0124157 0.0386301 0.0823068 0.120137 0.120172 0.0824789 0.0392079 0.0140849 0.0069225 0.00956544 0.0174433 0.0288125 0.0416081 0.0525679 0.0584143 0.0576918 0.0516506 0.0433806 0.0359017 0.0306897 0.0275072 0.0252271
 1.11923e-16 2.79081e-05 0.000271277 0.00180273 0.00819499 0.0254979 0.0543275 0.0793018 0.0793453 0.0545404 0.026213 0.0102623 0.00699961 0.0116411 0.0216949 0.0360149 0.0523312 0.0667618 0.0753432 0.0762305 0.0707194 0.0621898 0.0538755 0.0472554 0.0420227 0.037135
 1.11375e-16 4.91847e-05 0.000478093 0.00317709 0.0144426 0.0449365 0.0957426 0.139743 0.139763 0.09584 0.045264 0.0153911 0.00556695 0.00572493 0.0101018 0.0168544 0.0248218 0.0323738 0.0378701 0.0405593 0.04095 0.0402712 0.0394858 0.0386899 0.0372857 0.0346166
 1.08998e-16 4.31486e-05 0.00041942 0.00278719 0.0126702 0.0394219 0.0839938 0.122599 0.122633 0.0841621 0.0399872 0.0143033 0.00688816 0.00937734 0.0170727 0.0282026 0.0407377 0.0514873 0.0572426 0.0565698 0.0506741 0.0425582 0.0351645 0.0299451 0.0266977 0.0243624
 1.11108e-16 2.94644e-05 0.000286404 0.00190326 0.00865196 0.0269197 0.0573568 0.0837229 0.0837658 0.0575663 0.0276234 0.0106862 0.00701644 0.0114715 0.0213396 0.0354095 0.0514223 0.0655415 0.0738531 0.0745353 0.0688726 0.0602182 0.0517947 0.045099 0.0398584 0.0350555
 1.14215e-16 3.84677e-05 0.00037392 0.00248483 0.0112957 0.0351452 0.0748817 0.109298 0.109325 0.0750157 0.035596 0.0126005 0.00577124 0.00758541 0.0138444 0.0231164 0.0339799 0.044178 0.051418 0.0546443 0.0545698 0.0529461 0.0512011 0.0495863 0.0473793 0.0437249
pSPR Fmed_Fpbrs
0.737062   0.285403 0.285403
Fs Fmed_Fpbrs
0.192515   1.005 1.005
SSBpbr Bo_Bmed_Bpbrs
2.24726e+06  1.54401e+06  529011 529011
Ro
245553
SPR SPRFo_SPRFmed_SPRFpbrs
1.74795e+06 1.28834e+06 498869
Fref
1.005
log_Ro
12.2313
likeval ReclasPelacesDesembMPH_pf_preclas_ppelaces_ptallas_desvR_qrecl_qpela
 30.6549 19.1181 1.61487 0.00348094 244.13 125.185 80.9038 0 17.5822 0 0 8.30666 0 0 0
q_reclas_q_pelaces
1 1
M
1
N
 516591 108150 39786 14636.4 8518.07
 87218.5 175485 33924 12479.9 7263.03
 114225 28932.8 52492.8 10147.7 5905.7
 348278 38364.9 8872.29 16097 4922.79
 257706 111869 10759.5 2488.25 5895.03
 238984 91438.5 38283.6 3682.11 2868.92
 144012 80281 28048.6 11743.4 2009.52
 122369 43708.6 20102.2 7023.3 3443.7
 80920 43858.8 15262.8 7019.58 3655.02
 90379.2 27126.4 13397.5 4662.33 3260.77
 126076 29778.5 8004.94 3953.57 2338.08
 145282 44669.2 10161.3 2731.52 2146.9
 145240 43469.9 10870.6 2472.84 1187.2
 128087 43656.4 10675.9 2669.76 898.883
 155094 35051.6 8886.86 2173.23 726.446
 499070 48244.6 9219.53 2337.49 762.694
 220384 150811 11975.4 2288.49 769.532
 733835 73864.8 46051.5 3656.78 933.792
 463435 238984 21294.7 13276.3 1323.43
 388598 143423 62218.9 5544.02 3801.01
 580872 122782 38920.9 16884.5 2535.98
 725105 190191 35780.6 11342.1 5659.41
 238727 230479 52232.9 9826.6 4669.21
 492381 81711 73397.9 16634 4616.31
 448622 168463 26000.6 23355.4 6761.89
 223222 154547 54345.1 8387.62 9715.62
 430465 78128.2 51463.2 18096.6 6028.27
 411092 147866 25059.1 16506.5 7737.89
 219055 141732 47776.9 8096.82 7833.58
 241025 76455.7 46932.8 15820.8 5275.17
pred_Ctot
 25178.2 10204.5 3754.01 1381.02 803.724
 5463.87 21083 4075.66 1499.35 872.588
 6328.8 3089.47 5605.22 1083.57 630.615
 28243.4 5892.03 1362.59 2472.15 756.034
 5801.09 4961.67 477.213 110.36 261.46
 13219.2 9748.2 4081.39 392.548 305.854
 16181.1 16719.2 5841.34 2445.66 418.498
 1994.2 1409.29 648.151 226.451 111.035
 4574.97 4775.16 1661.75 764.261 397.943
 6016.55 3453.93 1705.87 593.64 415.184
 2950.01 1372.05 368.829 182.162 107.728
 17433.6 9882.6 2248.08 604.32 474.979
 17074.1 9437.7 2360.11 536.875 257.752
 21242.6 12926.3 3161.06 790.494 266.152
 15349.1 6489.43 1645.31 402.351 134.494
 57246.9 10240.6 1956.97 496.163 161.892
 12483.3 16449.4 1306.18 249.611 83.9348
 53764 10303.7 6423.9 510.098 130.258
 47166.4 45413.1 4046.54 2522.84 251.486
 35099.5 24378.7 10575.8 942.361 646.087
 40766.2 16441.1 5211.68 2260.9 339.579
 63074.4 31205.2 5870.66 1860.95 928.559
 10563.9 19804.2 4488.18 844.363 401.208
 21906.2 7057.95 6339.88 1436.79 398.742
 18124.8 13250.3 2045.05 1836.99 531.849
 6884.97 9339.86 3284.28 506.895 587.151
 18131.1 6399.11 4215.11 1482.21 493.747
 16412 11496.3 1948.29 1283.35 601.604
 7127.12 9025.06 3042.3 515.582 498.82
 8828.77 5466.09 3355.39 1131.08 377.14
F
 0.0796961 0.159392 0.159392 0.159392 0.159392
 0.10344 0.206879 0.206879 0.206879 0.206879
 0.0910217 0.182043 0.182043 0.182043 0.182043
 0.135677 0.271354 0.271354 0.271354 0.271354
 0.0361515 0.072303 0.072303 0.072303 0.072303
 0.090864 0.181728 0.181728 0.181728 0.181728
 0.192353 0.384705 0.384705 0.384705 0.384705
 0.0260627 0.0521254 0.0521254 0.0521254 0.0521254
 0.0929522 0.185904 0.185904 0.185904 0.185904
 0.110225 0.220451 0.220451 0.220451 0.220451
 0.0376004 0.0752008 0.0752008 0.0752008 0.0752008
 0.206611 0.413221 0.413221 0.413221 0.413221
 0.202038 0.404076 0.404076 0.404076 0.404076
 0.295888 0.591776 0.591776 0.591776 0.591776
 0.167749 0.335498 0.335498 0.335498 0.335498
 0.196717 0.393434 0.393434 0.393434 0.393434
 0.0931339 0.186268 0.186268 0.186268 0.186268
 0.12189 0.243779 0.243779 0.243779 0.243779
 0.172868 0.345737 0.345737 0.345737 0.345737
 0.152133 0.304265 0.304265 0.304265 0.304265
 0.116503 0.233006 0.233007 0.233007 0.233007
 0.146157 0.292314 0.292314 0.292314 0.292314
 0.0721323 0.144265 0.144265 0.144265 0.144265
 0.0725343 0.145069 0.145069 0.145069 0.145069
 0.0656815 0.131363 0.131363 0.131363 0.131363
 0.0498157 0.0996315 0.0996315 0.0996315 0.0996315
 0.068557 0.137114 0.137114 0.137114 0.137114
 0.0648826 0.129765 0.129765 0.129765 0.129765
 0.0526096 0.105219 0.105219 0.105219 0.105219
 0.0593965 0.118793 0.118793 0.118793 0.118793
nmprior
 8 8 7 0
nm_flota  nm_reclas  nm_pelaces    nm_pelaL
inf 6.92226 7.64904 11.4902
cv_recla  cv_pelaces  cv_mph
0.512598 0.514501 1.82076
 ------------------------------------------------
Talla a la edad & desviación 
 8 13.2811 15.8009 17.003 17.5766
 0.8 1.32811 1.58009 1.7003 1.75766
