    unsorted:	 2.473666459e-05 -3.445950319e-06 0.001099978870 13.36097227 15.67119253 17.15422725 3.886145624 73.15710695 79.79484036 96.65688220 120.8852198 186.0224266 217.6793640 301.2161673 323.3720829 415.5291314 393.7078567 442.2700035 568.5050418 541.6803376 625.6490617 702.4985420 792.9735206 816.7346510 909.9863895 893.9742061 862.1174563 937.9314138 957.9453083 990.0781852 1045.643740 1069.607516 1121.684377 1187.335686 1286.963501 1341.963437 1350.815402 1398.428357 1520.845985 1692.739691 1900.260107 3718.363207 19577.44896 32124.09348 277170.8606 282931.2265 269983.8837 267079.0819 254692.9364 245422.7390 301293.3828 310294.2942 161734.5018 409060.7616 495260.4611 675556.2573 721774.5957 755508.6195 794707.0591 957464.5501 1349991.037 1579947.212 1720820.078 1815630.926 2146507.792 2382349.771 2631192.746 2772615.690 3023765.525 3112216.024 3171320.592 3867348.945 4088055.982 5695023.204 283734340.6
      sorted:	 -3.445950319e-06 2.473666459e-05 0.001099978870 3.886145624 13.36097227 15.67119253 17.15422725 73.15710695 79.79484036 96.65688220 120.8852198 186.0224266 217.6793640 301.2161673 323.3720829 393.7078567 415.5291314 442.2700035 541.6803376 568.5050418 625.6490617 702.4985420 792.9735206 816.7346510 862.1174563 893.9742061 909.9863895 937.9314138 957.9453083 990.0781852 1045.643740 1069.607516 1121.684377 1187.335686 1286.963501 1341.963437 1350.815402 1398.428357 1520.845985 1692.739691 1900.260107 3718.363207 19577.44896 32124.09348 161734.5018 245422.7390 254692.9364 267079.0819 269983.8837 277170.8606 282931.2265 301293.3828 310294.2942 409060.7616 495260.4611 675556.2573 721774.5957 755508.6195 794707.0591 957464.5501 1349991.037 1579947.212 1720820.078 1815630.926 2146507.792 2382349.771 2631192.746 2772615.690 3023765.525 3112216.024 3171320.592 3867348.945 4088055.982 5695023.204 283734340.6
