    unsorted:	 1.152031103e-05 0.001099984541 13.75659503 1.952134018 15.47628323 16.55149121 6.746263566 44.51081943 61.23562709 93.93521078 121.4468682 220.7979312 248.0331867 281.3836036 306.2246845 329.0544675 372.0734710 394.2372587 452.3126006 561.0087674 547.1483076 592.0480945 636.2846543 662.4680656 680.4327636 694.3364198 700.1700817 739.7930642 781.8335397 793.4258578 838.4491016 866.3843276 887.4250597 947.9766286 968.6537235 1046.439068 1073.593859 1112.847513 1145.884618 1164.346600 1445.688487 1672.778618 6091.853220 32986.19849 156349.9873 160263.9599 231204.8522 233710.0154 223980.5250 262622.3202 266660.5755 290957.4559 288708.6676 298031.1749 313365.5305 354161.9012 374377.4507 404082.0963 449914.4002 650534.6392 1144378.878 1256463.494 1503372.694 1722949.782 2099857.186 2261037.759 2535499.958 2828554.786 2977461.909 3335459.543 3751127.475 4200562.805 4699905.897 4923714.396 10303179.44
      sorted:	 1.152031103e-05 0.001099984541 1.952134018 6.746263566 13.75659503 15.47628323 16.55149121 44.51081943 61.23562709 93.93521078 121.4468682 220.7979312 248.0331867 281.3836036 306.2246845 329.0544675 372.0734710 394.2372587 452.3126006 547.1483076 561.0087674 592.0480945 636.2846543 662.4680656 680.4327636 694.3364198 700.1700817 739.7930642 781.8335397 793.4258578 838.4491016 866.3843276 887.4250597 947.9766286 968.6537235 1046.439068 1073.593859 1112.847513 1145.884618 1164.346600 1445.688487 1672.778618 6091.853220 32986.19849 156349.9873 160263.9599 223980.5250 231204.8522 233710.0154 262622.3202 266660.5755 288708.6676 290957.4559 298031.1749 313365.5305 354161.9012 374377.4507 404082.0963 449914.4002 650534.6392 1144378.878 1256463.494 1503372.694 1722949.782 2099857.186 2261037.759 2535499.958 2828554.786 2977461.909 3335459.543 3751127.475 4200562.805 4699905.897 4923714.396 10303179.44
