years
 1991 1992 1993 1994 1995 1996 1997 1998 1999 2000 2001 2002 2003 2004 2005 2006 2007 2008 2009 2010 2011 2012 2013 2014 2015 2016 2017 2018 2019 2020
reclasobs
 0 0 0 0 0 0 0 0 0 252601 567819 844713 477998 351125 339783 2.1784e+06 2.13404e+06 4.81314e+06 1.55562e+06 2.62356e+06 3.21686e+06 3.843e+06 1.13348e+06 3.07943e+06 1.97215e+06 2.03268e+06 2.025e+06 2.42433e+06 2.27542e+06 1.05018e+06
reclaspred
 2.98924e+06 1.64592e+06 826906 741035 690099 1.20588e+06 676558 577647 430872 320173 452905 616276 604206 449991 445515 1.36561e+06 1.26834e+06 2.99783e+06 2.47597e+06 1.87275e+06 3.31309e+06 2.65216e+06 2.03377e+06 3.1469e+06 2.32614e+06 2.02629e+06 2.48971e+06 2.70083e+06 2.15741e+06 1.27761e+06
pelacesobs
 0 0 0 0 0 0 0 0 0 0 0 0 0 0 0 552880 188675 0 991730 2.46772e+06 1.41603e+06 1.21717e+06 2.29649e+06 1.80582e+06 0 1.4828e+06 1.56532e+06 1.57751e+06 1.42118e+06 867257
pelacespred
 1.33442e+06 809211 401530 291706 291699 525274 253160 290344 198091 138351 210065 240003 260516 200491 205347 534635 499394 1.3741e+06 1.16065e+06 810410 1.40817e+06 1.21305e+06 931516 1.58396e+06 1.12397e+06 977720 1.37301e+06 1.46726e+06 965386 650948
mphobs
 0 0 0 0 0 0 0 0 0 0 0 498337 0 5186 125008 0 168611 109162 213762 579715 649985 157893 87575 83554 0 0 0 0 0 0
mphpred
 451624 299103 145468 78819.5 73761.4 80885.2 114269 61006.7 54955.5 37157.3 25522.1 53928.9 59103.6 48645 30534.3 38875.1 157092 141698 297713 223632 244466 302034 281732 224080 314568 254994 206677 230042 328425 213786
desembarqueobs
 494567 514787 250237 358949 120608 361735 552515 73892 212993 205616 52469 317467 293654 387597 252695 516296 358380 742168 942051 627588 828172 859565 418607 520667 417249 300574 407403 355545 319650 289779
desembarquepred
 494569 513933 250537 358983 120613 361728 552479 73896 213030 205646 52471.1 317509 293680 387573 252669 516222 358397 742041 941758 627396 828195 859502 418596 520675 417232 300562 407387 355518 319631 289778
Reclutas
 175770 100095 100031 131155 106319 217200 82740.7 34655.6 37677.5 53590.3 101765 137618 112991 78070.3 75016.1 457256 83087.2 693017 398539 318941 453582 594041 114045 362034 296390 131457 314657 351302 87257.9 64737.8
log_desv_Rt
 0.148513 -0.414546 -0.415183 -0.144282 -0.35422 0.360152 -0.604953 -1.47521 -1.3916 -1.0393 -0.398002 -0.0961813 -0.29336 -0.663056 -0.702963 1.10458 -0.600774 1.52039 0.96714 0.744342 1.09651 1.36628 -0.284071 0.871074 0.671012 -0.141987 0.73082 0.840981 -0.551797 -0.850319
SSB
 2.55264e+06 1.69057e+06 822206 445498 416909 457174 645861 344818 310616 210018 144254 304813 334062 274948 172584 219727 887906 800895 1.68271e+06 1.264e+06 1.38175e+06 1.70714e+06 1.59238e+06 1.26653e+06 1.77798e+06 1.44126e+06 1.16816e+06 1.30023e+06 1.8563e+06 1.20835e+06
BT
 3.49843e+06 2.37419e+06 1.17287e+06 974087 769894 1.52219e+06 1.07476e+06 735905 667640 515636 529251 817596 866783 864774 727169 1.6493e+06 1.43165e+06 3.82642e+06 3.58056e+06 2.43222e+06 3.91704e+06 3.60442e+06 2.51397e+06 4.13883e+06 2.98052e+06 2.5226e+06 3.58358e+06 3.74134e+06 2.49189e+06 1.78809e+06
Ftot
 0.167395 0.308886 0.30449 0.516283 0.188976 0.343654 0.797786 0.137998 0.527595 0.680383 0.14002 0.564646 0.527808 0.91555 0.65341 0.466571 0.292572 0.295657 0.408807 0.362909 0.277979 0.356127 0.211873 0.191156 0.191786 0.156692 0.188183 0.153468 0.148672 0.229733
BD_Bspro_t
 0.97366 0.814412 0.630882 0.530114 0.488003 0.563856 0.565363 0.36541 0.421003 0.375518 0.353459 0.61888 0.50549 0.411428 0.296131 0.352102 0.57387 0.535548 0.648166 0.550678 0.526825 0.576073 0.588956 0.573909 0.682331 0.687745 0.692545 0.738156 0.788387 0.711127
BD_Bspro
 2.36679 1.56749 0.762345 0.413064 0.386556 0.423889 0.598839 0.319713 0.288002 0.194728 0.133752 0.282621 0.30974 0.254931 0.160019 0.20373 0.823262 0.742586 1.5602 1.17197 1.28115 1.58285 1.47645 1.17432 1.64853 1.33633 1.08312 1.20556 1.72115 1.12037
BD_Bo
 1.43758 0.952083 0.463044 0.250892 0.234792 0.257468 0.363732 0.194192 0.17493 0.118276 0.0812401 0.171663 0.188134 0.154843 0.0971945 0.123744 0.500045 0.451042 0.947657 0.71185 0.778166 0.961412 0.896788 0.713274 1.00131 0.81168 0.657878 0.732252 1.04542 0.680507
BD_Brms
 8.00074 5.29876 2.57704 1.39633 1.30672 1.43292 2.02432 1.08076 0.973564 0.65826 0.452137 0.955377 1.04705 0.861771 0.54093 0.688692 2.78297 2.51025 5.27412 3.96176 4.33083 5.35068 4.99101 3.96968 5.57273 4.51735 3.66138 4.0753 5.81821 3.78732
Sel_flota
 0.72345 0.980278 0.998942 0.999944 0.999997
 0.72345 0.980278 0.998942 0.999944 0.999997
 0.72345 0.980278 0.998942 0.999944 0.999997
 0.72345 0.980278 0.998942 0.999944 0.999997
 0.72345 0.980278 0.998942 0.999944 0.999997
 0.72345 0.980278 0.998942 0.999944 0.999997
 0.72345 0.980278 0.998942 0.999944 0.999997
 0.72345 0.980278 0.998942 0.999944 0.999997
 0.72345 0.980278 0.998942 0.999944 0.999997
 0.72345 0.980278 0.998942 0.999944 0.999997
 0.72345 0.980278 0.998942 0.999944 0.999997
 0.72345 0.980278 0.998942 0.999944 0.999997
 0.72345 0.980278 0.998942 0.999944 0.999997
 0.72345 0.980278 0.998942 0.999944 0.999997
 0.72345 0.980278 0.998942 0.999944 0.999997
 0.72345 0.980278 0.998942 0.999944 0.999997
 0.72345 0.980278 0.998942 0.999944 0.999997
 0.72345 0.980278 0.998942 0.999944 0.999997
 0.72345 0.980278 0.998942 0.999944 0.999997
 0.72345 0.980278 0.998942 0.999944 0.999997
 0.72345 0.980278 0.998942 0.999944 0.999997
 0.72345 0.980278 0.998942 0.999944 0.999997
 0.72345 0.980278 0.998942 0.999944 0.999997
 0.72345 0.980278 0.998942 0.999944 0.999997
 0.72345 0.980278 0.998942 0.999944 0.999997
 0.72345 0.980278 0.998942 0.999944 0.999997
 0.72345 0.980278 0.998942 0.999944 0.999997
 0.72345 0.980278 0.998942 0.999944 0.999997
 0.72345 0.980278 0.998942 0.999944 0.999997
 0.72345 0.980278 0.998942 0.999944 0.999997
Sel_reclas
 1 1 1 1 1
 1 1 1 1 1
 1 1 1 1 1
 1 1 1 1 1
 1 1 1 1 1
 1 1 1 1 1
 1 1 1 1 1
 1 1 1 1 1
 1 1 1 1 1
 1 1 1 1 1
 1 1 1 1 1
 1 1 1 1 1
 1 1 1 1 1
 1 1 1 1 1
 1 1 1 1 1
 1 1 1 1 1
 1 1 1 1 1
 1 1 1 1 1
 1 1 1 1 1
 1 1 1 1 1
 1 1 1 1 1
 1 1 1 1 1
 1 1 1 1 1
 1 1 1 1 1
 1 1 1 1 1
 1 1 1 1 1
 1 1 1 1 1
 1 1 1 1 1
 1 1 1 1 1
 1 1 1 1 1
Sel_pelaces
 1 1 1 1 1
 1 1 1 1 1
 1 1 1 1 1
 1 1 1 1 1
 1 1 1 1 1
 1 1 1 1 1
 1 1 1 1 1
 1 1 1 1 1
 1 1 1 1 1
 1 1 1 1 1
 1 1 1 1 1
 1 1 1 1 1
 1 1 1 1 1
 1 1 1 1 1
 1 1 1 1 1
 1 1 1 1 1
 1 1 1 1 1
 1 1 1 1 1
 1 1 1 1 1
 1 1 1 1 1
 1 1 1 1 1
 1 1 1 1 1
 1 1 1 1 1
 1 1 1 1 1
 1 1 1 1 1
 1 1 1 1 1
 1 1 1 1 1
 1 1 1 1 1
 1 1 1 1 1
 1 1 1 1 1
pf_obs 
 0.8446 0.082 0.0669 0.0065 0
 0.8095 0.147 0.0364 0.0071 0
 0.9664 0.0169 0.016 0.0007 0
 0.9276 0.0648 0.0075 0.0001 0
 0.7033 0.2144 0.0806 0.0017 0
 0.9318 0.0425 0.0243 0.0014 0
 0.5671 0.3108 0.0964 0.0239 0.0018
 0.0768 0.2599 0.5324 0.112 0.0189
 0.490249 0.384438 0.106611 0.0170017 0.00170017
 0.7925 0.1577 0.0466 0.003 0.0002
 0.840416 0.127587 0.0312969 0.00059994 9.999e-05
 0.8084 0.0986 0.0794 0.0134 0.0002
 0.7335 0.1905 0.0724 0.0035 0.0001
 0.4001 0.4547 0.1325 0.0127 0
 0.49795 0.308269 0.164784 0.0264974 0.00249975
 0.9179 0.0499 0.0305 0.0017 0
 0.2467 0.6533 0.0926 0.0074 0
 0.9418 0.0223 0.034 0.0019 0
 0.707729 0.231977 0.0356964 0.0245975 0
 0.517169 0.277429 0.184464 0.0207286 0.00020938
 0.811772 0.124168 0.05621 0.00726502 0.000585176
 0.764997 0.148141 0.077277 0.00933861 0.000247198
 0.163321 0.427699 0.378323 0.0303852 0.000271297
 0.753843 0.0900009 0.118128 0.0371064 0.000921714
 0.721811 0.176058 0.0630433 0.0369309 0.00215725
 0.143369 0.312575 0.442814 0.0836902 0.0175525
 0.692698 0.0596174 0.167031 0.0765114 0.00414204
 0.394062 0.376323 0.152708 0.0712218 0.00568511
 0.125707 0.32114 0.495352 0.0537591 0.00404204
 0.23352 0.215282 0.420074 0.123614 0.00750983
pf_pred 
 0.442885 0.142414 0.388073 0.0266275 8.40693e-07
 0.411066 0.30889 0.0726533 0.194088 0.0133037
 0.562162 0.217384 0.116852 0.0269007 0.0767009
 0.689894 0.199986 0.0552811 0.0290838 0.0257551
 0.648083 0.268966 0.05396 0.0145633 0.0144279
 0.777313 0.159762 0.0483242 0.00950192 0.00509951
 0.467755 0.442837 0.0645462 0.019098 0.00576366
 0.46494 0.306225 0.191278 0.0271245 0.0104322
 0.580118 0.22853 0.110439 0.0676456 0.0132679
 0.749286 0.167948 0.0455551 0.0214877 0.0157226
 0.837917 0.132491 0.0199968 0.00528504 0.00431081
 0.735429 0.231807 0.0268788 0.00397799 0.00190687
 0.676952 0.25934 0.0559885 0.006334 0.00138492
 0.624843 0.282802 0.0744968 0.0156967 0.00216122
 0.742068 0.186387 0.0543208 0.0138975 0.0033262
 0.943398 0.0459084 0.00778282 0.00221059 0.00069995
 0.335708 0.63773 0.0216399 0.00358391 0.00133859
 0.8981 0.0421408 0.0574186 0.00190735 0.000433372
 0.579488 0.389266 0.0130843 0.0174513 0.000710601
 0.597233 0.266785 0.126094 0.00414333 0.00574424
 0.721299 0.188977 0.0598755 0.0276811 0.00216796
 0.72304 0.217093 0.0408735 0.0126797 0.00631391
 0.28614 0.561733 0.119816 0.0220679 0.0102425
 0.729641 0.096355 0.137519 0.028743 0.00774247
 0.602985 0.313409 0.0301869 0.0422272 0.0111913
 0.412777 0.39725 0.150619 0.0142192 0.025135
 0.729226 0.132957 0.0938297 0.0348829 0.00910446
 0.672813 0.257984 0.0343328 0.0237489 0.0111215
 0.294411 0.520585 0.146492 0.0191165 0.0193952
 0.381633 0.224858 0.291834 0.0805278 0.0211475
pobs_RECLAS
 0 0 0 0 0
 0 0 0 0 0
 0 0 0 0 0
 0 0 0 0 0
 0 0 0 0 0
 0 0 0 0 0
 0 0 0 0 0
 0 0 0 0 0
 0 0 0 0 0
 0 0 0 0 0
 0.991045 0.00858322 0.000360255 1.14367e-05 0
 0.934742 0.0480273 0.0164251 0.00080598 0
 0.827803 0.169806 0.00239088 0 0
 0.941827 0.0461693 0.0120037 0 0
 0.791401 0.0380133 0.147996 0.0225897 0
 0.846168 0.0940531 0.0597789 0 0
 0.134021 0.677848 0.182769 0.00536245 0
 0.80878 0.0450904 0.141981 0.00414843 0
 0.846168 0.0940531 0.0597789 0 0
 0.905697 0.0802665 0.012482 0.00150086 5.37128e-05
 0.989698 0.0102097 9.19794e-05 0 0
 0.975433 0.0193895 0.00387452 0.00125025 5.28907e-05
 0.303575 0.632131 0.0575291 0.00676475 0
 0.966965 0.00978017 0.0227588 0.000495775 0
 0.843318 0.132988 0.00938335 0.0141283 0.000182051
 0.564624 0.303363 0.111486 0.0197234 0.00080311
 0.826376 0.0876187 0.0782897 0.00655872 0.00115652
 0.89761 0.0855135 0.0140674 0.00269457 0.000114338
 0.34875 0.467042 0.161289 0.0227151 0.000203297
 0.318654 0.224769 0.449479 0.00709798 0
ppred_RECLAS
 0.523139 0.123652 0.330551 0.0226576 7.15315e-07
 0.490489 0.269804 0.0622362 0.166087 0.0113838
 0.639166 0.180953 0.0953946 0.0219382 0.0625481
 0.755113 0.159077 0.0431007 0.0226515 0.0200578
 0.715775 0.218226 0.042948 0.0115794 0.0114712
 0.827596 0.124376 0.0368922 0.00724652 0.00388887
 0.55122 0.374719 0.053484 0.0158073 0.00477026
 0.54358 0.263368 0.161396 0.0228637 0.00879303
 0.657502 0.188154 0.0891204 0.0545296 0.0106947
 0.806529 0.1305 0.0346773 0.0163389 0.0119545
 0.875819 0.101866 0.0150838 0.0039825 0.00324821
 0.793462 0.181414 0.0206153 0.00304774 0.00146087
 0.743337 0.206863 0.0437721 0.00494667 0.00108152
 0.701071 0.226534 0.0584095 0.012293 0.00169248
 0.800144 0.145247 0.0414734 0.0105991 0.00253662
 0.958296 0.0339535 0.00564277 0.00160105 0.00050692
 0.408475 0.568314 0.0189133 0.00312911 0.00116865
 0.924085 0.0317538 0.0424329 0.00140809 0.000319918
 0.654171 0.320611 0.0105662 0.0140779 0.000573207
 0.671338 0.219141 0.101565 0.00333384 0.00462172
 0.780436 0.149821 0.0465575 0.0215018 0.00168391
 0.781995 0.171613 0.031684 0.00981866 0.00488899
 0.354104 0.51035 0.106781 0.0196469 0.00911836
 0.788134 0.0764546 0.107041 0.0223499 0.00602006
 0.674925 0.257686 0.0243476 0.0340241 0.00901679
 0.490314 0.346948 0.129054 0.0121709 0.0215132
 0.78734 0.10546 0.073009 0.0271147 0.00707657
 0.7374 0.207913 0.027145 0.0187578 0.00878374
 0.363153 0.472239 0.13037 0.0169954 0.0172423
 0.459918 0.198842 0.253138 0.0697786 0.0183237
pobs_PELACES
 0 0 0 0 0
 0 0 0 0 0
 0 0 0 0 0
 0 0 0 0 0
 0 0 0 0 0
 0 0 0 0 0
 0 0 0 0 0
 0 0 0 0 0
 0 0 0 0 0
 0 0 0 0 0
 0 0 0 0 0
 0 0 0 0 0
 0 0 0 0 0
 0 0 0 0 0
 0 0 0 0 0
 0 0 0 0 0
 0.505614 0.472636 0.0217494 0 0
 0 0 0 0 0
 0.443492 0.261883 0.143347 0.151278 0
 0.227955 0.32914 0.350689 0.0885471 0.00366901
 0.970185 0.0296113 0.000203453 0 0
 0.997202 0.00247181 0.000326279 0 0
 0.445219 0.490057 0.0546422 0.010081 0
 0.90214 0.0892962 0.00764917 0.000914606 0
 0 0 0 0 0
 0.581667 0.319106 0.0959925 0.00289975 0.000334073
 0.762889 0.0836404 0.116647 0.0363945 0.000428098
 0.88444 0.0763242 0.0277011 0.0115352 0
 0.521256 0.241999 0.230069 0.00667565 0
 0.616807 0.101726 0.260614 0.0208532 0
ppred_PELACES
 0.526868 0.122779 0.327879 0.0224732 7.09492e-07
 0.497265 0.266463 0.0613488 0.163702 0.0112202
 0.645316 0.17804 0.0936829 0.0215424 0.0614192
 0.763321 0.153921 0.0415715 0.021844 0.0193427
 0.719078 0.21575 0.0424112 0.011434 0.0113271
 0.831796 0.121419 0.0359389 0.00705846 0.00378792
 0.568084 0.360934 0.051264 0.0151471 0.00457098
 0.54657 0.261737 0.16026 0.0227018 0.00873075
 0.667831 0.182752 0.0862812 0.0527831 0.0103521
 0.815578 0.12457 0.0329631 0.0155277 0.0113609
 0.877121 0.100814 0.0149151 0.00393779 0.00321173
 0.801263 0.174637 0.0197763 0.00292315 0.00140114
 0.751896 0.200091 0.0422017 0.00476837 0.00104253
 0.717355 0.214489 0.0549929 0.0115705 0.00159297
 0.809024 0.138947 0.0395153 0.0100965 0.00241631
 0.959869 0.0326906 0.00541731 0.00153684 0.000486586
 0.414497 0.562568 0.0186884 0.0030916 0.00115464
 0.925897 0.0310287 0.0413886 0.0013733 0.000312013
 0.66201 0.313404 0.0103027 0.0137249 0.000558832
 0.678252 0.214692 0.0992803 0.00325847 0.00451721
 0.78454 0.147102 0.0456343 0.0210736 0.00165037
 0.787177 0.167614 0.0308778 0.00956771 0.00476401
 0.358285 0.507186 0.105981 0.0194983 0.00904935
 0.790953 0.0754949 0.105573 0.022042 0.00593711
 0.678536 0.254888 0.0240548 0.0336128 0.00890776
 0.493711 0.344743 0.12811 0.0120813 0.0213547
 0.790097 0.104155 0.0720218 0.0267465 0.00698044
 0.73995 0.205936 0.0268614 0.018561 0.00869153
 0.366128 0.470145 0.129674 0.0169038 0.0171493
 0.464983 0.197156 0.250636 0.0690838 0.0181411
pobs_pel_tallas
 0 0 0 0 0 0 0 0 0 0 0 0 0 0 0 0 0 0 0 0 0 0 0 0 0 0
 0 0 0 0 0 0 0 0 0 0 0 0 0 0 0 0 0 0 0 0 0 0 0 0 0 0
 0 0 0 0 0 0 0 0 0 0 0 0 0 0 0 0 0 0 0 0 0 0 0 0 0 0
 0 0 0 0 0 0 0 0 0 0 0 0 0 0 0 0 0 0 0 0 0 0 0 0 0 0
 0 0 0 0 0 0 0 0 0 0 0 0 0 0 0 0 0 0 0 0 0 0 0 0 0 0
 0 0 0 0 0 0 0 0 0 0 0 0 0 0 0 0 0 0 0 0 0 0 0 0 0 0
 0 0 0 0 0 0 0 0 0 0 0 0 0 0 0 0 0 0 0 0 0 0 0 0 0 0
 0 0 0 0 0 0 0 0 0 0 0 0 0 0 0 0 0 0 0 0 0 0 0 0 0 0
 0 0 0 0 0 0 0 0 0 0 0 0 0 0 0 0 0 0 0 0 0 0 0 0 0 0
 0 0 0 0 0 0 0 0 0 0 0 0 0 0 0 0 0 0 0 0 0 0 0 0 0 0
 0 0 0 0 0 0 0 0 0 0 0 0 0 0 0 0 0 0 0 0 0 0 0 0 0 0
 0 0 0 0 0 0 0 0 0 0 0 0 0 0 0 0 0 0 0 0 0 0 0 0 0 0
 0.00862536 0 0 0.000197151 0.00414017 0.0128641 0.00837892 0.0270097 0.101434 0.158115 0.152841 0.127902 0.109271 0.109419 0.0830992 0.0579132 0.0238553 0.00714673 0.00463305 0.00128148 0.00103504 0.000492878 0.000147863 0.000147863 4.92878e-05 0
 0 0 0 0 0 0 0 0 0 0 0 0 0 0 0 0 0 0 0 0 0 0 0 0 0 0
 0 0 0 0 0 0 0 0.0054083 0.00873648 0.0413646 0.0450493 0.0745869 0.0622846 0.0627006 0.0613931 0.0827291 0.12552 0.122667 0.0946155 0.0697135 0.0546179 0.0294188 0.0215738 0.0213955 0.0102223 0.00600262
 0 0 0 0 0.00359764 0.0251062 0.0480494 0.140153 0.205849 0.193036 0.1447 0.116669 0.0760912 0.0342217 0.00950174 0.001854 0.000860785 0 0 0 0.000165536 0 0.000143464 0 0 0
 0 0 0 0 0 0 0 0.000145254 0.000435761 0.0275982 0.070085 0.0708112 0.156366 0.174668 0.174014 0.160142 0.0824315 0.0480064 0.0283245 0.00493863 0.00203355 0 0 0 0 0
 0 0 0 0 0 0 0 0 0 0 0 0 0 0 0 0 0 0 0 0 0 0 0 0 0 0
 0 0 1.00437e-05 0.000401748 0.00122533 0.00171747 0.00176769 0.0269171 0.070346 0.194647 0.189555 0.159765 0.064822 0.0314167 0.0384472 0.0292271 0.0345202 0.0313363 0.0194345 0.0106764 0.0143323 0.0359363 0.0279516 0.0138201 0.00172751 0
 0 0.0021121 0.0136068 0.0755702 0.200478 0.177729 0.0527432 0.0373336 0.0318909 0.0142505 0.0149659 0.0166563 0.0217959 0.0798694 0.0677717 0.0528807 0.04013 0.0224614 0.0357745 0.0225083 0.00881397 0.00855152 0.00135912 0.000746735 0 0
 0 0 0 0 5.4009e-05 0.00500934 0.000945158 0.0243581 0.138947 0.33067 0.221406 0.137944 0.0707744 0.0437923 0.0131692 0.00525238 0.0047753 0.00276346 9.45158e-05 9.00151e-06 2.25038e-05 9.00151e-06 4.50075e-06 0 0 0
 0.000866109 0.00284123 0.00948549 0.0512746 0.133035 0.25785 0.225252 0.132002 0.0553304 0.0519788 0.0540692 0.017754 0.00435017 0.00159236 0.00146478 0.000404838 0.000125132 0.000115318 0.000107957 0.000100596 0 0 0 0 0 0
 0 0 0 0 0.00144013 0.00171154 0.00461396 0.0210425 0.0478622 0.0707936 0.0888783 0.103762 0.0637923 0.0337046 0.0602308 0.124433 0.169614 0.0934646 0.0462172 0.0250306 0.0313229 0.00938855 0.002487 0.000210481 0 0
 0 0.00764035 0.051015 0.0998891 0.058973 0.0496711 0.0374665 0.0718981 0.12319 0.153886 0.159021 0.0857701 0.0377988 0.023471 0.0147837 0.00900784 0.00315554 0.000888139 0.00291439 0.00214683 0.00393193 0.00274676 0.000635225 9.99891e-05 0 0
 0 0 0 0 0 0 0 0 0 0 0 0 0 0 0 0 0 0 0 0 0 0 0 0 0 0
 0 0 0 0 0 0 0 0 0 0 0 0 0 0 0 0 0 0 0 0 0 0 0 0 0 0
 0 0 0 0 0 0 0 0 0 0 0 0 0 0 0 0 0 0 0 0 0 0 0 0 0 0
 0 0 0 0 0 0 0 0 0 0 0 0 0 0 0 0 0 0 0 0 0 0 0 0 0 0
 0 0 0 0 0 0 0 0 0 0 0 0 0 0 0 0 0 0 0 0 0 0 0 0 0 0
 0 0 0 0 0 0 0 0 0 0 0 0 0 0 0 0 0 0 0 0 0 0 0 0 0 0
ppred_pel_tallas
 1.11748e-16 4.33975e-05 0.000421839 0.00280327 0.0127433 0.0396491 0.084477 0.123299 0.123311 0.0845374 0.0398533 0.0133395 0.00432317 0.00381675 0.00671602 0.0116199 0.0180953 0.0255815 0.0334299 0.0411739 0.0485044 0.0548979 0.0593172 0.0604382 0.0573582 0.050249
 1.20155e-16 4.09592e-05 0.000398138 0.00264577 0.0120273 0.0374215 0.0797314 0.116376 0.116401 0.0798574 0.0378448 0.0132515 0.00572403 0.00713676 0.0128968 0.0214174 0.0312528 0.0402181 0.0461871 0.0483682 0.0478354 0.0467521 0.0468649 0.0484326 0.0502694 0.0506488
 1.15304e-16 5.31539e-05 0.000516674 0.00343348 0.0156081 0.0485628 0.103469 0.151019 0.151037 0.103553 0.0488469 0.0164304 0.00550379 0.00505713 0.00873889 0.01453 0.0213262 0.0276833 0.0321833 0.0342378 0.034431 0.0340363 0.0340951 0.0347908 0.0355058 0.0353511
 1.06704e-16 6.28738e-05 0.000611155 0.00406134 0.0184623 0.0574431 0.122389 0.178634 0.178649 0.122462 0.0576873 0.0191683 0.00583561 0.00449147 0.00745361 0.0122803 0.0178234 0.0227184 0.0256298 0.0259761 0.024276 0.0217671 0.0196031 0.0182589 0.0174985 0.0167582
 1.04343e-16 5.92295e-05 0.000575732 0.00382594 0.0173922 0.0541137 0.115296 0.168282 0.168303 0.115397 0.0544553 0.0183792 0.00630462 0.00599041 0.0103538 0.0170526 0.0246298 0.031125 0.0345825 0.0341097 0.0304003 0.0252384 0.0203954 0.0167841 0.0143622 0.0125924
 1.02418e-16 6.8514e-05 0.00066598 0.00442567 0.0201185 0.0625961 0.133368 0.194657 0.194669 0.133425 0.0627887 0.0206753 0.00582483 0.00372529 0.00589323 0.00967231 0.0140158 0.0178122 0.0199734 0.0199931 0.0182281 0.0156169 0.0130753 0.0110509 0.00950021 0.00816046
 1.03865e-16 4.67924e-05 0.000454839 0.00302256 0.0137402 0.0427509 0.0910866 0.132951 0.132986 0.0912566 0.0433217 0.0153888 0.00716105 0.00948954 0.0172064 0.0283748 0.0408781 0.0514225 0.0566792 0.0551125 0.0478868 0.038059 0.0287335 0.0216185 0.0168179 0.0135546
 1.08446e-16 4.50203e-05 0.000437613 0.0029081 0.0132198 0.0411318 0.0876367 0.127914 0.127939 0.087761 0.0415498 0.0144296 0.00595442 0.00711918 0.0128267 0.0213744 0.0313472 0.0405913 0.0469036 0.0492164 0.0481177 0.0452157 0.041919 0.0386656 0.0350836 0.0306931
 1.09582e-16 5.50084e-05 0.000534701 0.00355328 0.0161527 0.0502572 0.107079 0.156288 0.156306 0.107166 0.0505485 0.0169957 0.00567485 0.00518502 0.00894315 0.0148476 0.0217406 0.0281064 0.0324435 0.0340925 0.0335952 0.0322136 0.031006 0.030211 0.0293305 0.0276741
 1.04463e-16 6.71781e-05 0.000652995 0.00433938 0.0197262 0.0613757 0.130768 0.190862 0.190874 0.130827 0.0615733 0.0202974 0.00577464 0.00379134 0.00604296 0.00992548 0.0143917 0.0183155 0.0206028 0.0207688 0.0192207 0.0169552 0.0149164 0.0135176 0.0126137 0.0118009
 1.01395e-16 7.22473e-05 0.00070227 0.00466683 0.0212147 0.066007 0.140635 0.205263 0.205273 0.140683 0.0661664 0.0216753 0.00582306 0.00322665 0.00486749 0.00793528 0.0114307 0.0143891 0.0158808 0.0154805 0.0135162 0.0108424 0.00832298 0.00642715 0.00517208 0.00432686
 1.01146e-16 6.5999e-05 0.000641534 0.00426322 0.01938 0.0602984 0.128473 0.187513 0.18753 0.128555 0.0605744 0.020177 0.00626336 0.00500642 0.00835141 0.0136907 0.0196884 0.0247003 0.0270963 0.0261216 0.0223423 0.0172609 0.0124239 0.00871392 0.00623302 0.00463598
 1.01924e-16 6.19327e-05 0.000602008 0.00400056 0.018186 0.0565834 0.120558 0.175961 0.175981 0.120652 0.0569002 0.0191014 0.0062993 0.00562336 0.00960762 0.0158091 0.0228219 0.0288099 0.0319364 0.0313399 0.0276239 0.0224107 0.0173397 0.0133018 0.0103553 0.008134
 1.03072e-16 5.90876e-05 0.000574353 0.00381678 0.0173505 0.053984 0.115019 0.167879 0.167899 0.115121 0.054324 0.0183331 0.00628503 0.0059689 0.0103229 0.0170207 0.024626 0.0312029 0.0348102 0.0345399 0.0310277 0.0259649 0.0210279 0.0170778 0.0140996 0.011666
 1.02598e-16 6.66383e-05 0.000647748 0.00430451 0.0195677 0.0608825 0.129717 0.189329 0.189342 0.129783 0.0611029 0.0202047 0.00590517 0.00414732 0.00672865 0.0110595 0.0160215 0.0203499 0.0227984 0.0227875 0.0207277 0.0176978 0.0147513 0.0124047 0.0106094 0.0090643
 1.00402e-16 7.90631e-05 0.000768522 0.0051071 0.0232161 0.072234 0.153902 0.224626 0.224629 0.153918 0.0722857 0.0233655 0.00548222 0.00158766 0.00163547 0.00258048 0.00371395 0.00467946 0.00517254 0.00505443 0.00442924 0.00357008 0.00275258 0.00212581 0.00169541 0.00139054
 1.01189e-16 3.41417e-05 0.00033187 0.00220539 0.0100254 0.0311931 0.0664623 0.097015 0.0970691 0.0667267 0.0320806 0.0125876 0.00863178 0.0143444 0.0265985 0.0437926 0.0627854 0.0783299 0.0851019 0.0806464 0.0668739 0.0488445 0.0318535 0.0190526 0.0109583 0.0064551
 1.01393e-16 7.62649e-05 0.000741322 0.00492635 0.0223945 0.0696775 0.148455 0.216676 0.216679 0.14847 0.0697278 0.0225404 0.0052953 0.00155578 0.00164943 0.00267462 0.00400424 0.00536418 0.00651818 0.00733668 0.00783276 0.00808304 0.00811013 0.00784456 0.0071979 0.00616906
 1.01849e-16 5.45289e-05 0.00053004 0.00352231 0.0160119 0.0498192 0.106146 0.15493 0.15496 0.106293 0.0503137 0.0174396 0.00710349 0.00833965 0.0148627 0.024423 0.0350339 0.0437597 0.047654 0.0453743 0.0380047 0.0283652 0.019376 0.0127275 0.00861791 0.00633773
 1.04012e-16 5.58668e-05 0.000543045 0.00360872 0.0164048 0.0510414 0.10875 0.158728 0.158749 0.108852 0.0513831 0.017393 0.00609446 0.00598599 0.0104414 0.0172986 0.0252041 0.0322946 0.0366816 0.0374485 0.0351215 0.0311755 0.0270178 0.0232886 0.0199003 0.0165391
 1.03748e-16 6.46215e-05 0.000628144 0.00417424 0.0189755 0.0590399 0.125791 0.183599 0.183613 0.125861 0.0592734 0.0196506 0.0058711 0.00433977 0.0071355 0.0117518 0.0170594 0.0217435 0.0245083 0.0247607 0.022941 0.0201712 0.0175151 0.015443 0.0138209 0.012268
 1.027e-16 6.48387e-05 0.000630255 0.00418827 0.0190393 0.0592383 0.126214 0.184217 0.184233 0.126293 0.0595037 0.0198058 0.00611304 0.00483426 0.00805564 0.0132326 0.0190978 0.024106 0.0267283 0.0262633 0.0232458 0.0190649 0.0151089 0.0121077 0.0100548 0.00855979
 1.06675e-16 2.95116e-05 0.000286863 0.00190631 0.00866583 0.0269629 0.0574491 0.0838589 0.0839078 0.0576882 0.0277661 0.0109864 0.00773379 0.0130171 0.0242321 0.0400808 0.0578911 0.0731252 0.0811583 0.0798373 0.0707224 0.0579431 0.0456419 0.0360227 0.0291386 0.0239478
 1.06282e-16 6.51498e-05 0.000633279 0.00420836 0.0191306 0.0595224 0.126819 0.185098 0.185105 0.126856 0.0596451 0.0194867 0.0051098 0.00262607 0.0039231 0.00657444 0.00991364 0.013409 0.0165435 0.0190542 0.0210048 0.0225681 0.023719 0.0241409 0.0234314 0.0214128
 1.05638e-16 5.58902e-05 0.000543273 0.00361024 0.0164116 0.0510628 0.108796 0.158796 0.15882 0.108916 0.0514657 0.0175753 0.00653091 0.00691857 0.0121627 0.0200183 0.0288359 0.0362854 0.0400489 0.0391025 0.0343488 0.0280195 0.0223283 0.0184088 0.0161568 0.0147828
 1.08611e-16 4.06664e-05 0.000395292 0.00262685 0.0119413 0.0371541 0.0791619 0.115546 0.115579 0.0793249 0.0377018 0.0135251 0.00660859 0.00910772 0.0166466 0.0276114 0.0401349 0.0512319 0.0578633 0.0586018 0.0544119 0.0478464 0.0413532 0.0360623 0.0317727 0.0277499
 1.05969e-16 6.50792e-05 0.000632593 0.00420381 0.0191099 0.059458 0.126682 0.184898 0.184908 0.126732 0.0596248 0.0195928 0.00542082 0.00330548 0.00518903 0.00860112 0.0126804 0.0165741 0.0194535 0.0209398 0.0212853 0.0210961 0.0208329 0.0205134 0.0198115 0.0183894
 1.04161e-16 6.09487e-05 0.000592444 0.003937 0.017897 0.0556844 0.118642 0.173166 0.173186 0.118739 0.0560101 0.0188378 0.00629867 0.00574873 0.00985618 0.0162054 0.0233594 0.0294267 0.032531 0.0318307 0.0280272 0.0228885 0.018176 0.014805 0.0127267 0.0113668
 1.0846e-16 3.01576e-05 0.000293142 0.00194804 0.00885552 0.027553 0.0587064 0.0856932 0.0857386 0.0589283 0.0282986 0.0110102 0.00736149 0.0121269 0.0225518 0.0373585 0.0541016 0.0686372 0.0767367 0.076424 0.0690913 0.0584244 0.0480585 0.0398323 0.0336643 0.0285759
 1.17282e-16 3.83001e-05 0.00037229 0.002474 0.0112465 0.034992 0.0745549 0.108819 0.108839 0.0746497 0.0353115 0.012174 0.00482041 0.00555461 0.0100574 0.0170309 0.0256213 0.034518 0.0423681 0.0485133 0.0532051 0.057026 0.0600465 0.0615147 0.0603418 0.0559109
pSPR Fmed_Fpbrs
0.588436   0.22968 0.22968
Fs Fmed_Fpbrs
0.305936   1.005 1.005
SSBpbr Bo_Bmed_Bpbrs
1.77565e+06  956076  319050 319050
Ro
151512
SPR SPRFo_SPRFmed_SPRFpbrs
1.07852e+06 634641 247715
Fref
1.005
log_Ro
11.7484
likeval ReclasPelacesDesembMPH_pf_preclas_ppelaces_ptallas_desvR_qrecl_qpela
 11.3485 19.2909 0.0228352 0.000837402 228.367 104.381 77.2867 0 26.9702 4.91251e-09 0 0.114537 0 0 0
q_reclas_q_pelaces
1.00998 1
M
1
N
 175770 42448.6 113653 7790.99 0.245967
 100095 57287.1 13252.7 35372.4 2424.47
 100031 29448.9 15569 3581 10209.9
 131155 29523.9 8037.92 4225.4 3741.63
 106319 33210.9 6547.6 1765.5 1749
 217200 34114.7 10151.6 1994.36 1070.29
 82740.7 62314.9 8960.75 2649.42 799.548
 34655.6 17091 10487.1 1485.74 571.393
 37677.5 11537.7 5491.92 3361.19 659.231
 53590.3 9462.85 2530.54 1192.72 872.683
 101765 12051 1786.77 471.786 384.8
 137618 33830.6 3864.71 571.516 273.948
 112991 33649.2 7155.32 808.834 176.843
 78070.3 28373.7 7378.66 1553.65 213.908
 75016.1 14809.3 4254.46 1087.64 260.303
 457256 17201.4 2871.2 814.851 257.999
 83087.2 120025 4005.32 662.758 247.528
 693017 24735.3 33145.3 1100.06 249.934
 398539 205853 6810.08 9075.3 369.522
 318941 109077 50724.9 1665.34 2308.69
 453582 90238.9 28115 12986.3 1017.03
 594041 136466 25278.8 7835.13 3901.37
 114045 168900 35409.1 6515.7 3024.03
 362034 35992.6 50481.8 10541.5 2839.42
 296390 115983 10978.4 15343 4066.09
 131457 94910 35355.1 3334.57 5894.17
 314657 43177.5 29944 11121.9 2902.68
 351302 101022 13208.3 9127.97 4274.37
 87257.9 115656 31973.3 4168.44 4229.01
 64737.8 28827 36777.2 10139 2662.48
pred_Ctot
 12798.6 4115.53 11214.6 769.49 0.0242946
 12903.4 9696.07 2280.59 6092.42 417.602
 12727.8 4921.77 2645.64 609.056 1736.58
 26634.6 7720.8 2134.22 1122.83 994.319
 8684.14 3604.07 723.049 195.144 193.33
 30839.6 6338.49 1917.25 376.986 202.321
 24024.4 22744.6 3315.16 980.893 296.028
 2098.46 1382.12 863.315 122.424 47.0847
 7794.23 3070.44 1483.81 908.86 178.262
 13702.1 3071.25 833.06 392.943 287.517
 6248.57 988.019 149.122 39.412 32.1469
 30153.2 9504.29 1102.05 163.101 78.1835
 23382.1 8957.68 1933.86 218.778 47.8355
 25205.9 11408.1 3005.17 633.2 87.1827
 18557.3 4661.09 1358.43 347.543 83.1802
 85103.2 4141.36 702.082 199.416 63.142
 10193.3 19363.8 657.065 108.82 40.6443
 85840.4 4027.82 5488.07 182.304 41.4218
 66068.7 44381.1 1491.78 1989.66 81.0172
 47558.7 21244.6 10041.1 329.941 457.424
 53095.6 13910.8 4407.5 2037.64 159.586
 87094.3 26150.1 4923.45 1527.34 760.547
 10373.8 20365.1 4343.84 800.05 371.333
 29892.9 3947.6 5634.05 1177.58 317.204
 24548.8 12759.6 1228.98 1719.16 455.623
 8988.31 8650.19 3279.76 309.626 547.32
 25599.4 4667.45 3293.88 1224.56 319.611
 23548.5 9029.47 1201.65 831.214 389.254
 5674.34 10033.5 2823.41 368.441 373.814
 6351.7 3742.43 4857.13 1340.26 351.968
F
 0.121102 0.164094 0.167218 0.167386 0.167395
 0.223463 0.302794 0.308559 0.308869 0.308885
 0.220283 0.298485 0.304168 0.304473 0.304489
 0.373505 0.5061 0.515737 0.516254 0.516281
 0.136715 0.185249 0.188776 0.188966 0.188976
 0.248616 0.336876 0.34329 0.343635 0.343653
 0.577158 0.782052 0.796943 0.797742 0.797784
 0.0998347 0.135276 0.137852 0.13799 0.137998
 0.381689 0.51719 0.527037 0.527566 0.527594
 0.492223 0.666964 0.679663 0.680345 0.680381
 0.101297 0.137258 0.139872 0.140012 0.140019
 0.408493 0.553509 0.564048 0.564614 0.564644
 0.381843 0.517399 0.52725 0.527779 0.527807
 0.662355 0.897493 0.914582 0.915499 0.915547
 0.47271 0.640524 0.652719 0.653374 0.653408
 0.33754 0.457369 0.466077 0.466545 0.466569
 0.211661 0.286802 0.292262 0.292556 0.292571
 0.213893 0.289826 0.295344 0.295641 0.295656
 0.295751 0.400744 0.408374 0.408784 0.408805
 0.262547 0.355752 0.362525 0.362889 0.362908
 0.201104 0.272496 0.277685 0.277963 0.277978
 0.25764 0.349104 0.355751 0.356107 0.356126
 0.153279 0.207694 0.211649 0.211861 0.211872
 0.138292 0.187386 0.190954 0.191145 0.191155
 0.138748 0.188004 0.191583 0.191776 0.191786
 0.113359 0.153601 0.156526 0.156683 0.156691
 0.136141 0.184472 0.187984 0.188173 0.188183
 0.111027 0.150442 0.153306 0.15346 0.153468
 0.107557 0.14574 0.148515 0.148664 0.148672
 0.1662 0.225202 0.22949 0.22972 0.229732
nmprior
 8 8 7 0
nm_flota  nm_reclas  nm_pelaces    nm_pelaL
inf 13.4864 14.5368 24.8291
cv_recla  cv_pelaces  cv_mph
0.311885 0.516822 0.893043
 ------------------------------------------------
Talla a la edad & desviación 
 8 13.2811 15.8009 17.003 17.5766
 0.8 1.32811 1.58009 1.7003 1.75766
