years
 1991 1992 1993 1994 1995 1996 1997 1998 1999 2000 2001 2002 2003 2004 2005 2006 2007 2008 2009 2010 2011 2012 2013 2014 2015 2016 2017 2018 2019 2020
reclasobs
 0 0 0 0 0 0 0 0 0 252601 567819 844713 477998 351125 339783 2.1784e+06 2.13404e+06 4.81314e+06 1.55562e+06 2.62356e+06 3.21686e+06 3.843e+06 1.13348e+06 3.07943e+06 1.97215e+06 2.03268e+06 2.025e+06 2.42433e+06 2.27542e+06 1.05018e+06
reclaspred
 3.2259e+06 1.88814e+06 798251 469197 91553.8 2.01318e+06 784264 245084 701672 211014 248977 752749 509012 389680 274578 1.84629e+06 1.11374e+06 7.04129e+06 4.40782e+06 1.51695e+06 3.56078e+06 3.54715e+06 1.93691e+06 4.34578e+06 2.64695e+06 1.29733e+06 2.35506e+06 3.53881e+06 2.45612e+06 821649
pelacesobs
 0 0 0 0 0 0 0 0 0 0 0 0 0 0 0 552880 188675 0 991730 2.46772e+06 1.41603e+06 1.21717e+06 2.29649e+06 1.80582e+06 0 1.4828e+06 1.56532e+06 1.57751e+06 1.42118e+06 867257
pelacespred
 526566 422465 194423 88315 13184.7 492879 148954 60598.6 162559 36194.1 58443.1 150091 101014 77822.5 53089.4 377292 224652 1.84855e+06 1.11572e+06 385838 852557 823068 453187 1.20112e+06 701634 335091 699766 1.02038e+06 590301 229213
mphobs
 0 0 0 0 0 0 0 0 0 0 0 498337 0 5186 125008 0 168611 109162 213762 579715 649985 157893 87575 83554 0 0 0 0 0 0
mphpred
 62630.9 385635 182324 57028.1 28212.3 4630.43 205263 55760 21065.1 60312.9 10098 27707.3 69463.6 32384.8 18040.8 17042 212190 111865 817779 390289 162311 342154 383831 211673 458666 271463 117256 224638 456326 224678
desembarqueobs
 494567 514787 250237 358949 120608 361735 552515 73892 212993 205616 52469 317467 293654 387597 252695 516296 358380 742168 942051 627588 828172 859565 418607 520667 417249 300574 407403 355545 319650 289779
desembarquepred
 494244 519682 247275 358267 120448 361461 551619 73849.6 212774 205299 52438.8 317064 293151 386735 252264 515756 358101 741653 940411 625978 827324 858443 418197 520311 416786 300154 407040 355285 319368 289431
Reclutas
 532605 1455.21 5298.66 95164.4 1659.63 327323 1806.4 505.808 67905.8 2168.77 41068.4 162075 55938.4 70962.1 44181.4 404133 3411.86 1.1064e+06 134605 23680.1 432125 560671 3834.39 350269 135260 12836.8 236257 308753 5504.36 2131.39
log_desv_Rt
 2.6785 -3.22412 -1.93182 0.956331 -3.09268 2.19167 -3.00794 -4.28087 0.618847 -2.82512 0.115965 1.48878 0.424977 0.662871 0.18903 2.40247 -2.37202 3.40959 1.30307 -0.43464 2.46944 2.72986 -2.25527 2.25943 1.30792 -1.04696 1.86564 2.13327 -1.89373 -2.8425
SSB
 182016 1.12072e+06 529864 165733 81989.9 13456.8 596529 162048 61218.9 175280 29346.6 80522.1 201873 94115.9 52429.5 49527 616662 325100 2.37661e+06 1.13425e+06 471704 994359 1.11548e+06 615159 1.33296e+06 788917 340766 652837 1.32616e+06 652953
BT
 1.501e+06 1.41998e+06 683688 529045 131973 1.45681e+06 836680 210766 566806 267505 180200 607874 492090 585953 372337 1.27503e+06 802116 4.92898e+06 3.45289e+06 1.54618e+06 2.70678e+06 2.64718e+06 1.40736e+06 3.26801e+06 2.0118e+06 1.06248e+06 2.04937e+06 2.70191e+06 1.62938e+06 851323
Ftot
 0.262056 0.460591 0.515021 1.15682 1.77535 0.305708 1.07928 0.501782 0.504788 1.40993 0.356646 0.68521 0.907714 1.4323 1.34678 0.467113 0.533375 0.181604 0.361099 0.672442 0.3919 0.407484 0.365262 0.205941 0.269126 0.390317 0.294626 0.173238 0.223279 0.58089
BD_Bspro_t
 0.958938 0.714801 0.447442 0.245244 0.144044 0.0393291 0.526988 0.210224 0.133911 0.320214 0.106358 0.350404 0.379063 0.193737 0.113776 0.113274 0.475292 0.325128 0.708484 0.504834 0.28701 0.452198 0.494069 0.38622 0.60019 0.533141 0.408672 0.591966 0.719486 0.55787
BD_Bspro
 0.69917 4.30497 2.03534 0.636624 0.314944 0.051691 2.29142 0.622468 0.235157 0.673294 0.112728 0.309306 0.775445 0.361523 0.201395 0.190246 2.36875 1.24879 9.12914 4.35693 1.81193 3.81958 4.28483 2.36298 5.12025 3.03043 1.30897 2.50771 5.09412 2.50816
BD_Bo
 0.11245 0.692381 0.32735 0.10239 0.0506533 0.00831362 0.368535 0.100113 0.037821 0.108288 0.0181303 0.0497465 0.124717 0.0581448 0.032391 0.0305977 0.380973 0.200847 1.46827 0.700737 0.291418 0.614315 0.689141 0.380045 0.823504 0.487393 0.210525 0.403323 0.819301 0.403394
BD_Brms
 0.916659 5.6441 2.66847 0.834657 0.412912 0.0677704 3.0042 0.816097 0.308307 0.882733 0.147794 0.405521 1.01666 0.473981 0.264042 0.249425 3.10559 1.63725 11.9689 5.71222 2.37556 5.00773 5.6177 3.09802 6.71298 3.9731 1.71615 3.28778 6.67873 3.28836
Sel_flota
 1 1 1 1 1
 1 1 1 1 1
 1 1 1 1 1
 1 1 1 1 1
 1 1 1 1 1
 1 1 1 1 1
 1 1 1 1 1
 1 1 1 1 1
 1 1 1 1 1
 1 1 1 1 1
 1 1 1 1 1
 1 1 1 1 1
 1 1 1 1 1
 1 1 1 1 1
 1 1 1 1 1
 1 1 1 1 1
 1 1 1 1 1
 1 1 1 1 1
 1 1 1 1 1
 1 1 1 1 1
 1 1 1 1 1
 1 1 1 1 1
 1 1 1 1 1
 1 1 1 1 1
 1 1 1 1 1
 1 1 1 1 1
 1 1 1 1 1
 1 1 1 1 1
 1 1 1 1 1
 1 1 1 1 1
Sel_reclas
 1 1 1 1 1
 1 1 1 1 1
 1 1 1 1 1
 1 1 1 1 1
 1 1 1 1 1
 1 1 1 1 1
 1 1 1 1 1
 1 1 1 1 1
 1 1 1 1 1
 1 1 1 1 1
 1 1 1 1 1
 1 1 1 1 1
 1 1 1 1 1
 1 1 1 1 1
 1 1 1 1 1
 1 1 1 1 1
 1 1 1 1 1
 1 1 1 1 1
 1 1 1 1 1
 1 1 1 1 1
 1 1 1 1 1
 1 1 1 1 1
 1 1 1 1 1
 1 1 1 1 1
 1 1 1 1 1
 1 1 1 1 1
 1 1 1 1 1
 1 1 1 1 1
 1 1 1 1 1
 1 1 1 1 1
Sel_pelaces
 1 1 1 1 1
 1 1 1 1 1
 1 1 1 1 1
 1 1 1 1 1
 1 1 1 1 1
 1 1 1 1 1
 1 1 1 1 1
 1 1 1 1 1
 1 1 1 1 1
 1 1 1 1 1
 1 1 1 1 1
 1 1 1 1 1
 1 1 1 1 1
 1 1 1 1 1
 1 1 1 1 1
 1 1 1 1 1
 1 1 1 1 1
 1 1 1 1 1
 1 1 1 1 1
 1 1 1 1 1
 1 1 1 1 1
 1 1 1 1 1
 1 1 1 1 1
 1 1 1 1 1
 1 1 1 1 1
 1 1 1 1 1
 1 1 1 1 1
 1 1 1 1 1
 1 1 1 1 1
 1 1 1 1 1
pf_obs 
 0.8446 0.082 0.0669 0.0065 0
 0.8095 0.147 0.0364 0.0071 0
 0.9664 0.0169 0.016 0.0007 0
 0.9276 0.0648 0.0075 0.0001 0
 0.7033 0.2144 0.0806 0.0017 0
 0.9318 0.0425 0.0243 0.0014 0
 0.5671 0.3108 0.0964 0.0239 0.0018
 0.0768 0.2599 0.5324 0.112 0.0189
 0.490249 0.384438 0.106611 0.0170017 0.00170017
 0.7925 0.1577 0.0466 0.003 0.0002
 0.840416 0.127587 0.0312969 0.00059994 9.999e-05
 0.8084 0.0986 0.0794 0.0134 0.0002
 0.7335 0.1905 0.0724 0.0035 0.0001
 0.4001 0.4547 0.1325 0.0127 0
 0.49795 0.308269 0.164784 0.0264974 0.00249975
 0.9179 0.0499 0.0305 0.0017 0
 0.2467 0.6533 0.0926 0.0074 0
 0.9418 0.0223 0.034 0.0019 0
 0.707729 0.231977 0.0356964 0.0245975 0
 0.517169 0.277429 0.184464 0.0207286 0.00020938
 0.811772 0.124168 0.05621 0.00726502 0.000585176
 0.764997 0.148141 0.077277 0.00933861 0.000247198
 0.163321 0.427699 0.378323 0.0303852 0.000271297
 0.753843 0.0900009 0.118128 0.0371064 0.000921714
 0.721811 0.176058 0.0630433 0.0369309 0.00215725
 0.143369 0.312575 0.442814 0.0836902 0.0175525
 0.692698 0.0596174 0.167031 0.0765114 0.00414204
 0.394062 0.376323 0.152708 0.0712218 0.00568511
 0.125707 0.32114 0.495352 0.0537591 0.00404204
 0.23352 0.215282 0.420074 0.123614 0.00750983
pf_pred 
 0.968482 0.0230383 0.00764634 0.000833099 1.05557e-07
 0.0092614 0.959513 0.0228249 0.00757552 0.000825488
 0.12686 0.0080865 0.837789 0.0199293 0.00733525
 0.912016 0.0111617 0.00071148 0.0737118 0.00239884
 0.120863 0.801788 0.00981262 0.000625489 0.0669117
 0.997392 0.000315196 0.00209097 2.55902e-05 0.000176129
 0.0199081 0.977536 0.000308921 0.00204934 0.000197704
 0.0426854 0.0190584 0.935809 0.000295735 0.00215113
 0.962587 0.00159699 0.000713033 0.0350116 9.1545e-05
 0.121606 0.84553 0.00140279 0.000626324 0.0308344
 0.962458 0.00456529 0.0317425 5.26629e-05 0.00118108
 0.936505 0.0611109 0.000289871 0.00201548 7.83362e-05
 0.635481 0.341374 0.0222761 0.000105664 0.000763236
 0.844518 0.0988059 0.0530776 0.00346353 0.000135098
 0.856862 0.120882 0.0141429 0.0075974 0.0005151
 0.98794 0.0103337 0.00145783 0.000170561 9.7836e-05
 0.034908 0.953453 0.00997295 0.00140694 0.000259028
 0.981292 0.000653044 0.0178368 0.000186569 3.11662e-05
 0.280133 0.7064 0.000470105 0.0128401 0.000156741
 0.161231 0.234967 0.592507 0.000394309 0.0109014
 0.940004 0.00967322 0.0140971 0.0355481 0.000677697
 0.830679 0.159162 0.00163788 0.00238694 0.0061338
 0.0226839 0.811836 0.155552 0.00160073 0.00832745
 0.890305 0.00248832 0.0890547 0.0170633 0.00108908
 0.534507 0.414431 0.0011583 0.0414543 0.00844982
 0.152883 0.45279 0.351071 0.000981214 0.0422747
 0.918702 0.0124291 0.036811 0.0285415 0.00351663
 0.814188 0.170706 0.00230948 0.00683994 0.00595679
 0.0448165 0.777699 0.163056 0.00220598 0.0122232
 0.0556893 0.0423207 0.734389 0.153975 0.0136257
pobs_RECLAS
 0 0 0 0 0
 0 0 0 0 0
 0 0 0 0 0
 0 0 0 0 0
 0 0 0 0 0
 0 0 0 0 0
 0 0 0 0 0
 0 0 0 0 0
 0 0 0 0 0
 0 0 0 0 0
 0.991045 0.00858322 0.000360255 1.14367e-05 0
 0.934742 0.0480273 0.0164251 0.00080598 0
 0.827803 0.169806 0.00239088 0 0
 0.941827 0.0461693 0.0120037 0 0
 0.791401 0.0380133 0.147996 0.0225897 0
 0.846168 0.0940531 0.0597789 0 0
 0.134021 0.677848 0.182769 0.00536245 0
 0.80878 0.0450904 0.141981 0.00414843 0
 0.846168 0.0940531 0.0597789 0 0
 0.905697 0.0802665 0.012482 0.00150086 5.37128e-05
 0.989698 0.0102097 9.19794e-05 0 0
 0.975433 0.0193895 0.00387452 0.00125025 5.28907e-05
 0.303575 0.632131 0.0575291 0.00676475 0
 0.966965 0.00978017 0.0227588 0.000495775 0
 0.843318 0.132988 0.00938335 0.0141283 0.000182051
 0.564624 0.303363 0.111486 0.0197234 0.00080311
 0.826376 0.0876187 0.0782897 0.00655872 0.00115652
 0.89761 0.0855135 0.0140674 0.00269457 0.000114338
 0.34875 0.467042 0.161289 0.0227151 0.000203297
 0.318654 0.224769 0.449479 0.00709798 0
ppred_RECLAS
 0.968482 0.0230383 0.00764634 0.000833099 1.05557e-07
 0.0092614 0.959513 0.0228249 0.00757552 0.000825488
 0.12686 0.0080865 0.837789 0.0199293 0.00733525
 0.912016 0.0111617 0.00071148 0.0737118 0.00239884
 0.120863 0.801788 0.00981262 0.000625489 0.0669117
 0.997392 0.000315196 0.00209097 2.55902e-05 0.000176129
 0.0199081 0.977536 0.000308921 0.00204934 0.000197704
 0.0426854 0.0190584 0.935809 0.000295735 0.00215113
 0.962587 0.00159699 0.000713033 0.0350116 9.1545e-05
 0.121606 0.84553 0.00140279 0.000626324 0.0308344
 0.962458 0.00456529 0.0317425 5.26629e-05 0.00118108
 0.936505 0.0611109 0.000289871 0.00201548 7.83362e-05
 0.635481 0.341374 0.0222761 0.000105664 0.000763236
 0.844518 0.0988059 0.0530776 0.00346353 0.000135098
 0.856862 0.120882 0.0141429 0.0075974 0.0005151
 0.98794 0.0103337 0.00145783 0.000170561 9.7836e-05
 0.034908 0.953453 0.00997295 0.00140694 0.000259028
 0.981292 0.000653044 0.0178368 0.000186569 3.11662e-05
 0.280133 0.7064 0.000470105 0.0128401 0.000156741
 0.161231 0.234967 0.592507 0.000394309 0.0109014
 0.940004 0.00967322 0.0140971 0.0355481 0.000677697
 0.830679 0.159162 0.00163788 0.00238694 0.0061338
 0.0226839 0.811836 0.155552 0.00160073 0.00832745
 0.890305 0.00248832 0.0890547 0.0170633 0.00108908
 0.534507 0.414431 0.0011583 0.0414543 0.00844982
 0.152883 0.45279 0.351071 0.000981214 0.0422747
 0.918702 0.0124291 0.036811 0.0285415 0.00351663
 0.814188 0.170706 0.00230948 0.00683994 0.00595679
 0.0448165 0.777699 0.163056 0.00220598 0.0122232
 0.0556893 0.0423207 0.734389 0.153975 0.0136257
pobs_PELACES
 0 0 0 0 0
 0 0 0 0 0
 0 0 0 0 0
 0 0 0 0 0
 0 0 0 0 0
 0 0 0 0 0
 0 0 0 0 0
 0 0 0 0 0
 0 0 0 0 0
 0 0 0 0 0
 0 0 0 0 0
 0 0 0 0 0
 0 0 0 0 0
 0 0 0 0 0
 0 0 0 0 0
 0 0 0 0 0
 0.505614 0.472636 0.0217494 0 0
 0 0 0 0 0
 0.443492 0.261883 0.143347 0.151278 0
 0.227955 0.32914 0.350689 0.0885471 0.00366901
 0.970185 0.0296113 0.000203453 0 0
 0.997202 0.00247181 0.000326279 0 0
 0.445219 0.490057 0.0546422 0.010081 0
 0.90214 0.0892962 0.00764917 0.000914606 0
 0 0 0 0 0
 0.581667 0.319106 0.0959925 0.00289975 0.000334073
 0.762889 0.0836404 0.116647 0.0363945 0.000428098
 0.88444 0.0763242 0.0277011 0.0115352 0
 0.521256 0.241999 0.230069 0.00667565 0
 0.616807 0.101726 0.260614 0.0208532 0
ppred_PELACES
 0.968482 0.0230383 0.00764634 0.000833099 1.05557e-07
 0.0092614 0.959513 0.0228249 0.00757552 0.000825488
 0.12686 0.0080865 0.837789 0.0199293 0.00733525
 0.912016 0.0111617 0.00071148 0.0737118 0.00239884
 0.120863 0.801788 0.00981262 0.000625489 0.0669117
 0.997392 0.000315196 0.00209097 2.55902e-05 0.000176129
 0.0199081 0.977536 0.000308921 0.00204934 0.000197704
 0.0426854 0.0190584 0.935809 0.000295735 0.00215113
 0.962587 0.00159699 0.000713033 0.0350116 9.1545e-05
 0.121606 0.84553 0.00140279 0.000626324 0.0308344
 0.962458 0.00456529 0.0317425 5.26629e-05 0.00118108
 0.936505 0.0611109 0.000289871 0.00201548 7.83362e-05
 0.635481 0.341374 0.0222761 0.000105664 0.000763236
 0.844518 0.0988059 0.0530776 0.00346353 0.000135098
 0.856862 0.120882 0.0141429 0.0075974 0.0005151
 0.98794 0.0103337 0.00145783 0.000170561 9.7836e-05
 0.034908 0.953453 0.00997295 0.00140694 0.000259028
 0.981292 0.000653044 0.0178368 0.000186569 3.11662e-05
 0.280133 0.7064 0.000470105 0.0128401 0.000156741
 0.161231 0.234967 0.592507 0.000394309 0.0109014
 0.940004 0.00967322 0.0140971 0.0355481 0.000677697
 0.830679 0.159162 0.00163788 0.00238694 0.0061338
 0.0226839 0.811836 0.155552 0.00160073 0.00832745
 0.890305 0.00248832 0.0890547 0.0170633 0.00108908
 0.534507 0.414431 0.0011583 0.0414543 0.00844982
 0.152883 0.45279 0.351071 0.000981214 0.0422747
 0.918702 0.0124291 0.036811 0.0285415 0.00351663
 0.814188 0.170706 0.00230948 0.00683994 0.00595679
 0.0448165 0.777699 0.163056 0.00220598 0.0122232
 0.0556893 0.0423207 0.734389 0.153975 0.0136257
pobs_pel_tallas
 0 0 0 0 0 0 0 0 0 0 0 0 0 0 0 0 0 0 0 0 0 0 0 0 0 0
 0 0 0 0 0 0 0 0 0 0 0 0 0 0 0 0 0 0 0 0 0 0 0 0 0 0
 0 0 0 0 0 0 0 0 0 0 0 0 0 0 0 0 0 0 0 0 0 0 0 0 0 0
 0 0 0 0 0 0 0 0 0 0 0 0 0 0 0 0 0 0 0 0 0 0 0 0 0 0
 0 0 0 0 0 0 0 0 0 0 0 0 0 0 0 0 0 0 0 0 0 0 0 0 0 0
 0 0 0 0 0 0 0 0 0 0 0 0 0 0 0 0 0 0 0 0 0 0 0 0 0 0
 0 0 0 0 0 0 0 0 0 0 0 0 0 0 0 0 0 0 0 0 0 0 0 0 0 0
 0 0 0 0 0 0 0 0 0 0 0 0 0 0 0 0 0 0 0 0 0 0 0 0 0 0
 0 0 0 0 0 0 0 0 0 0 0 0 0 0 0 0 0 0 0 0 0 0 0 0 0 0
 0 0 0 0 0 0 0 0 0 0 0 0 0 0 0 0 0 0 0 0 0 0 0 0 0 0
 0 0 0 0 0 0 0 0 0 0 0 0 0 0 0 0 0 0 0 0 0 0 0 0 0 0
 0 0 0 0 0 0 0 0 0 0 0 0 0 0 0 0 0 0 0 0 0 0 0 0 0 0
 0.00862536 0 0 0.000197151 0.00414017 0.0128641 0.00837892 0.0270097 0.101434 0.158115 0.152841 0.127902 0.109271 0.109419 0.0830992 0.0579132 0.0238553 0.00714673 0.00463305 0.00128148 0.00103504 0.000492878 0.000147863 0.000147863 4.92878e-05 0
 0 0 0 0 0 0 0 0 0 0 0 0 0 0 0 0 0 0 0 0 0 0 0 0 0 0
 0 0 0 0 0 0 0 0.0054083 0.00873648 0.0413646 0.0450493 0.0745869 0.0622846 0.0627006 0.0613931 0.0827291 0.12552 0.122667 0.0946155 0.0697135 0.0546179 0.0294188 0.0215738 0.0213955 0.0102223 0.00600262
 0 0 0 0 0.00359764 0.0251062 0.0480494 0.140153 0.205849 0.193036 0.1447 0.116669 0.0760912 0.0342217 0.00950174 0.001854 0.000860785 0 0 0 0.000165536 0 0.000143464 0 0 0
 0 0 0 0 0 0 0 0.000145254 0.000435761 0.0275982 0.070085 0.0708112 0.156366 0.174668 0.174014 0.160142 0.0824315 0.0480064 0.0283245 0.00493863 0.00203355 0 0 0 0 0
 0 0 0 0 0 0 0 0 0 0 0 0 0 0 0 0 0 0 0 0 0 0 0 0 0 0
 0 0 1.00437e-05 0.000401748 0.00122533 0.00171747 0.00176769 0.0269171 0.070346 0.194647 0.189555 0.159765 0.064822 0.0314167 0.0384472 0.0292271 0.0345202 0.0313363 0.0194345 0.0106764 0.0143323 0.0359363 0.0279516 0.0138201 0.00172751 0
 0 0.0021121 0.0136068 0.0755702 0.200478 0.177729 0.0527432 0.0373336 0.0318909 0.0142505 0.0149659 0.0166563 0.0217959 0.0798694 0.0677717 0.0528807 0.04013 0.0224614 0.0357745 0.0225083 0.00881397 0.00855152 0.00135912 0.000746735 0 0
 0 0 0 0 5.4009e-05 0.00500934 0.000945158 0.0243581 0.138947 0.33067 0.221406 0.137944 0.0707744 0.0437923 0.0131692 0.00525238 0.0047753 0.00276346 9.45158e-05 9.00151e-06 2.25038e-05 9.00151e-06 4.50075e-06 0 0 0
 0.000866109 0.00284123 0.00948549 0.0512746 0.133035 0.25785 0.225252 0.132002 0.0553304 0.0519788 0.0540692 0.017754 0.00435017 0.00159236 0.00146478 0.000404838 0.000125132 0.000115318 0.000107957 0.000100596 0 0 0 0 0 0
 0 0 0 0 0.00144013 0.00171154 0.00461396 0.0210425 0.0478622 0.0707936 0.0888783 0.103762 0.0637923 0.0337046 0.0602308 0.124433 0.169614 0.0934646 0.0462172 0.0250306 0.0313229 0.00938855 0.002487 0.000210481 0 0
 0 0.00764035 0.051015 0.0998891 0.058973 0.0496711 0.0374665 0.0718981 0.12319 0.153886 0.159021 0.0857701 0.0377988 0.023471 0.0147837 0.00900784 0.00315554 0.000888139 0.00291439 0.00214683 0.00393193 0.00274676 0.000635225 9.99891e-05 0 0
 0 0 0 0 0 0 0 0 0 0 0 0 0 0 0 0 0 0 0 0 0 0 0 0 0 0
 0 0 0 0 0 0 0 0 0 0 0 0 0 0 0 0 0 0 0 0 0 0 0 0 0 0
 0 0 0 0 0 0 0 0 0 0 0 0 0 0 0 0 0 0 0 0 0 0 0 0 0 0
 0 0 0 0 0 0 0 0 0 0 0 0 0 0 0 0 0 0 0 0 0 0 0 0 0 0
 0 0 0 0 0 0 0 0 0 0 0 0 0 0 0 0 0 0 0 0 0 0 0 0 0 0
 0 0 0 0 0 0 0 0 0 0 0 0 0 0 0 0 0 0 0 0 0 0 0 0 0 0
ppred_pel_tallas
 1.00311e-16 7.97726e-05 0.000775418 0.00515293 0.0234245 0.0728822 0.155283 0.226641 0.226643 0.155294 0.0729188 0.0235302 0.00541861 0.00135648 0.00118641 0.00184312 0.00266584 0.00339036 0.00380525 0.00381162 0.00347257 0.00296066 0.00244553 0.00201228 0.00165891 0.00134716
 1.01804e-16 7.63049e-07 7.4172e-06 4.92944e-05 0.000224142 0.000697884 0.00149033 0.00219452 0.00228682 0.00194123 0.00221133 0.00459312 0.011007 0.0238984 0.0452861 0.0746353 0.106974 0.133384 0.144777 0.136969 0.113238 0.0822607 0.053121 0.0312388 0.0175085 0.010005
 1.27419e-16 1.04493e-05 0.000101571 0.000674976 0.00306834 0.00954677 0.0203405 0.0296879 0.02969 0.0203512 0.00958667 0.00320011 0.00106795 0.00116491 0.00263041 0.00589347 0.0121125 0.0227506 0.0390093 0.0609736 0.0867531 0.112222 0.131877 0.140737 0.136407 0.120142
 1.07822e-16 7.51216e-05 0.000730208 0.00485249 0.0220587 0.0686329 0.14623 0.213427 0.213428 0.146235 0.0686511 0.0221117 0.0049871 0.0010299 0.000662902 0.00103024 0.00161437 0.00235205 0.00327474 0.00449475 0.00617583 0.00842603 0.0111599 0.0140247 0.016459 0.0178771
 1.11875e-16 9.95546e-06 9.67707e-05 0.000643079 0.00292339 0.00909617 0.0193832 0.0283065 0.0283836 0.01976 0.0103608 0.00657406 0.00979935 0.0200607 0.0378546 0.062384 0.0894499 0.111639 0.121443 0.115501 0.0967343 0.0725572 0.0506351 0.0353783 0.0271737 0.0238526
 1.00093e-16 8.21539e-05 0.000798565 0.00530674 0.0241237 0.0750577 0.159918 0.233406 0.233406 0.159919 0.0750583 0.0241254 0.0053111 0.000808576 0.000102654 4.35356e-05 6.36782e-05 9.84782e-05 0.000143376 0.000197349 0.000257044 0.000315154 0.000360845 0.000383052 0.000375271 0.000338837
 1.00498e-16 1.64001e-06 1.59416e-05 0.000105942 0.000481655 0.00149911 0.00319749 0.00468653 0.00478053 0.00365665 0.0030402 0.00492994 0.0112608 0.0243305 0.046072 0.075882 0.10865 0.13524 0.146348 0.137695 0.112666 0.0802116 0.0497542 0.0269824 0.0129148 0.0055968
 1.27404e-16 3.51594e-06 3.41762e-05 0.000227113 0.00103243 0.00321228 0.00684421 0.00998998 0.00999326 0.00686089 0.00327245 0.00122452 0.000778096 0.00146402 0.00338204 0.00730776 0.0145183 0.0265253 0.0445251 0.0685082 0.0963468 0.123512 0.144009 0.152472 0.146441 0.127515
 1.03548e-16 7.9287e-05 0.000770698 0.00512156 0.0232819 0.0724385 0.154338 0.225261 0.225261 0.154339 0.0724413 0.0232902 0.0051433 0.000821111 0.000184369 0.000205835 0.000356879 0.000606807 0.001002 0.00160954 0.0024909 0.00365966 0.00503709 0.006435 0.00758868 0.00823712
 1.05538e-16 1.00167e-05 9.73662e-05 0.000647037 0.00294138 0.00915218 0.0195027 0.0284818 0.0285631 0.0198999 0.0104853 0.00678957 0.0102975 0.0211346 0.0398762 0.0656801 0.094085 0.117215 0.127073 0.120024 0.0990688 0.072 0.0469614 0.0287787 0.0181405 0.0130954
 1.01123e-16 7.92764e-05 0.000770595 0.00512088 0.0232788 0.0724288 0.154317 0.225231 0.225231 0.15432 0.0724371 0.0233031 0.00518435 0.000916766 0.000379132 0.000559145 0.000931963 0.00145021 0.00211427 0.00290905 0.00377872 0.00460761 0.00523003 0.00548318 0.00528026 0.00465766
 1.0024e-16 7.71387e-05 0.000749816 0.00498279 0.022651 0.0704758 0.150156 0.219159 0.219165 0.150185 0.0705722 0.0229292 0.00568041 0.00227067 0.00295949 0.00475484 0.00680546 0.00848174 0.00920137 0.00870076 0.00719416 0.00524003 0.00342077 0.00207982 0.0012655 0.000841577
 1.0087e-16 5.23438e-05 0.0005088 0.00338116 0.0153703 0.0478228 0.101893 0.148722 0.148755 0.102053 0.0483617 0.0169262 0.00728451 0.00902248 0.0161996 0.0266407 0.0382356 0.0477925 0.0520916 0.0496402 0.0415692 0.0308941 0.0207605 0.0130266 0.00798994 0.00500549
 1.01928e-16 6.95618e-05 0.000676166 0.00449336 0.0204262 0.0635534 0.135408 0.197633 0.197643 0.135455 0.0637109 0.0208819 0.00564006 0.0031889 0.00486937 0.00801177 0.0117007 0.0150577 0.017222 0.0177721 0.016931 0.0153371 0.0135841 0.0119189 0.0102792 0.00853667
 1.01289e-16 7.05786e-05 0.000686049 0.00455904 0.0207247 0.0644824 0.137387 0.200523 0.200535 0.137444 0.0646735 0.0212766 0.00594418 0.00370937 0.00581111 0.00949202 0.0136598 0.0171642 0.0188855 0.018312 0.0158426 0.0125144 0.00938085 0.00702083 0.00546466 0.00443713
 1.00079e-16 8.13753e-05 0.000790997 0.00525645 0.0238951 0.0743465 0.158403 0.231194 0.231195 0.158408 0.0743628 0.0239423 0.00537491 0.00104957 0.000572411 0.000817362 0.00116911 0.00146901 0.00161633 0.00156623 0.00135156 0.00105981 0.00078059 0.000564421 0.0004165 0.000316797
 1.00717e-16 2.87552e-06 2.79512e-05 0.00018575 0.000844449 0.00262789 0.00560238 0.00819606 0.00828776 0.00605032 0.00413132 0.00518422 0.0110692 0.0237532 0.0449634 0.0740718 0.106099 0.132149 0.143162 0.134962 0.110828 0.0794413 0.0499303 0.0277896 0.0139913 0.00665
 1.00539e-16 8.08278e-05 0.000785675 0.00522108 0.0237343 0.0738462 0.157337 0.229638 0.229638 0.157338 0.0738478 0.0237393 0.00523491 0.000820185 0.000159019 0.000167815 0.000310043 0.000547497 0.000895651 0.00135317 0.00188077 0.00239475 0.00278323 0.00294462 0.00283105 0.00247118
 1.01509e-16 2.30743e-05 0.000224291 0.00149049 0.00677561 0.0210818 0.0449195 0.0655756 0.0656435 0.0452513 0.0221955 0.00999044 0.00955249 0.0177983 0.0333248 0.0548613 0.0785724 0.0978546 0.106004 0.099953 0.0821654 0.0591092 0.0375625 0.0215718 0.011787 0.00671201
 1.19043e-16 1.32804e-05 0.00012909 0.000857851 0.00389968 0.0121335 0.0258525 0.0377374 0.0377609 0.0259678 0.012523 0.00503575 0.00375072 0.00658013 0.0126617 0.0219418 0.0339949 0.0476961 0.0616957 0.0750332 0.0871566 0.0972569 0.103689 0.104323 0.0977765 0.084533
 1.0409e-16 7.74269e-05 0.000752617 0.0050014 0.0227357 0.0707391 0.150717 0.219976 0.219977 0.150722 0.070755 0.0227823 0.00512015 0.00101782 0.000599283 0.000917742 0.00143609 0.00207513 0.00282606 0.00372404 0.00482937 0.00616336 0.00763545 0.00902157 0.0100225 0.0103758
 1.01366e-16 6.8422e-05 0.000665086 0.00441973 0.0200915 0.0625121 0.133189 0.194397 0.194412 0.133264 0.0627631 0.0208161 0.00623705 0.00462722 0.00757842 0.0123819 0.017741 0.0221257 0.0240335 0.0227857 0.0189482 0.013982 0.00940498 0.00610412 0.00418614 0.0032665
 1.06267e-16 1.86862e-06 1.81637e-05 0.000120708 0.000548769 0.00170784 0.00364163 0.00533148 0.00540979 0.00402426 0.00299274 0.00426065 0.00944046 0.0203711 0.0386783 0.0639965 0.0923148 0.116335 0.128571 0.125498 0.109584 0.0874961 0.0660335 0.0489887 0.0367466 0.0278877
 1.04467e-16 7.33332e-05 0.000712825 0.00473697 0.0215336 0.066999 0.142748 0.208346 0.208346 0.14275 0.0670059 0.0215554 0.00479874 0.000870665 0.000440641 0.000788986 0.00154207 0.00280252 0.00470654 0.00728811 0.0103772 0.0135517 0.0162042 0.0177314 0.0177656 0.0163242
 1.05727e-16 4.40267e-05 0.000427955 0.00284392 0.0129281 0.0402242 0.0857033 0.125095 0.125135 0.0858981 0.0408779 0.0148153 0.00757765 0.0107502 0.0196149 0.032274 0.0462993 0.0578476 0.0630624 0.0602347 0.0508844 0.0388193 0.0279231 0.0203521 0.0161753 0.0141925
 1.175e-16 1.25928e-05 0.000122407 0.00081344 0.00369781 0.0115055 0.0245153 0.03579 0.0358341 0.0247309 0.0122308 0.00579841 0.00610761 0.0117502 0.0223025 0.0373882 0.0551075 0.071898 0.084035 0.0896581 0.0896157 0.0863658 0.0819547 0.0768361 0.070285 0.0616445
 1.04523e-16 7.56722e-05 0.000735561 0.00488806 0.0222204 0.069136 0.147302 0.214991 0.214992 0.147308 0.069157 0.022282 0.00504585 0.00109099 0.000783383 0.00126224 0.00201826 0.00298267 0.0041456 0.00552342 0.00712816 0.00889686 0.0106334 0.0120269 0.0127557 0.0126188
 1.01805e-16 6.70636e-05 0.000651882 0.00433199 0.0196926 0.0612711 0.130545 0.190538 0.190554 0.130625 0.0615403 0.0204699 0.00628167 0.00490306 0.00812631 0.0132909 0.0190537 0.0237849 0.0258811 0.0246219 0.0206188 0.0154346 0.0106832 0.00729081 0.00534213 0.00439968
 1.07194e-16 3.69164e-06 3.58841e-05 0.000238466 0.00108408 0.00337337 0.0071901 0.0105099 0.0105849 0.00755676 0.00460472 0.00464154 0.00917162 0.0195483 0.0370936 0.0613999 0.0886358 0.111839 0.123867 0.121356 0.106649 0.0860678 0.0660334 0.0500791 0.0385044 0.0299317
 1.38952e-16 4.58706e-06 4.45879e-05 0.000296302 0.00134695 0.00419089 0.00892932 0.0130337 0.013039 0.00895558 0.00428249 0.00162671 0.0010559 0.00189301 0.00407381 0.00818955 0.0152163 0.0262988 0.0424212 0.0638088 0.0891679 0.115227 0.137154 0.150012 0.150663 0.139068
pSPR Fmed_Fpbrs
0.386507   0.172673 0.172673
Fs Fmed_Fpbrs
0.492471   1.005 1.005
SSBpbr Bo_Bmed_Bpbrs
1.61865e+06  544686  198565 198565
Ro
36571.7
SPR SPRFo_SPRFmed_SPRFpbrs
260332 100620 44952.3
Fref
1.005
log_Ro
10.327
likeval ReclasPelacesDesembMPH_pf_preclas_ppelaces_ptallas_desvR_qrecl_qpela
 20.6001 69.0931 1.3982 0.00115165 363.864 141.222 114.403 0 203.283 1.80628e-05 0 6.48349 0 0 0
q_reclas_q_pelaces
1.82622 1
M
1
N
 532605 12669.6 4205.01 458.152 0.0580495
 1455.21 150765 3586.41 1190.32 129.706
 5298.66 337.754 34992.4 832.401 306.376
 95164.4 1164.66 74.2395 7691.46 250.307
 1659.63 11009.8 134.742 8.58891 918.799
 327323 103.441 686.214 8.39818 57.802
 1806.4 88698.3 28.0304 185.951 17.939
 505.808 225.836 11089.1 3.50436 25.4902
 67905.8 112.66 50.301 2469.9 6.45805
 2168.77 15079.5 25.0178 11.1701 549.91
 41068.4 194.803 1354.47 2.24714 50.3972
 162075 10576.1 50.1661 348.806 13.5571
 55938.4 30049.6 1960.86 9.30108 67.1841
 70962.1 8302.34 4459.94 291.029 11.3519
 44181.4 6232.93 729.233 391.737 26.5595
 404133 4227.16 596.349 69.771 40.0214
 3411.86 93189.1 974.741 137.512 25.317
 1.1064e+06 736.3 20110.8 210.355 35.1396
 134605 339428 225.887 6169.71 75.3144
 23680.1 34509.8 87022.1 57.9126 1601.09
 432125 4446.83 6480.52 16341.7 311.541
 560671 107427 1105.49 1611.08 4140.04
 3834.39 137229 26293.8 270.579 1407.63
 350269 978.971 35036.4 6713.16 428.47
 135260 104874 293.114 10490.3 2138.28
 12836.8 38018.5 29477.7 82.3876 3549.59
 236257 3196.32 9466.47 7339.84 904.35
 308753 64734.4 875.792 2593.81 2258.91
 5504.36 95516.9 20026.5 270.938 1501.26
 2131.39 1619.73 28107.2 5893.06 521.492
pred_Ctot
 79285.9 1886.06 625.976 68.2026 0.00864151
 352.386 36508.4 868.463 288.24 31.4089
 1405.32 89.5799 9280.78 220.772 81.2579
 45136.8 552.404 35.212 3648.09 118.722
 995.469 6603.82 80.8204 5.15176 551.109
 55869.8 17.656 117.128 1.43346 9.86605
 820.414 40284.2 12.7306 84.4534 8.14736
 131.36 58.6504 2879.87 0.910097 6.61992
 17720.9 29.4 13.1267 644.549 1.68531
 1154.87 8029.81 13.322 5.94805 292.827
 8016.08 38.0232 264.376 0.438617 9.83696
 53681.8 3502.96 16.6158 115.53 4.49034
 22665.8 12175.9 794.526 3.76873 27.2225
 38116.8 4459.55 2395.63 156.325 6.09759
 22929.1 3234.74 378.454 203.302 13.7838
 99001.2 1035.53 146.089 17.0919 9.80412
 930.676 25419.8 265.887 37.5102 6.9059
 117877 78.4466 2142.64 22.4116 3.74383
 26555.1 66963 44.5634 1217.17 14.8582
 7733.15 11269.8 28418.6 18.9124 522.866
 91421 940.778 1371.03 3457.27 65.9101
 122592 23489.2 241.718 352.265 905.227
 763.938 27340.6 5238.59 53.9084 280.447
 41906.6 117.125 4191.8 803.17 51.2627
 20620.7 15988.3 44.6858 1599.26 325.985
 2706.46 8015.68 6214.96 17.3703 748.382
 39034.5 528.097 1564.05 1212.69 149.417
 31486.1 6601.5 89.3116 264.513 230.36
 709.04 12303.9 2579.7 34.9007 193.383
 621.998 472.683 8202.45 1719.76 152.186
F
 0.262056 0.262056 0.262056 0.262056 0.262056
 0.460591 0.460591 0.460591 0.460591 0.460591
 0.515021 0.515021 0.515021 0.515021 0.515021
 1.15682 1.15682 1.15682 1.15682 1.15682
 1.77535 1.77535 1.77535 1.77535 1.77535
 0.305708 0.305708 0.305708 0.305708 0.305708
 1.07928 1.07928 1.07928 1.07928 1.07928
 0.501782 0.501782 0.501782 0.501782 0.501782
 0.504788 0.504788 0.504788 0.504788 0.504788
 1.40993 1.40993 1.40993 1.40993 1.40993
 0.356646 0.356646 0.356646 0.356646 0.356646
 0.68521 0.68521 0.68521 0.68521 0.68521
 0.907714 0.907714 0.907714 0.907714 0.907714
 1.4323 1.4323 1.4323 1.4323 1.4323
 1.34678 1.34678 1.34678 1.34678 1.34678
 0.467113 0.467113 0.467113 0.467113 0.467113
 0.533375 0.533375 0.533375 0.533375 0.533375
 0.181604 0.181604 0.181604 0.181604 0.181604
 0.361099 0.361099 0.361099 0.361099 0.361099
 0.672442 0.672442 0.672442 0.672442 0.672442
 0.3919 0.3919 0.3919 0.3919 0.3919
 0.407484 0.407484 0.407484 0.407484 0.407484
 0.365262 0.365262 0.365262 0.365262 0.365262
 0.205941 0.205941 0.205941 0.205941 0.205941
 0.269126 0.269126 0.269126 0.269126 0.269126
 0.390317 0.390317 0.390317 0.390317 0.390317
 0.294626 0.294626 0.294626 0.294626 0.294626
 0.173238 0.173238 0.173238 0.173238 0.173238
 0.223279 0.223279 0.223279 0.223279 0.223279
 0.58089 0.58089 0.58089 0.58089 0.58089
nmprior
 8 8 7 0
nm_flota  nm_reclas  nm_pelaces    nm_pelaL
inf 5.11794 3.13383 3.93813
cv_recla  cv_pelaces  cv_mph
0.420205 0.978097 1.04729
 ------------------------------------------------
Talla a la edad & desviación 
 8 13.2811 15.8009 17.003 17.5766
 0.8 1.32811 1.58009 1.7003 1.75766
