years
 1991 1992 1993 1994 1995 1996 1997 1998 1999 2000 2001 2002 2003 2004 2005 2006 2007 2008 2009 2010 2011 2012 2013 2014 2015 2016 2017 2018 2019 2020
reclasobs
 0 0 0 0 0 0 0 0 0 252601 567819 844713 477998 351125 339783 2.1784e+06 2.13404e+06 4.81314e+06 1.55562e+06 2.62356e+06 3.21686e+06 3.843e+06 1.13348e+06 3.07943e+06 1.97215e+06 2.03268e+06 2.025e+06 2.42433e+06 2.27542e+06 1.05018e+06
reclaspred
 5.04766e+06 1.61426e+06 953622 675301 205698 3.16453e+06 1.36668e+06 625947 363852 243065 412850 811846 733953 535737 395346 1.82415e+06 837337 4.4031e+06 2.41166e+06 2.09276e+06 2.93008e+06 3.15443e+06 1.64416e+06 3.08111e+06 2.29542e+06 1.58497e+06 2.18695e+06 3.47835e+06 2.34955e+06 704670
pelacesobs
 0 0 0 0 0 0 0 0 0 0 0 0 0 0 0 552880 188675 0 991730 2.46772e+06 1.41603e+06 1.21717e+06 2.29649e+06 1.80582e+06 0 1.4828e+06 1.56532e+06 1.57751e+06 1.42118e+06 867257
pelacespred
 3.54219e+06 1.06504e+06 518988 274034 86192.3 2.17371e+06 700320 445469 180370 106541 260554 405915 403570 278830 201121 952898 378194 2.95285e+06 1.36306e+06 1.05523e+06 1.65891e+06 1.76554e+06 918560 2.19177e+06 1.42154e+06 980624 1.67217e+06 2.69126e+06 1.44714e+06 421840
mphobs
 0 0 0 0 0 0 0 0 0 0 0 498337 0 5186 125008 0 168611 109162 213762 579715 649985 157893 87575 83554 0 0 0 0 0 0
mphpred
 1.23847e+06 540614 117221 108945 48262.1 16884.5 396279 127513 58225 20086.3 13989.9 53315.1 73820.1 49567.9 24810.7 25257.5 202595 75290.7 486570 186635 265114 261568 359746 178818 338519 285677 165254 223337 517803 229851
desembarqueobs
 494567 514787 250237 358949 120608 361735 552515 73892 212993 205616 52469 317467 293654 387597 252695 516296 358380 742168 942051 627588 828172 859565 418607 520667 417249 300574 407403 355545 319650 289779
desembarquepred
 494507 514488 249946 358652 120536 361579 551942 73874.1 212801 205436 52457.4 317201 293350 386973 252407 515818 358096 741585 940554 626686 827644 858607 418227 520370 416859 300332 407101 355292 319322 289349
Reclutas
 31001 20650.9 153836 55068 15712.6 299956 25384.5 7026.77 22878 43420.7 40892.8 112320 79828.7 66975.7 43115.2 270430 17255.2 473672 161341 241921 201873 436043 27886.9 170471 161930 37953.4 134956 201968 25427 12360
log_desv_Rt
 -0.784295 -1.19055 0.817573 -0.209746 -1.46385 1.48532 -0.984177 -2.26859 -1.08814 -0.447377 -0.50736 0.503039 0.161568 -0.0139845 -0.45444 1.3817 -1.3702 1.9422 0.865204 1.2703 1.08933 1.85943 -0.890158 0.920251 0.868849 -0.581956 0.686635 1.08979 -0.982504 -1.70385
SSB
 1.67021e+06 729078 158085 146924 65086.7 22770.6 534426 171965 78522.9 27088.6 18866.9 71901.3 99554.5 66847.8 33459.9 34062.6 273222 101538 656194 251698 357536 352753 485157 241156 456531 385267 222864 301194 698315 309980
BT
 2.13036e+06 1.04894e+06 460645 391179 138293 1.34855e+06 816253 279525 287210 242549 167055 452450 455304 533132 343195 858594 459072 2.07436e+06 1.52688e+06 1.00204e+06 1.47734e+06 1.57237e+06 785069 1.54011e+06 1.04419e+06 725281 1.22263e+06 1.62801e+06 951691 497987
Ftot
 0.299598 0.907682 0.910173 1.56298 1.64147 0.46105 1.14301 0.373588 1.7868 2.5043 0.494954 1.34715 1.32901 2.21442 2.06494 1.07229 1.22151 0.658376 1.20251 1.05148 0.962091 0.969199 0.772193 0.627276 0.621792 0.606887 0.681902 0.389808 0.419842 1.15679
BD_Bspro_t
 0.953336 0.645997 0.278149 0.276902 0.118786 0.0587661 0.492579 0.215942 0.152152 0.0746902 0.0686137 0.277071 0.227093 0.14313 0.0749285 0.0794218 0.287412 0.132412 0.406192 0.199727 0.221479 0.219875 0.288911 0.188218 0.336338 0.35091 0.288391 0.390339 0.571011 0.372607
BD_Bspro
 3.45461 1.508 0.326978 0.303892 0.134623 0.047098 1.10539 0.355687 0.162414 0.0560292 0.0390237 0.148718 0.205915 0.138266 0.0692074 0.0704538 0.565122 0.210017 1.35725 0.520604 0.739514 0.729622 1.00348 0.498799 0.944272 0.796874 0.460964 0.622979 1.44437 0.641152
BD_Bo
 1.16487 0.508487 0.110255 0.10247 0.0453941 0.0158811 0.372729 0.119935 0.0547649 0.0188927 0.0131585 0.0501468 0.0694332 0.0466223 0.0233363 0.0237566 0.190556 0.0708165 0.457656 0.175544 0.24936 0.246024 0.338367 0.168192 0.318403 0.268701 0.155434 0.210065 0.487032 0.216192
BD_Brms
 6.42632 2.8052 0.608249 0.565304 0.250428 0.0876123 2.05625 0.661654 0.302124 0.104226 0.0725923 0.276647 0.383046 0.257203 0.12874 0.131059 1.05125 0.390677 2.52477 0.968434 1.37565 1.35725 1.86669 0.927871 1.75655 1.48235 0.857491 1.15887 2.68683 1.19268
Sel_flota
 0.716844 0.979634 0.998907 0.999942 0.999997
 0.716844 0.979634 0.998907 0.999942 0.999997
 0.716844 0.979634 0.998907 0.999942 0.999997
 0.716844 0.979634 0.998907 0.999942 0.999997
 0.716844 0.979634 0.998907 0.999942 0.999997
 0.716844 0.979634 0.998907 0.999942 0.999997
 0.716844 0.979634 0.998907 0.999942 0.999997
 0.716844 0.979634 0.998907 0.999942 0.999997
 0.716844 0.979634 0.998907 0.999942 0.999997
 0.716844 0.979634 0.998907 0.999942 0.999997
 0.716844 0.979634 0.998907 0.999942 0.999997
 0.716844 0.979634 0.998907 0.999942 0.999997
 0.716844 0.979634 0.998907 0.999942 0.999997
 0.716844 0.979634 0.998907 0.999942 0.999997
 0.716844 0.979634 0.998907 0.999942 0.999997
 0.716844 0.979634 0.998907 0.999942 0.999997
 0.716844 0.979634 0.998907 0.999942 0.999997
 0.716844 0.979634 0.998907 0.999942 0.999997
 0.716844 0.979634 0.998907 0.999942 0.999997
 0.716844 0.979634 0.998907 0.999942 0.999997
 0.716844 0.979634 0.998907 0.999942 0.999997
 0.716844 0.979634 0.998907 0.999942 0.999997
 0.716844 0.979634 0.998907 0.999942 0.999997
 0.716844 0.979634 0.998907 0.999942 0.999997
 0.716844 0.979634 0.998907 0.999942 0.999997
 0.716844 0.979634 0.998907 0.999942 0.999997
 0.716844 0.979634 0.998907 0.999942 0.999997
 0.716844 0.979634 0.998907 0.999942 0.999997
 0.716844 0.979634 0.998907 0.999942 0.999997
 0.716844 0.979634 0.998907 0.999942 0.999997
Sel_reclas
 0.975501 1 1 1 1
 0.975501 1 1 1 1
 0.975501 1 1 1 1
 0.975501 1 1 1 1
 0.975501 1 1 1 1
 0.975501 1 1 1 1
 0.975501 1 1 1 1
 0.975501 1 1 1 1
 0.975501 1 1 1 1
 0.975501 1 1 1 1
 0.975501 1 1 1 1
 0.975501 1 1 1 1
 0.975501 1 1 1 1
 0.975501 1 1 1 1
 0.975501 1 1 1 1
 0.975501 1 1 1 1
 0.975501 1 1 1 1
 0.975501 1 1 1 1
 0.975501 1 1 1 1
 0.975501 1 1 1 1
 0.975501 1 1 1 1
 0.975501 1 1 1 1
 0.975501 1 1 1 1
 0.975501 1 1 1 1
 0.975501 1 1 1 1
 0.975501 1 1 1 1
 0.975501 1 1 1 1
 0.975501 1 1 1 1
 0.975501 1 1 1 1
 0.975501 1 1 1 1
Sel_pelaces
 0.999997 1 1 1 1
 0.999997 1 1 1 1
 0.999997 1 1 1 1
 0.999997 1 1 1 1
 0.999997 1 1 1 1
 0.999997 1 1 1 1
 0.999997 1 1 1 1
 0.999997 1 1 1 1
 0.999997 1 1 1 1
 0.999997 1 1 1 1
 0.999997 1 1 1 1
 0.999997 1 1 1 1
 0.999997 1 1 1 1
 0.999997 1 1 1 1
 0.999997 1 1 1 1
 0.999997 1 1 1 1
 0.999997 1 1 1 1
 0.999997 1 1 1 1
 0.999997 1 1 1 1
 0.999997 1 1 1 1
 0.999997 1 1 1 1
 0.999997 1 1 1 1
 0.999997 1 1 1 1
 0.999997 1 1 1 1
 0.999997 1 1 1 1
 0.999997 1 1 1 1
 0.999997 1 1 1 1
 0.999997 1 1 1 1
 0.999997 1 1 1 1
 0.999997 1 1 1 1
pf_obs 
 0.8446 0.082 0.0669 0.0065 0
 0.8095 0.147 0.0364 0.0071 0
 0.9664 0.0169 0.016 0.0007 0
 0.9276 0.0648 0.0075 0.0001 0
 0.7033 0.2144 0.0806 0.0017 0
 0.9318 0.0425 0.0243 0.0014 0
 0.5671 0.3108 0.0964 0.0239 0.0018
 0.0768 0.2599 0.5324 0.112 0.0189
 0.490249 0.384438 0.106611 0.0170017 0.00170017
 0.7925 0.1577 0.0466 0.003 0.0002
 0.840416 0.127587 0.0312969 0.00059994 9.999e-05
 0.8084 0.0986 0.0794 0.0134 0.0002
 0.7335 0.1905 0.0724 0.0035 0.0001
 0.4001 0.4547 0.1325 0.0127 0
 0.49795 0.308269 0.164784 0.0264974 0.00249975
 0.9179 0.0499 0.0305 0.0017 0
 0.2467 0.6533 0.0926 0.0074 0
 0.9418 0.0223 0.034 0.0019 0
 0.707729 0.231977 0.0356964 0.0245975 0
 0.517169 0.277429 0.184464 0.0207286 0.00020938
 0.811772 0.124168 0.05621 0.00726502 0.000585176
 0.764997 0.148141 0.077277 0.00933861 0.000247198
 0.163321 0.427699 0.378323 0.0303852 0.000271297
 0.753843 0.0900009 0.118128 0.0371064 0.000921714
 0.721811 0.176058 0.0630433 0.0369309 0.00215725
 0.143369 0.312575 0.442814 0.0836902 0.0175525
 0.692698 0.0596174 0.167031 0.0765114 0.00414204
 0.394062 0.376323 0.152708 0.0712218 0.00568511
 0.125707 0.32114 0.495352 0.0537591 0.00404204
 0.23352 0.215282 0.420074 0.123614 0.00750983
pf_pred 
 0.180191 0.188936 0.558855 0.0720167 9.0681e-07
 0.300644 0.167996 0.124583 0.360389 0.046387
 0.926766 0.029941 0.0106497 0.00766318 0.0249805
 0.597954 0.383194 0.00785207 0.00270943 0.00829102
 0.591993 0.296651 0.106335 0.00209386 0.00292693
 0.989441 0.00766483 0.00212773 0.000732278 3.44984e-05
 0.205093 0.789154 0.00420412 0.001139 0.000409932
 0.278226 0.214261 0.503961 0.00259697 0.000955082
 0.779088 0.0795799 0.0426482 0.0979937 0.000689813
 0.934183 0.0573886 0.0031242 0.00160319 0.00370099
 0.919921 0.0775763 0.00219767 0.000113286 0.000191752
 0.892193 0.10176 0.00586196 0.000161995 2.24544e-05
 0.795879 0.19068 0.0127127 0.000706066 2.21731e-05
 0.81653 0.159594 0.0223561 0.00143718 8.21677e-05
 0.868937 0.118196 0.0112647 0.00150075 0.000101718
 0.982527 0.0162403 0.0011167 0.000101487 1.44003e-05
 0.232017 0.759674 0.00774038 0.000515209 5.3373e-05
 0.979076 0.0070006 0.0137775 0.000135622 9.94387e-06
 0.544111 0.449616 0.00213649 0.00409323 4.31846e-05
 0.838024 0.107691 0.0535641 0.000245937 0.000475279
 0.775317 0.200879 0.0159959 0.00770443 0.000103552
 0.888045 0.0947183 0.0154609 0.00119368 0.0005817
 0.202858 0.738756 0.0496315 0.00785449 0.000900416
 0.863348 0.0383606 0.0912798 0.00596182 0.00105006
 0.740499 0.235031 0.00700038 0.0162252 0.00124462
 0.385143 0.498035 0.106075 0.00307766 0.00766971
 0.84961 0.0727123 0.0632293 0.0131207 0.00132746
 0.819064 0.162118 0.00922633 0.00780989 0.00178202
 0.230521 0.666783 0.0922417 0.00512913 0.0053257
 0.30512 0.210312 0.421227 0.0569004 0.00644079
pobs_RECLAS
 0 0 0 0 0
 0 0 0 0 0
 0 0 0 0 0
 0 0 0 0 0
 0 0 0 0 0
 0 0 0 0 0
 0 0 0 0 0
 0 0 0 0 0
 0 0 0 0 0
 0 0 0 0 0
 0.991045 0.00858322 0.000360255 1.14367e-05 0
 0.934742 0.0480273 0.0164251 0.00080598 0
 0.827803 0.169806 0.00239088 0 0
 0.941827 0.0461693 0.0120037 0 0
 0.791401 0.0380133 0.147996 0.0225897 0
 0.846168 0.0940531 0.0597789 0 0
 0.134021 0.677848 0.182769 0.00536245 0
 0.80878 0.0450904 0.141981 0.00414843 0
 0.846168 0.0940531 0.0597789 0 0
 0.905697 0.0802665 0.012482 0.00150086 5.37128e-05
 0.989698 0.0102097 9.19794e-05 0 0
 0.975433 0.0193895 0.00387452 0.00125025 5.28907e-05
 0.303575 0.632131 0.0575291 0.00676475 0
 0.966965 0.00978017 0.0227588 0.000495775 0
 0.843318 0.132988 0.00938335 0.0141283 0.000182051
 0.564624 0.303363 0.111486 0.0197234 0.00080311
 0.826376 0.0876187 0.0782897 0.00655872 0.00115652
 0.89761 0.0855135 0.0140674 0.00269457 0.000114338
 0.34875 0.467042 0.161289 0.0227151 0.000203297
 0.318654 0.224769 0.449479 0.00709798 0
ppred_RECLAS
 0.230765 0.180053 0.521987 0.0671939 8.46036e-07
 0.376173 0.152488 0.110611 0.319594 0.0411336
 0.94648 0.0221795 0.00771651 0.00554602 0.0180778
 0.68111 0.304304 0.0060799 0.0020951 0.00641067
 0.678182 0.235623 0.0823144 0.00161865 0.00226249
 0.992209 0.00568771 0.00154681 0.000531769 2.50507e-05
 0.264889 0.729913 0.00379962 0.00102814 0.00037001
 0.345006 0.197222 0.454571 0.00233993 0.000860504
 0.839534 0.0588282 0.0307004 0.0704411 0.000495824
 0.9566 0.0379975 0.00200487 0.00102708 0.00237083
 0.939592 0.0585574 0.00162501 8.36751e-05 0.000141623
 0.921364 0.0743251 0.00417949 0.000115352 1.5988e-05
 0.846511 0.143607 0.00934698 0.000518469 1.62808e-05
 0.870756 0.11285 0.0153521 0.000985379 5.63322e-05
 0.908286 0.0829385 0.00768395 0.00102215 6.92744e-05
 0.987394 0.0117353 0.000788739 7.15943e-05 1.01581e-05
 0.297723 0.694854 0.00691549 0.000459727 4.76222e-05
 0.984766 0.00516894 0.00995978 9.79307e-05 7.17991e-06
 0.625891 0.369083 0.00171324 0.00327824 3.45839e-05
 0.878663 0.0812836 0.0395217 0.000181242 0.000350233
 0.827039 0.155006 0.0120705 0.00580687 7.8043e-05
 0.916717 0.0707028 0.0112857 0.00087029 0.000424081
 0.258716 0.688072 0.0452402 0.00715133 0.000819759
 0.897183 0.0293031 0.068275 0.0044543 0.000784496
 0.795458 0.185632 0.00541397 0.0125343 0.000961433
 0.460859 0.438443 0.0914438 0.0026502 0.00660405
 0.886223 0.0556199 0.0473498 0.00981444 0.000992894
 0.859449 0.126204 0.00703793 0.00595102 0.00135779
 0.288426 0.618282 0.0838043 0.00465491 0.00483304
 0.384116 0.189453 0.37075 0.0500201 0.0056616
pobs_PELACES
 0 0 0 0 0
 0 0 0 0 0
 0 0 0 0 0
 0 0 0 0 0
 0 0 0 0 0
 0 0 0 0 0
 0 0 0 0 0
 0 0 0 0 0
 0 0 0 0 0
 0 0 0 0 0
 0 0 0 0 0
 0 0 0 0 0
 0 0 0 0 0
 0 0 0 0 0
 0 0 0 0 0
 0 0 0 0 0
 0.505614 0.472636 0.0217494 0 0
 0 0 0 0 0
 0.443492 0.261883 0.143347 0.151278 0
 0.227955 0.32914 0.350689 0.0885471 0.00366901
 0.970185 0.0296113 0.000203453 0 0
 0.997202 0.00247181 0.000326279 0 0
 0.445219 0.490057 0.0546422 0.010081 0
 0.90214 0.0892962 0.00764917 0.000914606 0
 0 0 0 0 0
 0.581667 0.319106 0.0959925 0.00289975 0.000334073
 0.762889 0.0836404 0.116647 0.0363945 0.000428098
 0.88444 0.0763242 0.0277011 0.0115352 0
 0.521256 0.241999 0.230069 0.00667565 0
 0.616807 0.101726 0.260614 0.0208532 0
ppred_PELACES
 0.24017 0.178113 0.515379 0.0663365 8.35236e-07
 0.401849 0.146877 0.105928 0.305968 0.0393791
 0.95166 0.0201035 0.00695387 0.00499635 0.0162858
 0.714979 0.272112 0.00538293 0.00185394 0.00567259
 0.714098 0.209911 0.0725706 0.00142625 0.00199349
 0.9927 0.00533356 0.00144625 0.000497119 2.34183e-05
 0.289722 0.705292 0.00364486 0.000985882 0.000354793
 0.358426 0.193502 0.444939 0.00229006 0.000842158
 0.863182 0.0505339 0.0260739 0.0597892 0.000420833
 0.965674 0.0301139 0.0015638 0.000800437 0.00184758
 0.943329 0.0549406 0.00151985 7.82469e-05 0.000132434
 0.931062 0.0651891 0.00363447 0.000100263 1.38964e-05
 0.863903 0.127404 0.00822258 0.000455892 1.43154e-05
 0.893431 0.0932172 0.0125039 0.000801957 4.58445e-05
 0.924003 0.0688121 0.00629201 0.000836402 5.66833e-05
 0.988784 0.010446 0.00069731 6.32721e-05 8.9771e-06
 0.325777 0.667152 0.0065884 0.0004378 4.53498e-05
 0.985985 0.00476839 0.00914958 8.99441e-05 6.59429e-06
 0.655616 0.339793 0.00156526 0.00299385 3.15831e-05
 0.890711 0.0733744 0.0354383 0.000162458 0.000313928
 0.842064 0.141632 0.0109618 0.00527176 7.08499e-05
 0.924725 0.0639647 0.0101474 0.000782251 0.000381175
 0.276772 0.671551 0.0439376 0.00694359 0.000795934
 0.90451 0.0272929 0.0633381 0.00413133 0.000727606
 0.808028 0.17429 0.00506311 0.0117195 0.000898926
 0.480327 0.422917 0.0878657 0.00254597 0.00634426
 0.894627 0.0516268 0.0437603 0.00906832 0.000917399
 0.866411 0.119984 0.00667451 0.00564297 0.0012875
 0.301223 0.607376 0.0821065 0.00455995 0.00473441
 0.415355 0.180767 0.35116 0.0473583 0.00536021
pobs_pel_tallas
 0 0 0 0 0 0 0 0 0 0 0 0 0 0 0 0 0 0 0 0 0 0 0 0 0 0
 0 0 0 0 0 0 0 0 0 0 0 0 0 0 0 0 0 0 0 0 0 0 0 0 0 0
 0 0 0 0 0 0 0 0 0 0 0 0 0 0 0 0 0 0 0 0 0 0 0 0 0 0
 0 0 0 0 0 0 0 0 0 0 0 0 0 0 0 0 0 0 0 0 0 0 0 0 0 0
 0 0 0 0 0 0 0 0 0 0 0 0 0 0 0 0 0 0 0 0 0 0 0 0 0 0
 0 0 0 0 0 0 0 0 0 0 0 0 0 0 0 0 0 0 0 0 0 0 0 0 0 0
 0 0 0 0 0 0 0 0 0 0 0 0 0 0 0 0 0 0 0 0 0 0 0 0 0 0
 0 0 0 0 0 0 0 0 0 0 0 0 0 0 0 0 0 0 0 0 0 0 0 0 0 0
 0 0 0 0 0 0 0 0 0 0 0 0 0 0 0 0 0 0 0 0 0 0 0 0 0 0
 0 0 0 0 0 0 0 0 0 0 0 0 0 0 0 0 0 0 0 0 0 0 0 0 0 0
 0 0 0 0 0 0 0 0 0 0 0 0 0 0 0 0 0 0 0 0 0 0 0 0 0 0
 0 0 0 0 0 0 0 0 0 0 0 0 0 0 0 0 0 0 0 0 0 0 0 0 0 0
 0.00862536 0 0 0.000197151 0.00414017 0.0128641 0.00837892 0.0270097 0.101434 0.158115 0.152841 0.127902 0.109271 0.109419 0.0830992 0.0579132 0.0238553 0.00714673 0.00463305 0.00128148 0.00103504 0.000492878 0.000147863 0.000147863 4.92878e-05 0
 0 0 0 0 0 0 0 0 0 0 0 0 0 0 0 0 0 0 0 0 0 0 0 0 0 0
 0 0 0 0 0 0 0 0.0054083 0.00873648 0.0413646 0.0450493 0.0745869 0.0622846 0.0627006 0.0613931 0.0827291 0.12552 0.122667 0.0946155 0.0697135 0.0546179 0.0294188 0.0215738 0.0213955 0.0102223 0.00600262
 0 0 0 0 0.00359764 0.0251062 0.0480494 0.140153 0.205849 0.193036 0.1447 0.116669 0.0760912 0.0342217 0.00950174 0.001854 0.000860785 0 0 0 0.000165536 0 0.000143464 0 0 0
 0 0 0 0 0 0 0 0.000145254 0.000435761 0.0275982 0.070085 0.0708112 0.156366 0.174668 0.174014 0.160142 0.0824315 0.0480064 0.0283245 0.00493863 0.00203355 0 0 0 0 0
 0 0 0 0 0 0 0 0 0 0 0 0 0 0 0 0 0 0 0 0 0 0 0 0 0 0
 0 0 1.00437e-05 0.000401748 0.00122533 0.00171747 0.00176769 0.0269171 0.070346 0.194647 0.189555 0.159765 0.064822 0.0314167 0.0384472 0.0292271 0.0345202 0.0313363 0.0194345 0.0106764 0.0143323 0.0359363 0.0279516 0.0138201 0.00172751 0
 0 0.0021121 0.0136068 0.0755702 0.200478 0.177729 0.0527432 0.0373336 0.0318909 0.0142505 0.0149659 0.0166563 0.0217959 0.0798694 0.0677717 0.0528807 0.04013 0.0224614 0.0357745 0.0225083 0.00881397 0.00855152 0.00135912 0.000746735 0 0
 0 0 0 0 5.4009e-05 0.00500934 0.000945158 0.0243581 0.138947 0.33067 0.221406 0.137944 0.0707744 0.0437923 0.0131692 0.00525238 0.0047753 0.00276346 9.45158e-05 9.00151e-06 2.25038e-05 9.00151e-06 4.50075e-06 0 0 0
 0.000866109 0.00284123 0.00948549 0.0512746 0.133035 0.25785 0.225252 0.132002 0.0553304 0.0519788 0.0540692 0.017754 0.00435017 0.00159236 0.00146478 0.000404838 0.000125132 0.000115318 0.000107957 0.000100596 0 0 0 0 0 0
 0 0 0 0 0.00144013 0.00171154 0.00461396 0.0210425 0.0478622 0.0707936 0.0888783 0.103762 0.0637923 0.0337046 0.0602308 0.124433 0.169614 0.0934646 0.0462172 0.0250306 0.0313229 0.00938855 0.002487 0.000210481 0 0
 0 0.00764035 0.051015 0.0998891 0.058973 0.0496711 0.0374665 0.0718981 0.12319 0.153886 0.159021 0.0857701 0.0377988 0.023471 0.0147837 0.00900784 0.00315554 0.000888139 0.00291439 0.00214683 0.00393193 0.00274676 0.000635225 9.99891e-05 0 0
 0 0 0 0 0 0 0 0 0 0 0 0 0 0 0 0 0 0 0 0 0 0 0 0 0 0
 0 0 0 0 0 0 0 0 0 0 0 0 0 0 0 0 0 0 0 0 0 0 0 0 0 0
 0 0 0 0 0 0 0 0 0 0 0 0 0 0 0 0 0 0 0 0 0 0 0 0 0 0
 0 0 0 0 0 0 0 0 0 0 0 0 0 0 0 0 0 0 0 0 0 0 0 0 0 0
 0 0 0 0 0 0 0 0 0 0 0 0 0 0 0 0 0 0 0 0 0 0 0 0 0 0
 0 0 0 0 0 0 0 0 0 0 0 0 0 0 0 0 0 0 0 0 0 0 0 0 0 0
ppred_pel_tallas
 1.21572e-16 1.97825e-05 0.000192293 0.00127786 0.00580897 0.018074 0.0385091 0.0562089 0.0562269 0.0385972 0.0183718 0.00667932 0.00350005 0.00516739 0.00983178 0.0171702 0.0269397 0.0384778 0.0509671 0.0638053 0.0765058 0.0881117 0.0967698 0.100141 0.0965572 0.0860889
 1.40443e-16 3.30998e-05 0.000321742 0.00213809 0.00971944 0.0302409 0.0644319 0.0940433 0.0940577 0.0645024 0.0304784 0.0104089 0.00388241 0.00417668 0.00749846 0.0127402 0.0193312 0.0265086 0.0336631 0.0408954 0.0490644 0.0590754 0.0708629 0.0828562 0.092371 0.0966983
 1.03464e-16 7.8387e-05 0.00076195 0.00506342 0.0230176 0.0716163 0.152586 0.222704 0.222706 0.152596 0.0716483 0.0231103 0.00529665 0.00127326 0.00105615 0.00164059 0.00240247 0.00312761 0.00366664 0.00397934 0.00416765 0.00441098 0.00484388 0.00546532 0.00613537 0.00664562
 1.01371e-16 5.88919e-05 0.00057245 0.00380413 0.0172931 0.0538053 0.114639 0.167324 0.16735 0.114767 0.0542345 0.018532 0.00691156 0.0073475 0.0129011 0.0211699 0.0303388 0.0378351 0.041085 0.038913 0.032265 0.0236164 0.0155515 0.00959856 0.0059811 0.00410532
 1.02629e-16 5.88194e-05 0.000571745 0.00379945 0.0172718 0.053739 0.114497 0.167116 0.167137 0.114596 0.0540722 0.0182352 0.00622081 0.00586757 0.0101456 0.0167545 0.0243022 0.0309146 0.0347017 0.0347563 0.0316412 0.0269176 0.0221275 0.0180572 0.0147145 0.0117837
 1.00098e-16 8.17674e-05 0.000794808 0.00528178 0.0240102 0.0747046 0.159166 0.232308 0.232308 0.159169 0.0747131 0.0240346 0.0053432 0.000929088 0.000337358 0.000429785 0.000614634 0.00078 0.00087323 0.000871914 0.00079197 0.000675042 0.000561761 0.000471974 0.000403627 0.000344833
 1.00445e-16 2.38642e-05 0.000231968 0.00154151 0.00700754 0.0218034 0.046457 0.0678196 0.0678874 0.0467883 0.0229154 0.0102174 0.00959091 0.0177783 0.0332724 0.0547711 0.0784346 0.0976595 0.105735 0.0995749 0.0816118 0.0582875 0.0363786 0.0199716 0.00979464 0.00444541
 1.13262e-16 2.95231e-05 0.000286975 0.00190705 0.00866919 0.0269732 0.0574699 0.0838831 0.0839024 0.0575645 0.0272926 0.00959987 0.00427384 0.00555487 0.0103295 0.0177968 0.02741 0.0381442 0.0488137 0.0586098 0.067162 0.0740057 0.0780649 0.0778523 0.072379 0.0620253
 1.06833e-16 7.10992e-05 0.000691109 0.00459266 0.0208776 0.064958 0.1384 0.202 0.202005 0.138424 0.0650389 0.0211122 0.00518417 0.00199169 0.00256949 0.00421276 0.00625206 0.00828463 0.00997525 0.0112316 0.0122663 0.0134157 0.0148426 0.0163582 0.0174941 0.0177515
 1.00446e-16 7.95413e-05 0.00077317 0.00513799 0.0233565 0.0726709 0.154833 0.225984 0.225987 0.154847 0.0727184 0.0234938 0.00548234 0.00152431 0.00150438 0.00235678 0.00337733 0.00422683 0.00462057 0.00443234 0.00376857 0.00290061 0.0021065 0.00154267 0.00121893 0.00105611
 1.00089e-16 7.77008e-05 0.000755279 0.0050191 0.0228161 0.0709893 0.15125 0.220756 0.220761 0.151276 0.071076 0.0230663 0.00564657 0.00212338 0.00267101 0.0042797 0.00612683 0.00763974 0.00829313 0.00784657 0.00648702 0.00471022 0.00303588 0.00177477 0.000979686 0.000542629
 1.00135e-16 7.66904e-05 0.000745458 0.00495383 0.0225194 0.0700662 0.149284 0.217885 0.217892 0.149314 0.0701691 0.0228164 0.005699 0.00237061 0.00315854 0.00508816 0.00729349 0.00911059 0.00991958 0.00943504 0.00787418 0.00581572 0.00386422 0.00237813 0.00141612 0.000854525
 1.00319e-16 7.11586e-05 0.000691687 0.0045965 0.020895 0.0650123 0.138516 0.202171 0.202183 0.138576 0.0652134 0.0214757 0.00605326 0.00386905 0.00609742 0.00994614 0.01427 0.0178367 0.0194416 0.0185278 0.0155175 0.0115361 0.00775715 0.0048732 0.00299413 0.00187839
 1.00473e-16 7.35908e-05 0.000715328 0.00475361 0.0216092 0.0672344 0.14325 0.20908 0.209089 0.143294 0.0673817 0.0220348 0.00582183 0.00304686 0.00450038 0.00732015 0.0105292 0.0132212 0.0145237 0.0140309 0.0120371 0.00933343 0.00673436 0.00470604 0.003308 0.00237127
 1.00293e-16 7.61089e-05 0.000739806 0.00491627 0.0223486 0.069535 0.148152 0.216233 0.21624 0.148184 0.0696437 0.0226625 0.0057038 0.002458 0.00333634 0.00538744 0.00773501 0.00968754 0.010596 0.010161 0.00860723 0.00653347 0.00455978 0.00304599 0.00204181 0.00141527
 1.00031e-16 8.14449e-05 0.000791673 0.00526095 0.0239155 0.07441 0.158538 0.231392 0.231393 0.158543 0.0744265 0.0239631 0.0053804 0.00105222 0.000575629 0.000821014 0.00117072 0.00146337 0.00159572 0.00152195 0.00127667 0.000952059 0.000644116 0.000409323 0.000256382 0.000165269
 1.00413e-16 2.68339e-05 0.000260835 0.00173335 0.00787958 0.0245166 0.0522377 0.0762559 0.07632 0.0525511 0.0255686 0.0109162 0.0093485 0.0168613 0.0314852 0.0518276 0.0742313 0.0924511 0.100143 0.0943835 0.0774675 0.0554711 0.034785 0.0192599 0.00958206 0.00443667
 1.00276e-16 8.12143e-05 0.000789432 0.00524605 0.0238478 0.0741994 0.15809 0.230736 0.230737 0.158092 0.0742072 0.0238705 0.00530373 0.000917401 0.000330245 0.00043297 0.000651808 0.000893934 0.00112263 0.00131764 0.0014741 0.00158968 0.00164974 0.0016281 0.00150502 0.00128652
 1.00438e-16 5.40023e-05 0.000524922 0.00348829 0.0158573 0.0493381 0.105121 0.153434 0.153467 0.105281 0.0498738 0.0174037 0.00736646 0.00897884 0.0160738 0.0263942 0.0377973 0.0470705 0.0509828 0.0480512 0.0394528 0.0282916 0.0178274 0.0100165 0.00519217 0.00266111
 1.01111e-16 7.33667e-05 0.00071315 0.00473914 0.0215434 0.0670296 0.142814 0.208443 0.20845 0.142849 0.0671465 0.0218813 0.00558906 0.00257442 0.00362541 0.00592174 0.00862553 0.0110568 0.0125653 0.0128328 0.012031 0.010654 0.00917547 0.00781426 0.00655163 0.00530092
 1.00894e-16 6.93597e-05 0.000674201 0.0044803 0.0203668 0.0633688 0.135014 0.19706 0.197074 0.135081 0.0635925 0.0210127 0.00610084 0.00420962 0.00677724 0.0110773 0.0159109 0.0199254 0.021794 0.0209077 0.0177398 0.0135325 0.00956633 0.00657399 0.00463658 0.00345319
 1.00453e-16 7.61683e-05 0.000740383 0.00492011 0.0223661 0.0695893 0.148268 0.216402 0.216408 0.148298 0.0696905 0.0226583 0.00565371 0.00234198 0.00311829 0.0050355 0.00724813 0.00911716 0.0100458 0.00975689 0.00844999 0.0066606 0.00493675 0.00358677 0.00264337 0.00198858
 1.02271e-16 2.27975e-05 0.0002216 0.00147261 0.00669432 0.0208289 0.0443805 0.0647882 0.0648528 0.0446963 0.021889 0.00975531 0.00915192 0.0169716 0.0317929 0.0524156 0.0752486 0.0940858 0.102609 0.0978962 0.0821794 0.0613901 0.0416982 0.0267235 0.0170047 0.0112298
 1.02373e-16 7.45033e-05 0.000724199 0.00481255 0.0218772 0.068068 0.145026 0.211671 0.211673 0.14504 0.0681131 0.0220086 0.00514698 0.001469 0.00153216 0.00252734 0.00389439 0.00543925 0.00699939 0.00847003 0.00980529 0.0109381 0.0117031 0.0118642 0.0112478 0.00987511
 1.01519e-16 6.65563e-05 0.000646951 0.00429922 0.0195436 0.0608075 0.129558 0.189096 0.189113 0.129639 0.0610826 0.0203376 0.00629095 0.00499061 0.00830342 0.0135896 0.019496 0.0243657 0.0265657 0.0253592 0.0213588 0.0161375 0.0113132 0.00780558 0.00569187 0.00454107
 1.03973e-16 3.9564e-05 0.000384576 0.00255565 0.0116176 0.036147 0.0770164 0.112416 0.112457 0.0772158 0.0368166 0.0135521 0.00741337 0.010995 0.020208 0.0333896 0.0481956 0.06081 0.0673473 0.0659802 0.0579855 0.0468058 0.0359339 0.0272898 0.0210301 0.0163971
 1.02341e-16 7.36893e-05 0.000716286 0.00475997 0.0216381 0.0673243 0.143442 0.209359 0.209364 0.143466 0.0674072 0.0218783 0.00536556 0.00204778 0.00263028 0.00430457 0.0063639 0.00835877 0.00987573 0.0107128 0.0109629 0.0108809 0.0106529 0.0102713 0.00960135 0.00854328
 1.01008e-16 7.13651e-05 0.000693694 0.00460984 0.0209557 0.065201 0.138918 0.202757 0.202769 0.138974 0.0653904 0.0215026 0.00598194 0.00368663 0.00574862 0.00937289 0.0134541 0.0168345 0.0183897 0.0176089 0.0149041 0.0113431 0.00802495 0.00557536 0.00405308 0.00317904
 1.03784e-16 2.48115e-05 0.000241177 0.00160271 0.00728571 0.0226689 0.0483006 0.0705084 0.0705669 0.0485865 0.0236291 0.010059 0.00856331 0.015434 0.0288717 0.0476723 0.0686232 0.0861863 0.0947132 0.0915685 0.0786798 0.0612052 0.0444498 0.031437 0.0225294 0.0165926
 1.15837e-16 3.42123e-05 0.000332555 0.00220995 0.0100461 0.0312573 0.0665976 0.0972049 0.0972228 0.0666855 0.0315539 0.0109096 0.00440245 0.00520153 0.00952374 0.0163232 0.0249853 0.0344956 0.043743 0.0520734 0.0593778 0.0655582 0.0699192 0.0711852 0.0682316 0.0609254
pSPR Fmed_Fpbrs
0.259749   0.231266 0.231266
Fs Fmed_Fpbrs
0.907505   1.005 1.005
SSBpbr Bo_Bmed_Bpbrs
1.43382e+06  300742  259902 259902
Ro
67918.9
SPR SPRFo_SPRFmed_SPRFpbrs
483474 125582 111811
Fref
1.005
log_Ro
10.9461
likeval ReclasPelacesDesembMPH_pf_preclas_ppelaces_ptallas_desvR_qrecl_qpela
 12.3079 20.1319 0.133624 0.000923666 265.714 103.885 87.2375 0 53.0027 6.78941e-05 0.000123936 0.00866109 0 0 0
q_reclas_q_pelaces
3.21431 4.87363
M
1
N
 31001 24543.2 71358.2 9187.16 0.115676
 20650.9 9200.48 6732.45 19461.6 2504.87
 153836 3963.37 1391.05 1000.25 3260.5
 55068 29471.9 597.774 206.157 630.833
 15712.6 6607.19 2345.02 46.1522 64.5126
 299956 1782.09 486.809 167.397 7.88589
 25384.5 79291.8 417.331 112.993 40.6653
 7026.77 4115.57 9520.07 49.0146 18.0252
 22878 1977.68 1050.01 2411.44 16.9746
 43420.7 2338.06 126.377 64.8259 149.649
 40892.8 2653.15 73.9789 3.81029 6.44912
 112320 10550.3 601.02 16.5994 2.30079
 79828.7 15731.4 1037.11 57.5673 1.80777
 66975.7 11327 1574.16 101.154 5.78311
 43115.2 5037.62 476.097 63.4004 4.29707
 270430 3609.74 245.133 22.2632 3.15889
 17255.2 46124.6 464.487 30.8977 3.20073
 473672 2644.5 5127.99 50.4388 3.69805
 161341 108697 510.438 977.319 10.3106
 241921 25065.9 12311.6 56.4906 109.166
 201873 41882.2 3291.81 1584.41 21.2946
 436043 37261.9 6003.62 463.197 225.716
 27886.9 80076.1 5304.26 838.805 96.1544
 170471 5898.01 13825.4 902.273 158.912
 161930 40001.1 1173.65 2718.06 208.491
 37953.4 38146.6 8002.69 232.005 578.144
 134956 9036.89 7743.92 1605.69 162.445
 201968 30451.4 1704.55 1441.6 328.92
 25427 56186.5 7646.62 424.824 441.085
 12360 6923 13699.9 1849.44 209.338
pred_Ctot
 3854.23 4041.28 11953.7 1540.41 0.0193964
 6577.97 3675.7 2725.84 7885.19 1014.93
 49103.8 1586.4 564.264 406.026 1323.57
 25606.3 16409.6 336.251 116.027 355.049
 7530.64 3773.65 1352.66 26.6357 37.233
 54813.7 424.622 117.873 40.5672 1.91116
 9578.58 36856.4 196.348 53.1954 19.1453
 1066.54 821.339 1931.86 9.95513 3.66118
 11534.6 1178.2 631.417 1450.82 10.2129
 26182.7 1608.45 87.5632 44.9331 103.729
 7946.29 670.105 18.9835 0.978569 1.65635
 47451.5 5412.13 311.77 8.61576 1.19424
 33421 8007.13 533.838 29.6495 0.931105
 37999.7 7427.2 1040.41 66.8836 3.82392
 23577.4 3207.09 305.652 40.7208 2.75999
 97483.7 1611.32 110.796 10.0693 1.42876
 6820.94 22333.2 227.555 15.1463 1.56908
 117022 836.734 1646.73 16.2099 1.18852
 63087.9 52131.6 247.72 474.597 5.00712
 85975.2 11048.3 5495.29 25.2314 48.7602
 67189.1 17408.2 1386.21 667.668 8.97386
 145928 15564.6 2540.61 196.15 95.5877
 7834.85 28532.5 1916.88 303.359 34.7762
 40469.5 1798.16 4278.75 279.461 49.2219
 38163.2 12112.9 360.78 836.203 64.1442
 8766.23 11335.8 2414.37 70.0507 174.57
 34311.6 2936.49 2553.52 529.881 53.6094
 31839 6301.93 358.65 303.59 69.2714
 4280.66 12381.9 1712.89 95.2456 98.8959
 4703.56 3242.05 6493.39 877.145 99.2875
F
 0.214765 0.293496 0.29927 0.29958 0.299597
 0.650666 0.889196 0.90669 0.90763 0.90768
 0.652452 0.891637 0.909179 0.910121 0.910171
 1.12041 1.53114 1.56127 1.56289 1.56297
 1.17668 1.60804 1.63968 1.64138 1.64147
 0.330501 0.45166 0.460546 0.461024 0.461049
 0.81936 1.11973 1.14176 1.14294 1.14301
 0.267804 0.365979 0.373179 0.373566 0.373587
 1.28086 1.75041 1.78485 1.7867 1.7868
 1.79519 2.4533 2.50156 2.50416 2.50429
 0.354804 0.484873 0.494413 0.494925 0.494952
 0.965693 1.31971 1.34567 1.34707 1.34714
 0.952691 1.30194 1.32756 1.32893 1.329
 1.5874 2.16933 2.212 2.2143 2.21442
 1.48024 2.02289 2.06268 2.06482 2.06494
 0.768667 1.05046 1.07112 1.07223 1.07229
 0.875631 1.19663 1.22017 1.22144 1.22151
 0.471953 0.644967 0.657656 0.658338 0.658374
 0.862011 1.17802 1.20119 1.20244 1.20251
 0.75375 1.03007 1.05034 1.05142 1.05148
 0.689669 0.942497 0.96104 0.962036 0.962089
 0.694764 0.94946 0.96814 0.969144 0.969197
 0.553542 0.756466 0.771349 0.772149 0.772191
 0.449659 0.614501 0.62659 0.62724 0.627274
 0.445728 0.609129 0.621113 0.621757 0.621791
 0.435043 0.594527 0.606224 0.606852 0.606885
 0.488817 0.668014 0.681156 0.681862 0.6819
 0.279431 0.381869 0.389382 0.389785 0.389807
 0.300961 0.411291 0.419383 0.419818 0.419841
 0.829235 1.13323 1.15552 1.15672 1.15678
nmprior
 8 8 7 0
nm_flota  nm_reclas  nm_pelaces    nm_pelaL
inf 20.5516 8.62654 13.2741
cv_recla  cv_pelaces  cv_mph
0.324802 0.527967 0.937914
 ------------------------------------------------
Talla a la edad & desviación 
 8 13.2811 15.8009 17.003 17.5766
 0.8 1.32811 1.58009 1.7003 1.75766
