years
 1991 1992 1993 1994 1995 1996 1997 1998 1999 2000 2001 2002 2003 2004 2005 2006 2007 2008 2009 2010 2011 2012 2013 2014 2015 2016 2017 2018 2019 2020
reclasobs
 0 0 0 0 0 0 0 0 0 252601 567819 844713 477998 351125 339783 2.1784e+06 2.13404e+06 4.81314e+06 1.55562e+06 2.62356e+06 3.21686e+06 3.843e+06 1.13348e+06 3.07943e+06 1.97215e+06 2.03268e+06 2.025e+06 2.42433e+06 2.27542e+06 1.05018e+06
reclaspred
 1.93352e+06 1.14754e+06 494926 253017 39969.4 1.03736e+06 373259 99392.8 449524 170120 165264 640216 397289 273166 190201 1.16326e+06 743800 4.71002e+06 2.80523e+06 971252 2.27949e+06 2.24098e+06 1.26181e+06 3.14067e+06 1.78253e+06 785574 1.47968e+06 2.20284e+06 1.55168e+06 543352
pelacesobs
 0 0 0 0 0 0 0 0 0 0 0 0 0 0 0 552880 188675 0 991730 2.46772e+06 1.41603e+06 1.21717e+06 2.29649e+06 1.80582e+06 0 1.4828e+06 1.56532e+06 1.57751e+06 1.42118e+06 867257
pelacespred
 595143 479538 226840 88578.3 9643.23 460944 123883 42554.8 192813 59849.7 74834.1 252112 152144 108698 73261.2 443591 283225 2.28368e+06 1.31842e+06 476643 1.01827e+06 972278 552372 1.61417e+06 900883 397049 816554 1.16884e+06 689026 287315
mphobs
 0 0 0 0 0 0 0 0 0 0 0 498337 0 5186 125008 0 168611 109162 213762 579715 649985 157893 87575 83554 0 0 0 0 0 0
mphpred
 295927 1.23745e+06 600942 189321 74961.9 8994.78 544665 128176 42168.6 228948 52626.9 101814 367120 154366 77407.2 71081.1 739178 414784 2.97052e+06 1.35338e+06 569959 1.19927e+06 1.32079e+06 754940 1.82137e+06 954235 376061 766179 1.52644e+06 773913
desembarqueobs
 494567 514787 250237 358949 120608 361735 552515 73892 212993 205616 52469 317467 293654 387597 252695 516296 358380 742168 942051 627588 828172 859565 418607 520667 417249 300574 407403 355545 319650 289779
desembarquepred
 494252 518982 247650 358145 120422 361436 551524 73844.8 212782 205325 52440.5 317132 293199 386707 252271 515800 358155 741727 940657 626196 827390 858519 418256 520365 416832 300185 407071 355311 319413 289502
Reclutas
 543834 589.319 1440.93 87062.9 752.586 311900 762.586 217.021 80751.1 976.94 44219.1 230376 31743 69690.1 46715.8 446380 1585.82 1.32399e+06 68502.9 10736.6 485977 601970 1670.52 459271 95016.5 6129.01 269402 342115 2863.22 1050.56
log_desv_Rt
 3.03584 -3.79159 -2.89752 1.20382 -3.54705 2.47987 -3.53385 -4.79057 1.12857 -3.28614 0.526351 2.17691 0.194866 0.981252 0.581276 2.83836 -2.8017 3.9256 0.96407 -0.88915 2.92335 3.1374 -2.74967 2.86683 1.29124 -1.44977 2.3334 2.57234 -2.21086 -3.21348
SSB
 295927 1.23745e+06 600942 189321 74961.9 8994.78 544665 128176 42168.6 228948 52626.9 101814 367120 154366 77407.2 71081.1 739178 414784 2.97052e+06 1.35338e+06 569959 1.19927e+06 1.32079e+06 754940 1.82137e+06 954235 376061 766179 1.52644e+06 773913
BT
 1.6666e+06 1.55395e+06 761223 539212 124689 1.3835e+06 778205 169295 634617 320892 219631 843016 602997 658761 422139 1.42845e+06 937552 5.92738e+06 3.9186e+06 1.7724e+06 3.08851e+06 2.99672e+06 1.63703e+06 4.21599e+06 2.48049e+06 1.22201e+06 2.31946e+06 3.04321e+06 1.8564e+06 986920
Ftot
 0.249189 0.416567 0.458714 1.20278 2.08524 0.33891 1.21418 0.664023 0.453476 1.02384 0.306661 0.471848 0.665162 1.20623 1.14739 0.426448 0.44234 0.155372 0.313303 0.582739 0.348611 0.364207 0.30901 0.162267 0.221325 0.354919 0.267196 0.157698 0.194154 0.486869
BD_Bspro_t
 0.960914 0.736142 0.482471 0.271901 0.135885 0.0279947 0.507394 0.175781 0.0978338 0.383086 0.173242 0.407004 0.516273 0.276734 0.160634 0.157564 0.523817 0.381932 0.750613 0.549459 0.330862 0.502703 0.541533 0.440947 0.673024 0.583963 0.44433 0.635665 0.749866 0.60157
BD_Bspro
 1.59142 6.65466 3.2317 1.01812 0.403125 0.0483715 2.92906 0.689296 0.226771 1.23122 0.283013 0.547528 1.97428 0.830138 0.416275 0.382255 3.9751 2.2306 15.9747 7.27813 3.06509 6.44934 7.10283 4.05987 9.79484 5.13162 2.02236 4.1203 8.20877 4.1619
BD_Bo
 0.171432 0.716859 0.348128 0.109675 0.0434257 0.00521071 0.315527 0.0742529 0.0244284 0.132631 0.030487 0.0589813 0.212674 0.0894247 0.0448423 0.0411776 0.428209 0.240286 1.72084 0.78402 0.33018 0.69474 0.765137 0.43734 1.05513 0.552792 0.217854 0.44385 0.884271 0.448331
BD_Brms
 1.31438 5.49619 2.66911 0.840881 0.332947 0.0399508 2.41916 0.5693 0.187294 1.01689 0.233745 0.452212 1.63058 0.685623 0.343808 0.315711 3.2831 1.84228 13.1937 6.01112 2.5315 5.32661 5.86634 3.35311 8.08971 4.23828 1.67029 3.40302 6.77975 3.43737
Sel_flota
 0.956286 1 1 1 1
 0.956286 1 1 1 1
 0.956286 1 1 1 1
 0.956286 1 1 1 1
 0.956286 1 1 1 1
 0.956286 1 1 1 1
 0.956286 1 1 1 1
 0.956286 1 1 1 1
 0.956286 1 1 1 1
 0.956286 1 1 1 1
 0.956286 1 1 1 1
 0.956286 1 1 1 1
 0.956286 1 1 1 1
 0.956286 1 1 1 1
 0.956286 1 1 1 1
 0.956286 1 1 1 1
 0.956286 1 1 1 1
 0.956286 1 1 1 1
 0.956286 1 1 1 1
 0.956286 1 1 1 1
 0.956286 1 1 1 1
 0.956286 1 1 1 1
 0.956286 1 1 1 1
 0.956286 1 1 1 1
 0.956286 1 1 1 1
 0.956286 1 1 1 1
 0.956286 1 1 1 1
 0.956286 1 1 1 1
 0.956286 1 1 1 1
 0.956286 1 1 1 1
Sel_reclas
 1 1 1 1 1
 1 1 1 1 1
 1 1 1 1 1
 1 1 1 1 1
 1 1 1 1 1
 1 1 1 1 1
 1 1 1 1 1
 1 1 1 1 1
 1 1 1 1 1
 1 1 1 1 1
 1 1 1 1 1
 1 1 1 1 1
 1 1 1 1 1
 1 1 1 1 1
 1 1 1 1 1
 1 1 1 1 1
 1 1 1 1 1
 1 1 1 1 1
 1 1 1 1 1
 1 1 1 1 1
 1 1 1 1 1
 1 1 1 1 1
 1 1 1 1 1
 1 1 1 1 1
 1 1 1 1 1
 1 1 1 1 1
 1 1 1 1 1
 1 1 1 1 1
 1 1 1 1 1
 1 1 1 1 1
Sel_pelaces
 1 1 1 1 1
 1 1 1 1 1
 1 1 1 1 1
 1 1 1 1 1
 1 1 1 1 1
 1 1 1 1 1
 1 1 1 1 1
 1 1 1 1 1
 1 1 1 1 1
 1 1 1 1 1
 1 1 1 1 1
 1 1 1 1 1
 1 1 1 1 1
 1 1 1 1 1
 1 1 1 1 1
 1 1 1 1 1
 1 1 1 1 1
 1 1 1 1 1
 1 1 1 1 1
 1 1 1 1 1
 1 1 1 1 1
 1 1 1 1 1
 1 1 1 1 1
 1 1 1 1 1
 1 1 1 1 1
 1 1 1 1 1
 1 1 1 1 1
 1 1 1 1 1
 1 1 1 1 1
 1 1 1 1 1
pf_obs 
 0.8446 0.082 0.0669 0.0065 0
 0.8095 0.147 0.0364 0.0071 0
 0.9664 0.0169 0.016 0.0007 0
 0.9276 0.0648 0.0075 0.0001 0
 0.7033 0.2144 0.0806 0.0017 0
 0.9318 0.0425 0.0243 0.0014 0
 0.5671 0.3108 0.0964 0.0239 0.0018
 0.0768 0.2599 0.5324 0.112 0.0189
 0.490249 0.384438 0.106611 0.0170017 0.00170017
 0.7925 0.1577 0.0466 0.003 0.0002
 0.840416 0.127587 0.0312969 0.00059994 9.999e-05
 0.8084 0.0986 0.0794 0.0134 0.0002
 0.7335 0.1905 0.0724 0.0035 0.0001
 0.4001 0.4547 0.1325 0.0127 0
 0.49795 0.308269 0.164784 0.0264974 0.00249975
 0.9179 0.0499 0.0305 0.0017 0
 0.2467 0.6533 0.0926 0.0074 0
 0.9418 0.0223 0.034 0.0019 0
 0.707729 0.231977 0.0356964 0.0245975 0
 0.517169 0.277429 0.184464 0.0207286 0.00020938
 0.811772 0.124168 0.05621 0.00726502 0.000585176
 0.764997 0.148141 0.077277 0.00933861 0.000247198
 0.163321 0.427699 0.378323 0.0303852 0.000271297
 0.753843 0.0900009 0.118128 0.0371064 0.000921714
 0.721811 0.176058 0.0630433 0.0369309 0.00215725
 0.143369 0.312575 0.442814 0.0836902 0.0175525
 0.692698 0.0596174 0.167031 0.0765114 0.00414204
 0.394062 0.376323 0.152708 0.0712218 0.00568511
 0.125707 0.32114 0.495352 0.0537591 0.00404204
 0.23352 0.215282 0.420074 0.123614 0.00750983
pf_pred 
 0.948427 0.0383002 0.0118543 0.0014188 7.68e-08
 0.00341156 0.947632 0.0363564 0.0112527 0.00134686
 0.0332627 0.00348691 0.915932 0.0351402 0.0121781
 0.897019 0.00361952 0.000358386 0.0941398 0.00486339
 0.0617625 0.848321 0.00316033 0.00031292 0.0864432
 0.998169 0.000125406 0.00154237 5.74592e-06 0.000157735
 0.00884949 0.98943 0.000117808 0.00144893 0.000153577
 0.0223671 0.00936724 0.966585 0.000115088 0.0015655
 0.977653 0.00053159 0.000209028 0.0215691 3.7502e-05
 0.0460123 0.933823 0.000479666 0.000188611 0.0194962
 0.939566 0.00298397 0.0562356 2.88859e-05 0.00118543
 0.945204 0.0516453 0.000155583 0.00293209 6.33139e-05
 0.350214 0.616065 0.0317824 9.57453e-05 0.00184337
 0.800041 0.0729243 0.120442 0.00621351 0.0003791
 0.820248 0.146053 0.0122898 0.0202978 0.00111104
 0.984207 0.0131316 0.00216266 0.000181979 0.000317008
 0.0135921 0.971667 0.0122564 0.00201852 0.000465731
 0.979486 0.000294834 0.0199172 0.000251231 5.09222e-05
 0.13331 0.84974 0.000243614 0.0164571 0.000249661
 0.071885 0.129521 0.782975 0.000224473 0.0153941
 0.940167 0.00454952 0.00771495 0.046638 0.000930321
 0.810058 0.179141 0.000821325 0.00139278 0.00858752
 0.00833685 0.811466 0.16995 0.000779187 0.00946825
 0.89431 0.000928547 0.085725 0.0179538 0.00108256
 0.361726 0.573709 0.000567236 0.0523682 0.0116291
 0.0722296 0.346488 0.522482 0.000516588 0.0582829
 0.924474 0.00573567 0.0260641 0.039303 0.0044231
 0.798645 0.186859 0.00110087 0.00500258 0.00839251
 0.0200577 0.790203 0.176079 0.00103736 0.0126223
 0.023801 0.0205584 0.770607 0.171713 0.0133209
pobs_RECLAS
 0 0 0 0 0
 0 0 0 0 0
 0 0 0 0 0
 0 0 0 0 0
 0 0 0 0 0
 0 0 0 0 0
 0 0 0 0 0
 0 0 0 0 0
 0 0 0 0 0
 0 0 0 0 0
 0.991045 0.00858322 0.000360255 1.14367e-05 0
 0.934742 0.0480273 0.0164251 0.00080598 0
 0.827803 0.169806 0.00239088 0 0
 0.941827 0.0461693 0.0120037 0 0
 0.791401 0.0380133 0.147996 0.0225897 0
 0.846168 0.0940531 0.0597789 0 0
 0.134021 0.677848 0.182769 0.00536245 0
 0.80878 0.0450904 0.141981 0.00414843 0
 0.846168 0.0940531 0.0597789 0 0
 0.905697 0.0802665 0.012482 0.00150086 5.37128e-05
 0.989698 0.0102097 9.19794e-05 0 0
 0.975433 0.0193895 0.00387452 0.00125025 5.28907e-05
 0.303575 0.632131 0.0575291 0.00676475 0
 0.966965 0.00978017 0.0227588 0.000495775 0
 0.843318 0.132988 0.00938335 0.0141283 0.000182051
 0.564624 0.303363 0.111486 0.0197234 0.00080311
 0.826376 0.0876187 0.0782897 0.00655872 0.00115652
 0.89761 0.0855135 0.0140674 0.00269457 0.000114338
 0.34875 0.467042 0.161289 0.0227151 0.000203297
 0.318654 0.224769 0.449479 0.00709798 0
ppred_RECLAS
 0.950621 0.0366703 0.0113498 0.00135842 7.35317e-08
 0.00357431 0.947478 0.0363505 0.0112508 0.00134664
 0.0348089 0.00348134 0.914467 0.035084 0.0121586
 0.901862 0.00344929 0.000341531 0.0897124 0.00463466
 0.06563 0.844824 0.0031473 0.00031163 0.0860869
 0.998251 0.000119742 0.00147271 5.48643e-06 0.000150612
 0.00933296 0.988948 0.000117751 0.00144822 0.000153502
 0.023453 0.00935684 0.965511 0.00011496 0.00156376
 0.978657 0.000507702 0.000199635 0.0205999 3.58168e-05
 0.048336 0.931549 0.000478498 0.000188151 0.0194487
 0.942132 0.00285728 0.053848 2.76595e-05 0.0011351
 0.947594 0.0493926 0.000148796 0.0028042 6.05522e-05
 0.361335 0.60552 0.0312384 9.41066e-05 0.00181182
 0.808477 0.0698477 0.11536 0.00595137 0.000363106
 0.827926 0.139815 0.0117649 0.0194309 0.00106359
 0.984918 0.0125399 0.00206521 0.000173779 0.000302724
 0.0142359 0.971033 0.0122484 0.0020172 0.000465427
 0.980377 0.000282023 0.0190517 0.000240314 4.87094e-05
 0.138733 0.844423 0.00024209 0.0163541 0.000248099
 0.0751472 0.129066 0.780223 0.000223684 0.01534
 0.942722 0.00435526 0.00738552 0.0446466 0.000890596
 0.817101 0.172498 0.000790868 0.00134113 0.00826907
 0.00872696 0.811147 0.169883 0.00077888 0.00946453
 0.898522 0.000891541 0.0823085 0.0172383 0.00103942
 0.372332 0.564176 0.000557811 0.051498 0.0114358
 0.0754006 0.345304 0.520697 0.000514822 0.0580837
 0.927617 0.00549701 0.0249795 0.0376675 0.00423906
 0.805839 0.180183 0.00106154 0.00482385 0.00809268
 0.0209723 0.789466 0.175915 0.00103639 0.0126106
 0.0249233 0.0205347 0.769721 0.171515 0.0133056
pobs_PELACES
 0 0 0 0 0
 0 0 0 0 0
 0 0 0 0 0
 0 0 0 0 0
 0 0 0 0 0
 0 0 0 0 0
 0 0 0 0 0
 0 0 0 0 0
 0 0 0 0 0
 0 0 0 0 0
 0 0 0 0 0
 0 0 0 0 0
 0 0 0 0 0
 0 0 0 0 0
 0 0 0 0 0
 0 0 0 0 0
 0.505614 0.472636 0.0217494 0 0
 0 0 0 0 0
 0.443492 0.261883 0.143347 0.151278 0
 0.227955 0.32914 0.350689 0.0885471 0.00366901
 0.970185 0.0296113 0.000203453 0 0
 0.997202 0.00247181 0.000326279 0 0
 0.445219 0.490057 0.0546422 0.010081 0
 0.90214 0.0892962 0.00764917 0.000914606 0
 0 0 0 0 0
 0.581667 0.319106 0.0959925 0.00289975 0.000334073
 0.762889 0.0836404 0.116647 0.0363945 0.000428098
 0.88444 0.0763242 0.0277011 0.0115352 0
 0.521256 0.241999 0.230069 0.00667565 0
 0.616807 0.101726 0.260614 0.0208532 0
ppred_PELACES
 0.95079 0.0365452 0.0113111 0.00135378 7.32809e-08
 0.00359578 0.947457 0.0363497 0.0112506 0.00134662
 0.0350319 0.00348053 0.914256 0.0350759 0.0121558
 0.903387 0.00339569 0.000336224 0.0883183 0.00456264
 0.0674989 0.843134 0.00314101 0.000311007 0.0859147
 0.99826 0.000119159 0.00146554 5.45972e-06 0.000149878
 0.00949631 0.988785 0.000117732 0.00144798 0.000153476
 0.0236734 0.00935473 0.965294 0.000114935 0.00156341
 0.978793 0.000504462 0.000198361 0.0204684 3.55882e-05
 0.04902 0.930879 0.000478154 0.000188016 0.0194347
 0.942373 0.0028454 0.053624 2.75444e-05 0.00113038
 0.947931 0.0490749 0.00014784 0.00278616 6.01628e-05
 0.363553 0.603418 0.03113 9.37799e-05 0.00180553
 0.811157 0.0688704 0.113746 0.00586809 0.000358025
 0.830271 0.137909 0.0116045 0.019166 0.00104909
 0.98501 0.0124641 0.00205273 0.00017273 0.000300895
 0.0143257 0.970945 0.0122473 0.00201702 0.000465385
 0.98042 0.000281404 0.0190099 0.000239787 4.86025e-05
 0.139274 0.843893 0.000241937 0.0163438 0.000247943
 0.0757335 0.128984 0.779729 0.000223542 0.0153302
 0.942993 0.00433465 0.00735059 0.0444354 0.000886384
 0.817885 0.171758 0.000787479 0.00133538 0.00823363
 0.0087656 0.811115 0.169876 0.00077885 0.00946416
 0.898735 0.000889668 0.0821356 0.0172021 0.00103723
 0.373079 0.563505 0.000557147 0.0514367 0.0114222
 0.0757583 0.345171 0.520495 0.000514623 0.0580612
 0.927875 0.00547739 0.0248904 0.0375331 0.00422392
 0.806194 0.179853 0.0010596 0.00481502 0.00807785
 0.0210299 0.789419 0.175905 0.00103633 0.0126098
 0.0250946 0.0205311 0.769586 0.171485 0.0133033
pobs_pel_tallas
 0 0 0 0 0 0 0 0 0 0 0 0 0 0 0 0 0 0 0 0 0 0 0 0 0 0
 0 0 0 0 0 0 0 0 0 0 0 0 0 0 0 0 0 0 0 0 0 0 0 0 0 0
 0 0 0 0 0 0 0 0 0 0 0 0 0 0 0 0 0 0 0 0 0 0 0 0 0 0
 0 0 0 0 0 0 0 0 0 0 0 0 0 0 0 0 0 0 0 0 0 0 0 0 0 0
 0 0 0 0 0 0 0 0 0 0 0 0 0 0 0 0 0 0 0 0 0 0 0 0 0 0
 0 0 0 0 0 0 0 0 0 0 0 0 0 0 0 0 0 0 0 0 0 0 0 0 0 0
 0 0 0 0 0 0 0 0 0 0 0 0 0 0 0 0 0 0 0 0 0 0 0 0 0 0
 0 0 0 0 0 0 0 0 0 0 0 0 0 0 0 0 0 0 0 0 0 0 0 0 0 0
 0 0 0 0 0 0 0 0 0 0 0 0 0 0 0 0 0 0 0 0 0 0 0 0 0 0
 0 0 0 0 0 0 0 0 0 0 0 0 0 0 0 0 0 0 0 0 0 0 0 0 0 0
 0 0 0 0 0 0 0 0 0 0 0 0 0 0 0 0 0 0 0 0 0 0 0 0 0 0
 0 0 0 0 0 0 0 0 0 0 0 0 0 0 0 0 0 0 0 0 0 0 0 0 0 0
 0.00862536 0 0 0.000197151 0.00414017 0.0128641 0.00837892 0.0270097 0.101434 0.158115 0.152841 0.127902 0.109271 0.109419 0.0830992 0.0579132 0.0238553 0.00714673 0.00463305 0.00128148 0.00103504 0.000492878 0.000147863 0.000147863 4.92878e-05 0
 0 0 0 0 0 0 0 0 0 0 0 0 0 0 0 0 0 0 0 0 0 0 0 0 0 0
 0 0 0 0 0 0 0 0.0054083 0.00873648 0.0413646 0.0450493 0.0745869 0.0622846 0.0627006 0.0613931 0.0827291 0.12552 0.122667 0.0946155 0.0697135 0.0546179 0.0294188 0.0215738 0.0213955 0.0102223 0.00600262
 0 0 0 0 0.00359764 0.0251062 0.0480494 0.140153 0.205849 0.193036 0.1447 0.116669 0.0760912 0.0342217 0.00950174 0.001854 0.000860785 0 0 0 0.000165536 0 0.000143464 0 0 0
 0 0 0 0 0 0 0 0.000145254 0.000435761 0.0275982 0.070085 0.0708112 0.156366 0.174668 0.174014 0.160142 0.0824315 0.0480064 0.0283245 0.00493863 0.00203355 0 0 0 0 0
 0 0 0 0 0 0 0 0 0 0 0 0 0 0 0 0 0 0 0 0 0 0 0 0 0 0
 0 0 1.00437e-05 0.000401748 0.00122533 0.00171747 0.00176769 0.0269171 0.070346 0.194647 0.189555 0.159765 0.064822 0.0314167 0.0384472 0.0292271 0.0345202 0.0313363 0.0194345 0.0106764 0.0143323 0.0359363 0.0279516 0.0138201 0.00172751 0
 0 0.0021121 0.0136068 0.0755702 0.200478 0.177729 0.0527432 0.0373336 0.0318909 0.0142505 0.0149659 0.0166563 0.0217959 0.0798694 0.0677717 0.0528807 0.04013 0.0224614 0.0357745 0.0225083 0.00881397 0.00855152 0.00135912 0.000746735 0 0
 0 0 0 0 5.4009e-05 0.00500934 0.000945158 0.0243581 0.138947 0.33067 0.221406 0.137944 0.0707744 0.0437923 0.0131692 0.00525238 0.0047753 0.00276346 9.45158e-05 9.00151e-06 2.25038e-05 9.00151e-06 4.50075e-06 0 0 0
 0.000866109 0.00284123 0.00948549 0.0512746 0.133035 0.25785 0.225252 0.132002 0.0553304 0.0519788 0.0540692 0.017754 0.00435017 0.00159236 0.00146478 0.000404838 0.000125132 0.000115318 0.000107957 0.000100596 0 0 0 0 0 0
 0 0 0 0 0.00144013 0.00171154 0.00461396 0.0210425 0.0478622 0.0707936 0.0888783 0.103762 0.0637923 0.0337046 0.0602308 0.124433 0.169614 0.0934646 0.0462172 0.0250306 0.0313229 0.00938855 0.002487 0.000210481 0 0
 0 0.00764035 0.051015 0.0998891 0.058973 0.0496711 0.0374665 0.0718981 0.12319 0.153886 0.159021 0.0857701 0.0377988 0.023471 0.0147837 0.00900784 0.00315554 0.000888139 0.00291439 0.00214683 0.00393193 0.00274676 0.000635225 9.99891e-05 0 0
 0 0 0 0 0 0 0 0 0 0 0 0 0 0 0 0 0 0 0 0 0 0 0 0 0 0
 0 0 0 0 0 0 0 0 0 0 0 0 0 0 0 0 0 0 0 0 0 0 0 0 0 0
 0 0 0 0 0 0 0 0 0 0 0 0 0 0 0 0 0 0 0 0 0 0 0 0 0 0
 0 0 0 0 0 0 0 0 0 0 0 0 0 0 0 0 0 0 0 0 0 0 0 0 0 0
 0 0 0 0 0 0 0 0 0 0 0 0 0 0 0 0 0 0 0 0 0 0 0 0 0 0
 0 0 0 0 0 0 0 0 0 0 0 0 0 0 0 0 0 0 0 0 0 0 0 0 0 0
ppred_pel_tallas
 1.00472e-16 7.83153e-05 0.000761253 0.00505879 0.0229965 0.0715508 0.152447 0.222501 0.222505 0.152464 0.0716088 0.0231641 0.00547996 0.00168215 0.0018316 0.00291529 0.00421793 0.00535753 0.00600047 0.00599004 0.00542832 0.00459316 0.00375896 0.00306532 0.002511 0.00203359
 1.02648e-16 2.96377e-07 2.88098e-06 1.91496e-05 8.71071e-05 0.000271512 0.000581853 0.000868342 0.000959503 0.00102721 0.00176642 0.00440286 0.0108445 0.0236089 0.0447565 0.0737919 0.105833 0.132104 0.14366 0.136377 0.113471 0.083438 0.0551487 0.0338513 0.0203608 0.0127682
 1.3196e-16 2.88554e-06 2.80485e-05 0.000186392 0.000847312 0.00263631 0.005617 0.00819852 0.00820028 0.00562627 0.00267155 0.000967227 0.00055572 0.00106001 0.00262278 0.00604868 0.0127018 0.0242575 0.0421103 0.0664138 0.0951188 0.123683 0.146015 0.15656 0.152573 0.135299
 1.0964e-16 7.44108e-05 0.000723299 0.00480658 0.02185 0.0679835 0.144846 0.211407 0.211407 0.144848 0.0679896 0.021868 0.00485391 0.000833971 0.000307907 0.000457804 0.000823912 0.00143702 0.00243288 0.0039936 0.0062863 0.00935478 0.0130038 0.0167501 0.0199012 0.021759
 1.14877e-16 5.55997e-06 5.4045e-05 0.000359152 0.0016327 0.00508038 0.0108273 0.0158197 0.0159008 0.0112234 0.00641005 0.00547106 0.00998585 0.0210427 0.0397901 0.0655755 0.0940154 0.117321 0.127612 0.12139 0.101779 0.0766421 0.0540873 0.0387484 0.0309531 0.0282733
 1.00069e-16 8.22254e-05 0.00079926 0.00531136 0.0241447 0.0751231 0.160058 0.233609 0.233609 0.160058 0.0751233 0.0241454 0.00531325 0.000803747 9.18009e-05 2.43561e-05 3.34297e-05 5.50097e-05 8.53999e-05 0.000124287 0.000169013 0.000213572 0.000249419 0.000268192 0.00026515 0.000241287
 1.00428e-16 7.82404e-07 7.60534e-06 5.05448e-05 0.000229828 0.000715589 0.00152815 0.00225031 0.00234539 0.0019926 0.00227441 0.00472926 0.0113336 0.0246016 0.0466002 0.0767526 0.109894 0.136785 0.14801 0.139241 0.113901 0.0810441 0.0502048 0.0271414 0.0128897 0.00547742
 1.28135e-16 1.94995e-06 1.89542e-05 0.000125958 0.000572586 0.00178154 0.00379584 0.00554062 0.00554301 0.00380821 0.00182737 0.000723828 0.000576668 0.00123739 0.00300085 0.00673685 0.0138276 0.0259291 0.0443721 0.0691902 0.0981507 0.126486 0.147916 0.156846 0.150734 0.131257
 1.02065e-16 8.06219e-05 0.000783674 0.00520779 0.0236738 0.0736581 0.156936 0.229053 0.229053 0.156937 0.0736591 0.0236767 0.00521552 0.000802245 0.000121242 8.80487e-05 0.000158109 0.000289691 0.000511571 0.000864688 0.00138396 0.00207447 0.00288748 0.0037118 0.00439293 0.00477888
 1.0356e-16 4.0379e-06 3.92499e-05 0.000260834 0.00118577 0.00368985 0.00786492 0.0114978 0.0115874 0.00830219 0.00515746 0.00542203 0.0108842 0.0231963 0.043884 0.072283 0.103519 0.12891 0.139624 0.131626 0.108184 0.0778567 0.0496188 0.0288368 0.016369 0.0101973
 1.01743e-16 7.7622e-05 0.000754513 0.00501401 0.0227929 0.0709173 0.151097 0.22053 0.220531 0.151099 0.0709235 0.0228119 0.00506564 0.00088023 0.000354347 0.000561613 0.00103029 0.00176984 0.00282912 0.00420199 0.0057751 0.00730683 0.00847057 0.00896585 0.00864699 0.00759317
 1.00307e-16 7.80798e-05 0.000758964 0.00504358 0.0229274 0.0713356 0.151988 0.221832 0.221837 0.152011 0.071413 0.0231508 0.00560388 0.00198053 0.00239345 0.00382135 0.00546968 0.0068213 0.00740966 0.0070255 0.00584298 0.00431105 0.00289501 0.00186472 0.00125041 0.000933952
 1.01368e-16 2.99455e-05 0.000291081 0.00193434 0.00879325 0.0273594 0.0582942 0.0850942 0.0851523 0.0585779 0.0283117 0.0115426 0.00883104 0.0153316 0.0285503 0.0470352 0.0674774 0.0842707 0.0917159 0.0871751 0.0726674 0.0535656 0.0354844 0.0217557 0.0129248 0.00783386
 1.0395e-16 6.6814e-05 0.000649456 0.00431586 0.0196193 0.0610429 0.130059 0.189826 0.189833 0.130092 0.0611552 0.0199456 0.00514282 0.00248028 0.00361861 0.00607084 0.00918966 0.0124915 0.0154948 0.0179193 0.0197463 0.0210354 0.0216852 0.021399 0.0199039 0.0172184
 1.0247e-16 6.83883e-05 0.000664759 0.00441756 0.0200816 0.0624813 0.133124 0.194301 0.194314 0.133189 0.0626993 0.020711 0.0059972 0.00411236 0.00661409 0.0108221 0.0155761 0.0195796 0.0215698 0.0209858 0.0183116 0.0147548 0.0115202 0.00923548 0.00786508 0.0070054
 1.00131e-16 8.11339e-05 0.000788651 0.00524086 0.0238242 0.0741259 0.157933 0.230508 0.230509 0.157939 0.0741456 0.0238812 0.00538385 0.00110086 0.000674247 0.000986679 0.00141441 0.00178034 0.00196471 0.00191385 0.00166708 0.00132878 0.00100518 0.000755117 0.000583139 0.00046424
 1.00883e-16 1.18019e-06 1.1472e-05 7.62399e-05 0.000346633 0.001079 0.00230238 0.00337997 0.00347335 0.00275855 0.00261009 0.00476628 0.0111601 0.0241743 0.0457927 0.075445 0.108076 0.134635 0.145896 0.137613 0.113119 0.081245 0.0512717 0.0287784 0.0147439 0.00724559
 1.00582e-16 8.07559e-05 0.000784976 0.00521644 0.0237132 0.0737805 0.157197 0.229434 0.229434 0.157198 0.0737816 0.0237166 0.00522645 0.000811459 0.000144592 0.000146398 0.000284589 0.000526701 0.0008936 0.00138582 0.00196016 0.00252366 0.00295296 0.00313711 0.00302423 0.00264526
 1.01904e-16 1.1472e-05 0.000111512 0.000741038 0.0033687 0.0104817 0.0223354 0.0326162 0.0326973 0.0227318 0.0118122 0.00720925 0.0103722 0.0211061 0.0397949 0.0655384 0.0938664 0.116904 0.126644 0.119425 0.0981929 0.070676 0.0449713 0.0259092 0.0142587 0.0082243
 1.25151e-16 6.2381e-06 6.06366e-05 0.000402952 0.00183177 0.00569938 0.0121436 0.0177268 0.0177404 0.0122107 0.00592789 0.00250671 0.00215339 0.00406747 0.00815808 0.0148858 0.0247093 0.0378426 0.0542279 0.0733923 0.0939878 0.113301 0.127429 0.132519 0.126552 0.110517
 1.0482e-16 7.76731e-05 0.00075501 0.00501731 0.0228079 0.070964 0.151196 0.220676 0.220676 0.151199 0.0709714 0.0228298 0.00507357 0.000883104 0.00033725 0.000479875 0.000797134 0.0012593 0.0019154 0.00284275 0.00411414 0.00573692 0.00759085 0.0094105 0.0108404 0.0115494
 1.01594e-16 6.73681e-05 0.000654842 0.00435166 0.019782 0.0615493 0.131138 0.191403 0.19142 0.131219 0.0618201 0.0205638 0.00631242 0.00492946 0.00816891 0.0133548 0.0191311 0.0238504 0.0258903 0.0245196 0.0203533 0.0149756 0.0100344 0.00649426 0.00447189 0.00354548
 1.0679e-16 7.22181e-07 7.01993e-06 4.66537e-05 0.000212129 0.000660432 0.00141001 0.00207435 0.00215261 0.00179242 0.00194465 0.00392233 0.00936327 0.0203566 0.038681 0.0640294 0.092424 0.1166 0.1291 0.126405 0.110947 0.089316 0.0682134 0.0513439 0.0390531 0.0299442
 1.04272e-16 7.40276e-05 0.000719575 0.00478183 0.0217375 0.0676334 0.1441 0.210318 0.210319 0.144101 0.0676376 0.0217513 0.0048229 0.000830619 0.000347752 0.000622098 0.00127329 0.00240599 0.00416158 0.00658072 0.00950419 0.01253 0.0150807 0.0165833 0.0166861 0.0153968
 1.07252e-16 3.07301e-05 0.000298708 0.00198502 0.00902365 0.0280762 0.0598214 0.0873224 0.0873766 0.0600862 0.028965 0.0115895 0.0084207 0.0143315 0.0266348 0.0438647 0.062916 0.0785777 0.0855975 0.0816406 0.0687681 0.0521622 0.0371227 0.0266149 0.020773 0.0180002
 1.24986e-16 6.24019e-06 6.06569e-05 0.000403088 0.0018324 0.00570146 0.0121488 0.0177387 0.0177727 0.0123153 0.00626263 0.0034626 0.0045304 0.00918725 0.0176806 0.0301085 0.045439 0.0614428 0.0756948 0.0868535 0.0950353 0.100889 0.104306 0.104075 0.0988129 0.0882399
 1.05199e-16 7.64279e-05 0.000742906 0.00493687 0.0224423 0.0698263 0.148772 0.217138 0.217138 0.148775 0.0698361 0.0224711 0.00501196 0.000915934 0.000432457 0.000667847 0.00113361 0.00181642 0.00277299 0.00406992 0.00573971 0.0077176 0.0097961 0.0116417 0.0128845 0.0132434
 1.01927e-16 6.64052e-05 0.000645482 0.00428946 0.0194993 0.0606695 0.129263 0.188667 0.188685 0.129348 0.0609532 0.020318 0.006343 0.00512268 0.00855285 0.0139917 0.0200507 0.0250123 0.027184 0.0258059 0.0215259 0.0160007 0.0109457 0.00735241 0.00532014 0.00438722
 1.07516e-16 1.73237e-06 1.68393e-05 0.000111907 0.000508759 0.00158335 0.0033763 0.00494377 0.00501995 0.00374857 0.00283358 0.00412097 0.00918329 0.0198336 0.0376773 0.0623876 0.090104 0.113778 0.126174 0.123876 0.109234 0.0886161 0.0684732 0.0523374 0.0404929 0.0315671
 1.41663e-16 2.06701e-06 2.00921e-05 0.000133519 0.000606961 0.0018885 0.00402376 0.00587345 0.00587667 0.0040401 0.00194701 0.000792011 0.000658624 0.0013674 0.00315146 0.00675263 0.0133446 0.024364 0.0410865 0.0638717 0.0912958 0.119712 0.143799 0.158193 0.15951 0.14769
pSPR Fmed_Fpbrs
0.430738   0.180428 0.180428
Fs Fmed_Fpbrs
0.440983   1.005 1.005
SSBpbr Bo_Bmed_Bpbrs
1.72621e+06  657233  225147 225147
Ro
26122.8
SPR SPRFo_SPRFmed_SPRFpbrs
185952 80096.5 33551
Fref
1.005
log_Ro
9.99056
likeval ReclasPelacesDesembMPH_pf_preclas_ppelaces_ptallas_desvR_qrecl_qpela
 39.1906 51.0808 1.09176 0.00211068 427.712 170.791 136.406 0 283.727 0 0 4.79827 0 0 0
q_reclas_q_pelaces
1 1
M
1
N
 543834 21093 6528.49 781.371 0.0422959
 589.319 157645 6048.15 1871.96 224.06
 1440.93 145.563 38236.1 1466.95 508.38
 87062.9 341.853 33.8486 8891.24 459.334
 752.586 10139.4 37.7734 3.74013 1033.2
 311900 37.6912 463.564 1.72696 47.4079
 762.586 82979 9.88005 121.515 12.8798
 217.021 87.8487 9064.91 1.07933 14.6817
 80751.1 42.3089 16.6364 1716.67 2.98476
 976.94 19254 9.88998 3.88886 401.981
 44219.1 135.009 2544.36 1.30693 53.6345
 230376 12132.7 36.55 688.816 14.8739
 31743 53973.5 2784.46 8.38825 161.497
 69690.1 6181.66 10209.6 526.708 32.1356
 46715.8 8089.42 680.694 1124.23 61.5371
 446380 5736.49 944.75 79.4971 138.484
 1585.82 109220 1377.68 226.892 52.3504
 1.32399e+06 382.166 25816.8 325.647 66.0056
 68502.9 419821 120.359 8130.75 123.347
 10736.6 18676.6 112903 32.3683 2219.78
 485977 2262.32 3836.38 23191.5 462.617
 601970 128097 587.3 995.928 6140.63
 1670.52 156323 32739.5 150.104 1823.98
 459271 457.322 42220.7 8842.52 533.176
 95016.5 144672 143.039 13205.6 2932.49
 6129.01 28286.9 42654.9 42.1736 4758.15
 269402 1605.81 7297.13 11003.6 1238.33
 342115 76760.3 452.228 2055.02 3447.58
 2863.22 108239 24118.7 142.094 1728.96
 1050.56 874.834 32792.2 7307.01 566.856
pred_Ctot
 74317.5 3001.15 928.886 111.175 0.00601795
 126.415 35114.4 1347.18 416.967 49.9079
 335.118 35.1303 9227.92 354.034 122.693
 41148.4 166.036 16.44 4318.42 223.095
 476.126 6539.69 24.3629 2.41229 666.39
 56032.2 7.03967 86.5809 0.322548 8.85446
 362.518 40531.9 4.826 59.355 6.29125
 67.8542 28.417 2932.29 0.349139 4.7492
 18601.7 10.1145 3.97716 410.394 0.713547
 416.516 8453.24 4.34207 1.70736 176.485
 7275.85 23.1074 435.479 0.223687 9.17979
 54848.2 2996.87 9.02815 170.143 3.67397
 9937.86 17481.8 901.876 2.71693 52.3084
 32995.8 3007.59 4967.33 256.261 15.6351
 21439.6 3817.53 321.231 530.544 29.0404
 97667 1303.1 214.61 18.0586 31.4581
 357.8 25578.3 322.639 53.1358 12.26
 116963 35.207 2378.37 30.0003 6.08077
 11486.8 73218.7 20.9912 1418.04 21.5123
 3032.5 5463.91 33030.2 9.4695 649.406
 89477.6 432.987 734.247 4438.63 88.5405
 115118 25457.9 116.72 197.93 1220.38
 276.729 26935.3 5641.22 25.8639 314.284
 42260.1 43.8779 4050.88 848.398 51.1557
 11656.3 18487.2 18.2786 1687.51 374.736
 1146.17 5498.25 8291.01 8.19746 924.862
 39205.3 243.24 1105.33 1666.77 187.576
 30647.8 7170.66 42.2455 191.972 322.06
 311.366 12266.7 2733.37 16.1035 195.943
 256.666 221.698 8310.1 1851.72 143.651
F
 0.238296 0.249189 0.249189 0.249189 0.249189
 0.398357 0.416567 0.416567 0.416567 0.416567
 0.438662 0.458714 0.458714 0.458714 0.458714
 1.1502 1.20278 1.20278 1.20278 1.20278
 1.99409 2.08524 2.08524 2.08524 2.08524
 0.324095 0.33891 0.33891 0.33891 0.33891
 1.1611 1.21418 1.21418 1.21418 1.21418
 0.634996 0.664023 0.664023 0.664023 0.664023
 0.433653 0.453476 0.453476 0.453476 0.453476
 0.979083 1.02384 1.02384 1.02384 1.02384
 0.293256 0.306661 0.306661 0.306661 0.306661
 0.451222 0.471848 0.471848 0.471848 0.471848
 0.636085 0.665162 0.665162 0.665162 0.665162
 1.1535 1.20623 1.20623 1.20623 1.20623
 1.09724 1.14739 1.14739 1.14739 1.14739
 0.407807 0.426448 0.426448 0.426448 0.426448
 0.423004 0.44234 0.44234 0.44234 0.44234
 0.14858 0.155372 0.155372 0.155372 0.155372
 0.299607 0.313303 0.313303 0.313303 0.313303
 0.557265 0.582739 0.582739 0.582739 0.582739
 0.333372 0.348611 0.348611 0.348611 0.348611
 0.348286 0.364207 0.364207 0.364207 0.364207
 0.295502 0.30901 0.30901 0.30901 0.30901
 0.155174 0.162267 0.162267 0.162267 0.162267
 0.21165 0.221325 0.221325 0.221325 0.221325
 0.339404 0.354919 0.354919 0.354919 0.354919
 0.255516 0.267196 0.267196 0.267196 0.267196
 0.150804 0.157698 0.157698 0.157698 0.157698
 0.185667 0.194154 0.194154 0.194154 0.194154
 0.465586 0.486869 0.486869 0.486869 0.486869
nmprior
 8 8 7 0
nm_flota  nm_reclas  nm_pelaces    nm_pelaL
inf 3.49842 2.07128 2.396
cv_recla  cv_pelaces  cv_mph
0.579586 0.840995 1.41781
 ------------------------------------------------
Talla a la edad & desviación 
 8 13.2811 15.8009 17.003 17.5766
 0.8 1.32811 1.58009 1.7003 1.75766
