years
 1991 1992 1993 1994 1995 1996 1997 1998 1999 2000 2001 2002 2003 2004 2005 2006 2007 2008 2009 2010 2011 2012 2013 2014 2015 2016 2017 2018 2019 2020
reclasobs
 0 0 0 0 0 0 0 0 0 252601 567819 844713 477998 351125 339783 2.1784e+06 2.13404e+06 4.81314e+06 1.55562e+06 2.62356e+06 3.21686e+06 3.843e+06 1.13348e+06 3.07943e+06 1.97215e+06 2.03268e+06 2.025e+06 2.42433e+06 2.27542e+06 1.05018e+06
reclaspred
 3.3011e+06 1.88014e+06 957137 1.00372e+06 1.03358e+06 1.58305e+06 1.07712e+06 973577 709948 523880 534082 652884 646335 522091 526763 1.21843e+06 1.23839e+06 2.6166e+06 2.19442e+06 1.68491e+06 2.97729e+06 2.39054e+06 1.93998e+06 2.97106e+06 2.23735e+06 1.98483e+06 2.33203e+06 2.41252e+06 2.00163e+06 1.31671e+06
pelacesobs
 0 0 0 0 0 0 0 0 0 0 0 0 0 0 0 552880 188675 0 991730 2.46772e+06 1.41603e+06 1.21717e+06 2.29649e+06 1.80582e+06 0 1.4828e+06 1.56532e+06 1.57751e+06 1.42118e+06 867257
pelacespred
 2.20622e+06 1.41037e+06 726021 575719 615131 939205 661972 682310 502182 352544 351536 361943 391384 335445 336318 620841 686146 1.53212e+06 1.4174e+06 1.03458e+06 1.66976e+06 1.52337e+06 1.2563e+06 1.95372e+06 1.51738e+06 1.33508e+06 1.69066e+06 1.72831e+06 1.27844e+06 954987
mphobs
 0 0 0 0 0 0 0 0 0 0 0 498337 0 5186 125008 0 168611 109162 213762 579715 649985 157893 87575 83554 0 0 0 0 0 0
mphpred
 499845 335408 170883 93350.1 110171 125951 164999 113121 98441.6 69780.2 46608.5 62731.3 66686.6 57851.2 41746.1 51207.2 141763 142599 260576 203826 224019 273762 256951 215880 298374 245447 203365 215259 290629 201428
desembarqueobs
 494567 514787 250237 358949 120608 361735 552515 73892 212993 205616 52469 317467 293654 387597 252695 516296 358380 742168 942051 627588 828172 859565 418607 520667 417249 300574 407403 355545 319650 289779
desembarquepred
 494574 513185 251093 358969 120612 361749 552571 73895.2 213034 205655 52471.1 317533 293710 387660 252703 516293 358411 742113 941956 627516 828245 859614 418622 520690 417255 300580 407409 355540 319652 289792
Reclutas
 229807 133534 132238 258790 207908 333877 141905 68211.3 60811.9 78227.1 139060 174901 147609 103448 106008 529608 131039 810817 489721 382817 558035 735655 164499 480038 397295 183198 403970 438272 133687 108076
log_desv_Rt
 0.0702971 -0.472586 -0.482338 0.189074 -0.0298471 0.443828 -0.41179 -1.14433 -1.25916 -1.00733 -0.432037 -0.202722 -0.372375 -0.727879 -0.703428 0.905192 -0.491446 1.3311 0.826892 0.580613 0.957477 1.23382 -0.264042 0.806921 0.617735 -0.156375 0.634396 0.715895 -0.47144 -0.684107
SSB
 4.29235e+06 2.88027e+06 1.46744e+06 801632 946083 1.08159e+06 1.41691e+06 971417 845355 599229 400245 538698 572663 496790 358489 439736 1.21737e+06 1.22455e+06 2.23767e+06 1.75033e+06 1.92373e+06 2.3509e+06 2.20654e+06 1.85384e+06 2.56225e+06 2.10775e+06 1.74637e+06 1.84851e+06 2.49574e+06 1.72974e+06
BT
 5.66925e+06 3.8653e+06 1.98193e+06 1.78077e+06 1.64428e+06 2.77106e+06 2.12348e+06 1.7838e+06 1.46256e+06 1.08547e+06 961667 1.20869e+06 1.2817e+06 1.28312e+06 1.15411e+06 2.13056e+06 2.01088e+06 4.80858e+06 4.56271e+06 3.17255e+06 5.06235e+06 4.70888e+06 3.48878e+06 5.67537e+06 4.18079e+06 3.61357e+06 4.87749e+06 4.92303e+06 3.37964e+06 2.60771e+06
Ftot
 0.0993329 0.178994 0.17316 0.246798 0.0802419 0.15986 0.337548 0.0518211 0.203127 0.26416 0.0699248 0.332464 0.309978 0.500854 0.336623 0.305619 0.195413 0.202741 0.292223 0.254281 0.192908 0.247718 0.144954 0.124301 0.127345 0.102961 0.123347 0.104856 0.106005 0.147191
BD_Bspro_t
 0.984252 0.882505 0.755011 0.680291 0.685466 0.749615 0.741906 0.617155 0.666757 0.634575 0.606321 0.749856 0.643847 0.563236 0.467553 0.518776 0.652058 0.640889 0.712698 0.630154 0.608572 0.652167 0.664361 0.662476 0.755041 0.76162 0.769188 0.799345 0.833453 0.77897
BD_Bspro
 2.815 1.88894 0.962373 0.525725 0.620459 0.709325 0.929237 0.637073 0.554399 0.392985 0.262488 0.353288 0.375563 0.325804 0.235104 0.288387 0.798375 0.803085 1.4675 1.1479 1.26162 1.54176 1.44709 1.21579 1.68037 1.3823 1.1453 1.21229 1.63675 1.13439
BD_Bo
 1.87554 1.25853 0.641197 0.350273 0.413391 0.4726 0.619119 0.42446 0.369378 0.261833 0.174887 0.235384 0.250225 0.217072 0.156642 0.192142 0.531931 0.535068 0.977748 0.764807 0.840574 1.02722 0.964146 0.810037 1.11958 0.920981 0.763077 0.807706 1.09051 0.755808
BD_Brms
 12.4171 8.33216 4.24506 2.31899 2.73686 3.12886 4.09889 2.81015 2.44547 1.73347 1.15784 1.55836 1.65662 1.43713 1.03705 1.27208 3.52166 3.54243 6.4732 5.06342 5.56504 6.80076 6.38315 5.36287 7.41217 6.09737 5.05197 5.34744 7.21978 5.00384
Sel_flota
 0.851982 0.990939 0.999519 0.999975 0.999999
 0.851982 0.990939 0.999519 0.999975 0.999999
 0.851982 0.990939 0.999519 0.999975 0.999999
 0.851982 0.990939 0.999519 0.999975 0.999999
 0.851982 0.990939 0.999519 0.999975 0.999999
 0.851982 0.990939 0.999519 0.999975 0.999999
 0.851982 0.990939 0.999519 0.999975 0.999999
 0.851982 0.990939 0.999519 0.999975 0.999999
 0.851982 0.990939 0.999519 0.999975 0.999999
 0.851982 0.990939 0.999519 0.999975 0.999999
 0.851982 0.990939 0.999519 0.999975 0.999999
 0.851982 0.990939 0.999519 0.999975 0.999999
 0.851982 0.990939 0.999519 0.999975 0.999999
 0.851982 0.990939 0.999519 0.999975 0.999999
 0.851982 0.990939 0.999519 0.999975 0.999999
 0.851982 0.990939 0.999519 0.999975 0.999999
 0.851982 0.990939 0.999519 0.999975 0.999999
 0.851982 0.990939 0.999519 0.999975 0.999999
 0.851982 0.990939 0.999519 0.999975 0.999999
 0.851982 0.990939 0.999519 0.999975 0.999999
 0.851982 0.990939 0.999519 0.999975 0.999999
 0.851982 0.990939 0.999519 0.999975 0.999999
 0.851982 0.990939 0.999519 0.999975 0.999999
 0.851982 0.990939 0.999519 0.999975 0.999999
 0.851982 0.990939 0.999519 0.999975 0.999999
 0.851982 0.990939 0.999519 0.999975 0.999999
 0.851982 0.990939 0.999519 0.999975 0.999999
 0.851982 0.990939 0.999519 0.999975 0.999999
 0.851982 0.990939 0.999519 0.999975 0.999999
 0.851982 0.990939 0.999519 0.999975 0.999999
Sel_reclas
 1 1 1 1 1
 1 1 1 1 1
 1 1 1 1 1
 1 1 1 1 1
 1 1 1 1 1
 1 1 1 1 1
 1 1 1 1 1
 1 1 1 1 1
 1 1 1 1 1
 1 1 1 1 1
 1 1 1 1 1
 1 1 1 1 1
 1 1 1 1 1
 1 1 1 1 1
 1 1 1 1 1
 1 1 1 1 1
 1 1 1 1 1
 1 1 1 1 1
 1 1 1 1 1
 1 1 1 1 1
 1 1 1 1 1
 1 1 1 1 1
 1 1 1 1 1
 1 1 1 1 1
 1 1 1 1 1
 1 1 1 1 1
 1 1 1 1 1
 1 1 1 1 1
 1 1 1 1 1
 1 1 1 1 1
Sel_pelaces
 0.794432 0.951098 0.989887 0.997974 0.999597
 0.794432 0.951098 0.989887 0.997974 0.999597
 0.794432 0.951098 0.989887 0.997974 0.999597
 0.794432 0.951098 0.989887 0.997974 0.999597
 0.794432 0.951098 0.989887 0.997974 0.999597
 0.794432 0.951098 0.989887 0.997974 0.999597
 0.794432 0.951098 0.989887 0.997974 0.999597
 0.794432 0.951098 0.989887 0.997974 0.999597
 0.794432 0.951098 0.989887 0.997974 0.999597
 0.794432 0.951098 0.989887 0.997974 0.999597
 0.794432 0.951098 0.989887 0.997974 0.999597
 0.794432 0.951098 0.989887 0.997974 0.999597
 0.794432 0.951098 0.989887 0.997974 0.999597
 0.794432 0.951098 0.989887 0.997974 0.999597
 0.794432 0.951098 0.989887 0.997974 0.999597
 0.794432 0.951098 0.989887 0.997974 0.999597
 0.794432 0.951098 0.989887 0.997974 0.999597
 0.794432 0.951098 0.989887 0.997974 0.999597
 0.794432 0.951098 0.989887 0.997974 0.999597
 0.794432 0.951098 0.989887 0.997974 0.999597
 0.794432 0.951098 0.989887 0.997974 0.999597
 0.794432 0.951098 0.989887 0.997974 0.999597
 0.794432 0.951098 0.989887 0.997974 0.999597
 0.794432 0.951098 0.989887 0.997974 0.999597
 0.794432 0.951098 0.989887 0.997974 0.999597
 0.794432 0.951098 0.989887 0.997974 0.999597
 0.794432 0.951098 0.989887 0.997974 0.999597
 0.794432 0.951098 0.989887 0.997974 0.999597
 0.794432 0.951098 0.989887 0.997974 0.999597
 0.794432 0.951098 0.989887 0.997974 0.999597
pf_obs 
 0.8446 0.082 0.0669 0.0065 0
 0.8095 0.147 0.0364 0.0071 0
 0.9664 0.0169 0.016 0.0007 0
 0.9276 0.0648 0.0075 0.0001 0
 0.7033 0.2144 0.0806 0.0017 0
 0.9318 0.0425 0.0243 0.0014 0
 0.5671 0.3108 0.0964 0.0239 0.0018
 0.0768 0.2599 0.5324 0.112 0.0189
 0.490249 0.384438 0.106611 0.0170017 0.00170017
 0.7925 0.1577 0.0466 0.003 0.0002
 0.840416 0.127587 0.0312969 0.00059994 9.999e-05
 0.8084 0.0986 0.0794 0.0134 0.0002
 0.7335 0.1905 0.0724 0.0035 0.0001
 0.4001 0.4547 0.1325 0.0127 0
 0.49795 0.308269 0.164784 0.0264974 0.00249975
 0.9179 0.0499 0.0305 0.0017 0
 0.2467 0.6533 0.0926 0.0074 0
 0.9418 0.0223 0.034 0.0019 0
 0.707729 0.231977 0.0356964 0.0245975 0
 0.517169 0.277429 0.184464 0.0207286 0.00020938
 0.811772 0.124168 0.05621 0.00726502 0.000585176
 0.764997 0.148141 0.077277 0.00933861 0.000247198
 0.163321 0.427699 0.378323 0.0303852 0.000271297
 0.753843 0.0900009 0.118128 0.0371064 0.000921714
 0.721811 0.176058 0.0630433 0.0369309 0.00215725
 0.143369 0.312575 0.442814 0.0836902 0.0175525
 0.692698 0.0596174 0.167031 0.0765114 0.00414204
 0.394062 0.376323 0.152708 0.0712218 0.00568511
 0.125707 0.32114 0.495352 0.0537591 0.00404204
 0.23352 0.215282 0.420074 0.123614 0.00750983
pf_pred 
 0.428686 0.110988 0.436781 0.0235449 7.57049e-07
 0.411207 0.275438 0.0613037 0.239164 0.0128867
 0.55118 0.202481 0.115821 0.0255442 0.104974
 0.760545 0.141522 0.0444082 0.025172 0.028352
 0.647649 0.278243 0.0439739 0.0136687 0.016466
 0.734261 0.18107 0.0669839 0.0104956 0.00718912
 0.469807 0.405192 0.0854212 0.0313158 0.00826377
 0.435294 0.289769 0.210616 0.0439624 0.0203589
 0.510156 0.231619 0.133056 0.0958959 0.0292729
 0.666619 0.183785 0.0710894 0.0404619 0.0380445
 0.786006 0.150459 0.0351795 0.0134784 0.0148769
 0.720278 0.2267 0.0373772 0.00866472 0.00698066
 0.667521 0.250639 0.0664533 0.010848 0.00453831
 0.606845 0.277039 0.0877485 0.0230369 0.00533103
 0.70877 0.189621 0.0718319 0.0225053 0.00727144
 0.921644 0.0582657 0.0131268 0.00492329 0.00203978
 0.41446 0.546401 0.029178 0.00650953 0.00345115
 0.886861 0.0513354 0.0577085 0.00305342 0.00104185
 0.606084 0.355477 0.0175295 0.0195242 0.00138484
 0.605425 0.254731 0.126321 0.00616893 0.00735442
 0.733859 0.171583 0.061252 0.0300873 0.00321934
 0.737826 0.200403 0.0399564 0.0141331 0.00768132
 0.333403 0.512366 0.11816 0.0233367 0.0127343
 0.741514 0.095417 0.125601 0.0287082 0.00875962
 0.625388 0.288735 0.0318792 0.0415952 0.0124023
 0.444037 0.367504 0.145559 0.0159298 0.0269695
 0.73212 0.129222 0.0919297 0.0360953 0.010633
 0.683415 0.241199 0.036534 0.0257627 0.0130891
 0.359489 0.458393 0.139048 0.0208785 0.0221926
 0.452096 0.216806 0.237551 0.0714316 0.022116
pobs_RECLAS
 0 0 0 0 0
 0 0 0 0 0
 0 0 0 0 0
 0 0 0 0 0
 0 0 0 0 0
 0 0 0 0 0
 0 0 0 0 0
 0 0 0 0 0
 0 0 0 0 0
 0 0 0 0 0
 0.991045 0.00858322 0.000360255 1.14367e-05 0
 0.934742 0.0480273 0.0164251 0.00080598 0
 0.827803 0.169806 0.00239088 0 0
 0.941827 0.0461693 0.0120037 0 0
 0.791401 0.0380133 0.147996 0.0225897 0
 0.846168 0.0940531 0.0597789 0 0
 0.134021 0.677848 0.182769 0.00536245 0
 0.80878 0.0450904 0.141981 0.00414843 0
 0.846168 0.0940531 0.0597789 0 0
 0.905697 0.0802665 0.012482 0.00150086 5.37128e-05
 0.989698 0.0102097 9.19794e-05 0 0
 0.975433 0.0193895 0.00387452 0.00125025 5.28907e-05
 0.303575 0.632131 0.0575291 0.00676475 0
 0.966965 0.00978017 0.0227588 0.000495775 0
 0.843318 0.132988 0.00938335 0.0141283 0.000182051
 0.564624 0.303363 0.111486 0.0197234 0.00080311
 0.826376 0.0876187 0.0782897 0.00655872 0.00115652
 0.89761 0.0855135 0.0140674 0.00269457 0.000114338
 0.34875 0.467042 0.161289 0.0227151 0.000203297
 0.318654 0.224769 0.449479 0.00709798 0
ppred_RECLAS
 0.468075 0.104064 0.405986 0.0218748 7.03333e-07
 0.45 0.258543 0.0570411 0.222431 0.0119848
 0.589946 0.185908 0.105413 0.023238 0.0954949
 0.788164 0.125665 0.0390854 0.0221445 0.0249414
 0.681928 0.251641 0.0394259 0.0122494 0.0147559
 0.763566 0.161556 0.0592443 0.00927859 0.00635537
 0.509321 0.375796 0.0785193 0.0287719 0.00759229
 0.473943 0.271089 0.19534 0.040755 0.0188732
 0.549633 0.213965 0.121839 0.0877705 0.0267919
 0.700945 0.165535 0.0634657 0.0361059 0.0339478
 0.810856 0.133337 0.030907 0.011836 0.0130638
 0.750921 0.202211 0.0330433 0.00765641 0.00616818
 0.701569 0.225469 0.05925 0.00966755 0.00404436
 0.644757 0.251007 0.0787801 0.0206724 0.00478373
 0.740512 0.169488 0.0636342 0.0199275 0.0064384
 0.93231 0.0504516 0.0112656 0.00422328 0.00174971
 0.452328 0.511367 0.0270684 0.00603607 0.00320006
 0.901827 0.0447595 0.0498759 0.00263776 0.0009
 0.642686 0.322734 0.0157741 0.0175607 0.00124554
 0.642423 0.231572 0.113826 0.00555611 0.00662367
 0.763347 0.153056 0.0541604 0.0265915 0.00284522
 0.766981 0.178494 0.0352752 0.0124715 0.00677807
 0.368689 0.486235 0.111158 0.0219437 0.0119739
 0.770666 0.0851281 0.111084 0.0253785 0.00774346
 0.660886 0.261914 0.0286667 0.0373864 0.0111471
 0.482645 0.343004 0.134678 0.0147322 0.0249413
 0.761812 0.115427 0.0814032 0.0319474 0.00941084
 0.715862 0.216939 0.0325746 0.0229601 0.0116649
 0.395876 0.433433 0.130337 0.0195616 0.0207923
 0.491533 0.20228 0.219707 0.0660354 0.0204448
pobs_PELACES
 0 0 0 0 0
 0 0 0 0 0
 0 0 0 0 0
 0 0 0 0 0
 0 0 0 0 0
 0 0 0 0 0
 0 0 0 0 0
 0 0 0 0 0
 0 0 0 0 0
 0 0 0 0 0
 0 0 0 0 0
 0 0 0 0 0
 0 0 0 0 0
 0 0 0 0 0
 0 0 0 0 0
 0 0 0 0 0
 0.505614 0.472636 0.0217494 0 0
 0 0 0 0 0
 0.443492 0.261883 0.143347 0.151278 0
 0.227955 0.32914 0.350689 0.0885471 0.00366901
 0.970185 0.0296113 0.000203453 0 0
 0.997202 0.00247181 0.000326279 0 0
 0.445219 0.490057 0.0546422 0.010081 0
 0.90214 0.0892962 0.00764917 0.000914606 0
 0 0 0 0 0
 0.581667 0.319106 0.0959925 0.00289975 0.000334073
 0.762889 0.0836404 0.116647 0.0363945 0.000428098
 0.88444 0.0763242 0.0277011 0.0115352 0
 0.521256 0.241999 0.230069 0.00667565 0
 0.616807 0.101726 0.260614 0.0208532 0
ppred_PELACES
 0.416855 0.110449 0.448342 0.024354 7.84317e-07
 0.402003 0.274255 0.0629432 0.247445 0.0133543
 0.541686 0.202747 0.119591 0.0265782 0.109398
 0.755287 0.142548 0.0461127 0.0263384 0.0297132
 0.640402 0.281881 0.0459545 0.0143943 0.0173679
 0.728373 0.183154 0.069872 0.0110322 0.00756877
 0.465768 0.405113 0.0880129 0.0325125 0.00859328
 0.424961 0.290316 0.217694 0.0457897 0.0212391
 0.501359 0.231495 0.137118 0.0995814 0.0304465
 0.660179 0.184406 0.0735292 0.0421711 0.0397149
 0.780002 0.153066 0.0369198 0.014254 0.0157582
 0.717241 0.227732 0.0386948 0.00903873 0.00729362
 0.663493 0.25168 0.0687746 0.0113128 0.00474033
 0.605148 0.275642 0.0899126 0.0237846 0.00551284
 0.704638 0.190125 0.0742225 0.0234321 0.00758296
 0.920258 0.0587904 0.0136512 0.00515916 0.00214093
 0.409723 0.549599 0.0302618 0.00680313 0.00361258
 0.883403 0.0520058 0.0602793 0.00321391 0.00109836
 0.602561 0.357433 0.0181676 0.0203896 0.00144854
 0.599466 0.255702 0.130718 0.00643256 0.00768098
 0.728062 0.17323 0.0637644 0.0315617 0.0033825
 0.733537 0.202068 0.0415335 0.0148035 0.00805854
 0.327195 0.513184 0.122054 0.024291 0.0132762
 0.733301 0.0964234 0.130909 0.0301515 0.00921473
 0.61838 0.291689 0.0332157 0.0436722 0.0130425
 0.435612 0.368883 0.150703 0.0166196 0.0281823
 0.724357 0.130654 0.0958666 0.0379304 0.0111914
 0.676608 0.244301 0.0381679 0.0271218 0.0138017
 0.352106 0.459297 0.143704 0.0217436 0.0231492
 0.442113 0.216357 0.244478 0.0740795 0.0229726
pobs_pel_tallas
 0 0 0 0 0 0 0 0 0 0 0 0 0 0 0 0 0 0 0 0 0 0 0 0 0 0
 0 0 0 0 0 0 0 0 0 0 0 0 0 0 0 0 0 0 0 0 0 0 0 0 0 0
 0 0 0 0 0 0 0 0 0 0 0 0 0 0 0 0 0 0 0 0 0 0 0 0 0 0
 0 0 0 0 0 0 0 0 0 0 0 0 0 0 0 0 0 0 0 0 0 0 0 0 0 0
 0 0 0 0 0 0 0 0 0 0 0 0 0 0 0 0 0 0 0 0 0 0 0 0 0 0
 0 0 0 0 0 0 0 0 0 0 0 0 0 0 0 0 0 0 0 0 0 0 0 0 0 0
 0 0 0 0 0 0 0 0 0 0 0 0 0 0 0 0 0 0 0 0 0 0 0 0 0 0
 0 0 0 0 0 0 0 0 0 0 0 0 0 0 0 0 0 0 0 0 0 0 0 0 0 0
 0 0 0 0 0 0 0 0 0 0 0 0 0 0 0 0 0 0 0 0 0 0 0 0 0 0
 0 0 0 0 0 0 0 0 0 0 0 0 0 0 0 0 0 0 0 0 0 0 0 0 0 0
 0 0 0 0 0 0 0 0 0 0 0 0 0 0 0 0 0 0 0 0 0 0 0 0 0 0
 0 0 0 0 0 0 0 0 0 0 0 0 0 0 0 0 0 0 0 0 0 0 0 0 0 0
 0.00862536 0 0 0.000197151 0.00414017 0.0128641 0.00837892 0.0270097 0.101434 0.158115 0.152841 0.127902 0.109271 0.109419 0.0830992 0.0579132 0.0238553 0.00714673 0.00463305 0.00128148 0.00103504 0.000492878 0.000147863 0.000147863 4.92878e-05 0
 0 0 0 0 0 0 0 0 0 0 0 0 0 0 0 0 0 0 0 0 0 0 0 0 0 0
 0 0 0 0 0 0 0 0.0054083 0.00873648 0.0413646 0.0450493 0.0745869 0.0622846 0.0627006 0.0613931 0.0827291 0.12552 0.122667 0.0946155 0.0697135 0.0546179 0.0294188 0.0215738 0.0213955 0.0102223 0.00600262
 0 0 0 0 0.00359764 0.0251062 0.0480494 0.140153 0.205849 0.193036 0.1447 0.116669 0.0760912 0.0342217 0.00950174 0.001854 0.000860785 0 0 0 0.000165536 0 0.000143464 0 0 0
 0 0 0 0 0 0 0 0.000145254 0.000435761 0.0275982 0.070085 0.0708112 0.156366 0.174668 0.174014 0.160142 0.0824315 0.0480064 0.0283245 0.00493863 0.00203355 0 0 0 0 0
 0 0 0 0 0 0 0 0 0 0 0 0 0 0 0 0 0 0 0 0 0 0 0 0 0 0
 0 0 1.00437e-05 0.000401748 0.00122533 0.00171747 0.00176769 0.0269171 0.070346 0.194647 0.189555 0.159765 0.064822 0.0314167 0.0384472 0.0292271 0.0345202 0.0313363 0.0194345 0.0106764 0.0143323 0.0359363 0.0279516 0.0138201 0.00172751 0
 0 0.0021121 0.0136068 0.0755702 0.200478 0.177729 0.0527432 0.0373336 0.0318909 0.0142505 0.0149659 0.0166563 0.0217959 0.0798694 0.0677717 0.0528807 0.04013 0.0224614 0.0357745 0.0225083 0.00881397 0.00855152 0.00135912 0.000746735 0 0
 0 0 0 0 5.4009e-05 0.00500934 0.000945158 0.0243581 0.138947 0.33067 0.221406 0.137944 0.0707744 0.0437923 0.0131692 0.00525238 0.0047753 0.00276346 9.45158e-05 9.00151e-06 2.25038e-05 9.00151e-06 4.50075e-06 0 0 0
 0.000866109 0.00284123 0.00948549 0.0512746 0.133035 0.25785 0.225252 0.132002 0.0553304 0.0519788 0.0540692 0.017754 0.00435017 0.00159236 0.00146478 0.000404838 0.000125132 0.000115318 0.000107957 0.000100596 0 0 0 0 0 0
 0 0 0 0 0.00144013 0.00171154 0.00461396 0.0210425 0.0478622 0.0707936 0.0888783 0.103762 0.0637923 0.0337046 0.0602308 0.124433 0.169614 0.0934646 0.0462172 0.0250306 0.0313229 0.00938855 0.002487 0.000210481 0 0
 0 0.00764035 0.051015 0.0998891 0.058973 0.0496711 0.0374665 0.0718981 0.12319 0.153886 0.159021 0.0857701 0.0377988 0.023471 0.0147837 0.00900784 0.00315554 0.000888139 0.00291439 0.00214683 0.00393193 0.00274676 0.000635225 9.99891e-05 0 0
 0 0 0 0 0 0 0 0 0 0 0 0 0 0 0 0 0 0 0 0 0 0 0 0 0 0
 0 0 0 0 0 0 0 0 0 0 0 0 0 0 0 0 0 0 0 0 0 0 0 0 0 0
 0 0 0 0 0 0 0 0 0 0 0 0 0 0 0 0 0 0 0 0 0 0 0 0 0 0
 0 0 0 0 0 0 0 0 0 0 0 0 0 0 0 0 0 0 0 0 0 0 0 0 0 0
 0 0 0 0 0 0 0 0 0 0 0 0 0 0 0 0 0 0 0 0 0 0 0 0 0 0
 0 0 0 0 0 0 0 0 0 0 0 0 0 0 0 0 0 0 0 0 0 0 0 0 0 0
ppred_pel_tallas
 1.15409e-16 3.43358e-05 0.000333756 0.00221793 0.0100824 0.0313701 0.0668378 0.097554 0.0975654 0.0668934 0.0315589 0.0106361 0.00364022 0.00354551 0.00644651 0.0114159 0.0183292 0.0269685 0.0369833 0.047974 0.0593086 0.0697449 0.077327 0.0799441 0.0763494 0.0669386
 1.28962e-16 3.31125e-05 0.000321865 0.00213891 0.00972319 0.0302526 0.0644573 0.0940829 0.0941094 0.0645871 0.0306889 0.0109854 0.00531456 0.00728007 0.0133281 0.022206 0.0325518 0.0422298 0.049202 0.0528246 0.0543376 0.0559773 0.0593409 0.064255 0.0688929 0.0708786
 1.24682e-16 4.4618e-05 0.000433703 0.00288211 0.0131017 0.0407642 0.0868532 0.126769 0.126789 0.0869496 0.0410884 0.0140402 0.00524665 0.00562471 0.00999079 0.016681 0.024592 0.0321596 0.0378589 0.0411151 0.0426644 0.043965 0.0461104 0.0491015 0.0519305 0.053244
 1.09037e-16 6.2212e-05 0.000604723 0.0040186 0.018268 0.0568385 0.121101 0.176753 0.176767 0.121168 0.0570651 0.018923 0.00566569 0.00420985 0.00693768 0.0114484 0.0166745 0.021383 0.0243794 0.0251654 0.024243 0.022742 0.0216646 0.0213361 0.0213955 0.021185
 1.05781e-16 5.27491e-05 0.000512741 0.00340734 0.0154893 0.0481931 0.102682 0.149872 0.1499 0.102814 0.0486392 0.0167778 0.0066425 0.00757774 0.0134785 0.0222212 0.0320595 0.0404369 0.0447891 0.0439541 0.0388658 0.0319074 0.0254571 0.0207578 0.0177665 0.015746
 1.04451e-16 5.99952e-05 0.000583175 0.0038754 0.017617 0.0548132 0.116786 0.170456 0.170474 0.116873 0.0551043 0.0184587 0.00599167 0.0052144 0.00888897 0.0146878 0.0213571 0.0272856 0.0308614 0.0313272 0.0291895 0.0257886 0.0224017 0.0196045 0.0172752 0.0150261
 1.07359e-16 3.83648e-05 0.000372919 0.00247818 0.0112655 0.0350513 0.0746819 0.109009 0.109048 0.074873 0.0356931 0.0131199 0.00713571 0.0105496 0.0193932 0.0320729 0.0463712 0.0586816 0.0653481 0.0646898 0.0579764 0.0484929 0.0394827 0.0325889 0.0277084 0.0238782
 1.14543e-16 3.50036e-05 0.000340247 0.00226106 0.0102785 0.0319803 0.0681385 0.099456 0.0994843 0.0682768 0.0324454 0.0116257 0.00565678 0.00779995 0.0143401 0.024013 0.0354353 0.0463413 0.0544048 0.0585145 0.0592911 0.0583402 0.0569075 0.0550963 0.0521585 0.0473789
 1.19156e-16 4.12963e-05 0.000401415 0.00266754 0.0121263 0.0377295 0.0803875 0.117333 0.117355 0.0804976 0.0380997 0.0131984 0.00536886 0.00633269 0.0114083 0.0190684 0.028121 0.0367803 0.0432771 0.0468868 0.0483269 0.0490905 0.0502499 0.0517111 0.0524112 0.0511301
 1.1312e-16 5.43781e-05 0.000528574 0.00351256 0.0159676 0.0496813 0.105852 0.154498 0.154515 0.105939 0.0499748 0.0168168 0.00564907 0.00520899 0.00899258 0.0149129 0.0217976 0.0281099 0.0323435 0.0338749 0.0333374 0.0321258 0.031424 0.0315233 0.0318508 0.031509
 1.05201e-16 6.42477e-05 0.000624511 0.0041501 0.0188657 0.0586984 0.125064 0.182537 0.182552 0.125136 0.0589411 0.0195671 0.00591205 0.00447605 0.00739458 0.0121649 0.0176187 0.0223762 0.0250828 0.0251365 0.0230424 0.0200466 0.0173449 0.0154871 0.0143291 0.0133882
 1.03316e-16 5.90783e-05 0.000574262 0.00381617 0.0173478 0.0539755 0.115001 0.167852 0.167874 0.115109 0.0543359 0.0183888 0.0064298 0.0062818 0.0109045 0.0179493 0.0258877 0.0326333 0.0360997 0.0353272 0.0310458 0.0251603 0.0195887 0.015361 0.0125013 0.0104955
 1.03986e-16 5.46511e-05 0.000531228 0.0035302 0.0160478 0.0499307 0.106384 0.155275 0.155299 0.106502 0.0503298 0.0172012 0.00642788 0.00686533 0.0121089 0.0199964 0.0289503 0.0367185 0.0410308 0.0408241 0.0368376 0.0310397 0.0253752 0.0208331 0.0173832 0.0145231
 1.05984e-16 4.98453e-05 0.000484514 0.00321977 0.0146366 0.04554 0.0970289 0.141622 0.141649 0.0971591 0.0459777 0.0159018 0.00639962 0.00743988 0.0132997 0.0220142 0.031956 0.0407084 0.0458289 0.0461789 0.0425534 0.037036 0.0316313 0.0272734 0.0238029 0.0206083
 1.05824e-16 5.80401e-05 0.000564171 0.00374911 0.0170429 0.053027 0.11298 0.164902 0.16492 0.11307 0.0533293 0.0179172 0.00594763 0.00537674 0.00923694 0.0152813 0.0222494 0.0284909 0.0323568 0.0330862 0.0312196 0.0281402 0.025132 0.0227177 0.0206776 0.0185264
 1.01289e-16 7.58005e-05 0.000736807 0.00489635 0.0222581 0.0692532 0.147551 0.215357 0.215362 0.147579 0.0693463 0.0225273 0.00557265 0.00221483 0.00288771 0.00466692 0.00674628 0.00854941 0.00954508 0.00949222 0.00857591 0.00727017 0.0060387 0.00510963 0.0044566 0.00393024
 1.02308e-16 3.37485e-05 0.000328047 0.00217999 0.00990996 0.0308338 0.0656967 0.0958973 0.0959502 0.0659551 0.0317013 0.0124145 0.00846299 0.0140313 0.0260218 0.0428688 0.0615232 0.0768879 0.0837903 0.0798465 0.0669071 0.0498601 0.0337895 0.0216759 0.0139475 0.00948619
 1.02262e-16 7.27647e-05 0.000707299 0.00470025 0.0213667 0.0664796 0.141642 0.206732 0.206737 0.141667 0.0665636 0.0216102 0.00531551 0.00206345 0.0026864 0.00442498 0.00659701 0.00877248 0.010548 0.0117093 0.0123025 0.0125029 0.0124059 0.0119417 0.0109751 0.00947656
 1.02906e-16 4.96322e-05 0.000482443 0.003206 0.014574 0.0453455 0.0966146 0.141019 0.141053 0.0967826 0.0459097 0.0162032 0.00729307 0.00939725 0.0169593 0.0279039 0.0400662 0.0501266 0.0547452 0.0524034 0.0443321 0.0337173 0.0238346 0.016546 0.0120196 0.00941551
 1.05783e-16 4.93773e-05 0.000479965 0.00318954 0.0144992 0.0451125 0.0961179 0.140292 0.140317 0.0962391 0.0455199 0.0156778 0.0061549 0.00697646 0.0124549 0.0206876 0.0302033 0.0388249 0.0443311 0.0456419 0.0433644 0.0391971 0.0347271 0.0306228 0.0267129 0.0226067
 1.05623e-16 5.99695e-05 0.000582925 0.00387374 0.0176095 0.0547897 0.116736 0.170383 0.1704 0.116818 0.0550651 0.0184059 0.00587628 0.0049662 0.00841939 0.0139161 0.0202594 0.0259423 0.0294696 0.0301612 0.0285266 0.0258399 0.0232703 0.0212713 0.0195987 0.0177594
 1.04099e-16 6.04205e-05 0.000587309 0.00390287 0.0177419 0.0552018 0.117614 0.171665 0.171685 0.117709 0.0555218 0.0186666 0.00622525 0.00566119 0.00970892 0.0159879 0.0231036 0.0292219 0.032517 0.0321559 0.0287843 0.0240595 0.0196186 0.016291 0.0140178 0.0122916
 1.08337e-16 2.69507e-05 0.000261971 0.00174089 0.00791386 0.0246232 0.0524642 0.0765834 0.0766329 0.0527063 0.0254364 0.0102637 0.00764322 0.0131598 0.0245607 0.0406616 0.0588072 0.0744454 0.0829344 0.0821154 0.0735502 0.0613502 0.0495976 0.0403976 0.033704 0.0284189
 1.08386e-16 6.04011e-05 0.00058712 0.00390162 0.0177362 0.055184 0.117576 0.171607 0.171616 0.117622 0.0553404 0.0181907 0.00505183 0.00312918 0.00497981 0.00837713 0.0126246 0.0170586 0.021021 0.0241834 0.026644 0.0286464 0.0301791 0.0308448 0.0301143 0.0277244
 1.07621e-16 5.09352e-05 0.000495108 0.00329017 0.0149567 0.0465359 0.0991506 0.144719 0.144747 0.099288 0.0469972 0.0162891 0.0066352 0.00779865 0.0139264 0.0229575 0.0331088 0.0417445 0.0462356 0.0454283 0.0403577 0.0335549 0.0275021 0.0234258 0.0211343 0.0196704
 1.1088e-16 3.58809e-05 0.000348775 0.00231773 0.0105361 0.0327819 0.0698467 0.101951 0.101986 0.0700212 0.0333686 0.0122326 0.00658377 0.00968714 0.0178463 0.0296436 0.0431604 0.0552438 0.0626782 0.0639571 0.0601 0.0537799 0.0475167 0.042403 0.0381255 0.0338481
 1.08498e-16 5.96644e-05 0.000579959 0.00385403 0.0175199 0.0545109 0.116142 0.169515 0.169528 0.116204 0.0547203 0.0181264 0.0053832 0.00394019 0.00650659 0.0108344 0.0160086 0.0209952 0.0247765 0.0268924 0.0276597 0.0278157 0.0278907 0.0278429 0.0272001 0.0254943
 1.0622e-16 5.57313e-05 0.000541729 0.00359998 0.016365 0.0509177 0.108486 0.158344 0.158368 0.108602 0.0513043 0.0174819 0.00640453 0.00666708 0.0116982 0.0192774 0.0278303 0.0351481 0.0390306 0.0384985 0.0343863 0.0287664 0.0236735 0.0201176 0.0179635 0.0164723
 1.10363e-16 2.90026e-05 0.000281916 0.00187343 0.00851638 0.0264979 0.0564581 0.0824116 0.082456 0.0566751 0.0272268 0.0106235 0.00716887 0.0118625 0.0220834 0.0366213 0.0531243 0.0675885 0.0759284 0.0762405 0.0698693 0.060342 0.051084 0.0437435 0.0381153 0.0331783
 1.18428e-16 3.64163e-05 0.000353979 0.00235232 0.0106933 0.033271 0.0708881 0.103468 0.103489 0.0709919 0.0336206 0.0117078 0.00491637 0.00600983 0.0109505 0.0184994 0.0277132 0.0371039 0.0451443 0.0511131 0.0553627 0.0586919 0.0613838 0.0627925 0.0617965 0.0576505
pSPR Fmed_Fpbrs
0.710729   0.201045 0.201045
Fs Fmed_Fpbrs
0.175895   1.005 1.005
SSBpbr Bo_Bmed_Bpbrs
2.28859e+06  1.51214e+06  345682 345682
Ro
214207
SPR SPRFo_SPRFmed_SPRFpbrs
1.52481e+06 1.08373e+06 306557
Fref
1.005
log_Ro
12.0947
likeval ReclasPelacesDesembMPH_pf_preclas_ppelaces_ptallas_desvR_qrecl_qpela
 16.5998 16.9826 0.108173 0.000802282 229.197 106.732 77.3295 0 21.0967 7.40465e-06 0 0.550623 0 0 0
q_reclas_q_pelaces
0.680044 1
M
1
N
 229807 51445.4 200790 10818.9 0.347858
 133534 77681.1 17151.5 66885 3603.84
 132238 42176.3 23932.6 5276.06 21681.6
 258790 41975.1 13069.3 7405.05 8340.38
 207908 77150 12091.7 3756.88 4525.62
 333877 71431.1 26212.5 4105.44 2812.02
 141905 107187 22428.3 8219.04 2168.84
 68211.3 39156.6 28221.6 5888.12 2726.72
 60811.9 24009.7 13683.9 9858.06 3009.17
 78227.1 18816.3 7222.3 4109.04 3863.45
 139060 22978.4 5327.9 2040.39 2252.05
 174901 48198.7 7887.39 1827.72 1472.45
 147609 48471.2 12754.5 2081.24 870.676
 103448 41698.9 13115.6 3442 796.507
 106008 24837.3 9338.62 2924.69 944.942
 529608 29274.6 6545.48 2453.94 1016.68
 131039 150168 7955.56 1774.12 940.561
 810817 40813.4 45518.2 2407.41 821.407
 489721 250964 12281.7 13673.6 969.844
 382817 140452 69112.5 3373.75 4022
 558035 113399 40160.8 19718.9 2109.87
 735655 174176 34458.5 12183.4 6621.52
 164499 219140 50128.7 9896.25 5400.04
 480038 53485.2 69830.4 15954 4867.88
 397295 158851 17395.8 22687.8 6764.63
 183198 131129 51509.8 5634.71 9539.44
 403970 61734.9 43560.7 17096.3 5036.11
 438272 133787 20098 14166.3 7197.23
 133687 147452 44360.3 6657.96 7076.87
 108076 44933.8 48835.6 14678.6 4544.56
pred_Ctot
 11869.9 3073.14 12094 651.934 0.0209619
 12088.6 8097.27 1802.19 7030.89 378.841
 11604.5 4263.01 2438.48 537.805 2210.12
 31557.5 5872.23 1842.64 1044.47 1176.42
 8733.18 3751.95 592.964 184.315 222.035
 27173.7 6701.08 2478.95 388.423 266.056
 22948.9 19792.7 4172.62 1529.7 403.665
 1869.01 1244.18 904.319 188.76 87.4148
 6195.58 2812.89 1615.9 1164.61 355.504
 10149.9 2798.31 1082.4 616.072 579.264
 5108.7 977.916 228.651 87.6037 96.6935
 27907 8783.45 1448.17 335.713 270.465
 22126.9 8308.15 2202.78 359.587 150.435
 23511.6 10733.6 3399.74 892.543 206.546
 17102.1 4575.43 1733.25 543.039 175.455
 78388.2 4955.64 1116.47 418.739 173.489
 12877.6 16977.1 906.584 202.256 107.23
 82460.5 4773.18 5365.75 283.908 96.8713
 69623 40834.9 2013.68 2242.81 159.081
 47974.2 20185 10009.8 488.83 582.769
 54183.6 12668.6 4522.47 2221.46 237.696
 90013.6 24448.8 4874.62 1724.22 937.109
 12202.9 18753.2 4324.78 854.151 466.09
 30757.1 3957.78 5209.77 1190.78 363.338
 26051.5 12027.7 1327.97 1732.71 516.637
 9795.66 8107.32 3211.1 351.419 594.959
 25693.3 4534.94 3226.21 1266.74 373.156
 23849.9 8417.4 1274.97 899.07 456.785
 7351.77 9374.41 2843.61 426.978 453.853
 8134.78 3901.1 4274.36 1285.3 397.945
F
 0.0846299 0.0984329 0.0992851 0.0993304 0.0993328
 0.1525 0.177372 0.178908 0.17899 0.178994
 0.147529 0.171591 0.173077 0.173156 0.17316
 0.210267 0.244562 0.246679 0.246792 0.246798
 0.0683647 0.0795148 0.0802033 0.0802399 0.0802418
 0.136198 0.158411 0.159783 0.159856 0.15986
 0.287585 0.334489 0.337385 0.337539 0.337547
 0.0441507 0.0513516 0.0517962 0.0518198 0.0518211
 0.173061 0.201287 0.20303 0.203122 0.203127
 0.22506 0.261767 0.264033 0.264153 0.26416
 0.0595746 0.0692912 0.0698911 0.069923 0.0699247
 0.283253 0.329451 0.332304 0.332455 0.332463
 0.264096 0.307169 0.309829 0.30997 0.309977
 0.426718 0.496316 0.500613 0.500841 0.500853
 0.286797 0.333573 0.336461 0.336615 0.336623
 0.260381 0.302849 0.305471 0.305611 0.305618
 0.166488 0.193642 0.195319 0.195408 0.195413
 0.172731 0.200904 0.202643 0.202735 0.20274
 0.248969 0.289575 0.292082 0.292215 0.292222
 0.216643 0.251977 0.254159 0.254275 0.254281
 0.164354 0.19116 0.192816 0.192903 0.192908
 0.211051 0.245473 0.247598 0.247711 0.247717
 0.123498 0.14364 0.144884 0.14495 0.144954
 0.105902 0.123174 0.124241 0.124297 0.1243
 0.108496 0.126192 0.127284 0.127342 0.127345
 0.0877213 0.102029 0.102912 0.102959 0.102961
 0.105089 0.122229 0.123288 0.123344 0.123347
 0.0893356 0.103906 0.104806 0.104854 0.104856
 0.0903144 0.105045 0.105954 0.106002 0.106005
 0.125404 0.145857 0.14712 0.147187 0.147191
nmprior
 8 8 7 0
nm_flota  nm_reclas  nm_pelaces    nm_pelaL
inf 11.2005 11.9095 19.5467
cv_recla  cv_pelaces  cv_mph
0.377206 0.484916 0.874116
 ------------------------------------------------
Talla a la edad & desviación 
 8 13.2811 15.8009 17.003 17.5766
 0.8 1.32811 1.58009 1.7003 1.75766
