years
 1991 1992 1993 1994 1995 1996 1997 1998 1999 2000 2001 2002 2003 2004 2005 2006 2007 2008 2009 2010 2011 2012 2013 2014 2015 2016 2017 2018 2019 2020
reclasobs
 0 0 0 0 0 0 0 0 0 252601 567819 844713 477998 351125 339783 2.1784e+06 2.13404e+06 4.81314e+06 1.55562e+06 2.62356e+06 3.21686e+06 3.843e+06 1.13348e+06 3.07943e+06 1.97215e+06 2.03268e+06 2.025e+06 2.42433e+06 2.27542e+06 1.05018e+06
reclaspred
 1.23274e+06 1.00726e+06 484175 199131 16927 687753 652767 281458 178852 124350 257176 403059 320980 241039 471739 762243 1.12708e+06 1.46537e+06 1.78468e+06 1.45918e+06 1.92967e+06 1.75507e+06 1.6676e+06 2.09376e+06 1.79352e+06 1.19871e+06 1.41112e+06 1.70614e+06 1.73047e+06 680725
pelacesobs
 0 0 0 0 0 0 0 0 0 0 0 0 0 0 0 552880 188675 0 991730 2.46772e+06 1.41603e+06 1.21717e+06 2.29649e+06 1.80582e+06 0 1.4828e+06 1.56532e+06 1.57751e+06 1.42118e+06 867257
pelacespred
 455800 426945 215560 60162 2814.84 313214 252532 137707 73868.5 45808.5 117734 151149 128930 102510 235012 313043 455851 597143 865930 679380 766534 807899 732131 1.04429e+06 916646 586987 786811 941694 784609 364433
mphobs
 0 0 0 0 0 0 0 0 0 0 0 498337 0 5186 125008 0 168611 109162 213762 579715 649985 157893 87575 83554 0 0 0 0 0 0
mphpred
 685572 1.1329e+06 505181 263358 48528 3031.14 808437 307926 137557 111116 70596.8 311086 270537 169166 146317 455327 723993 1.03912e+06 929083 1.58535e+06 1.16364e+06 1.26177e+06 1.62473e+06 1.06836e+06 1.82615e+06 1.22126e+06 699287 1.21108e+06 1.70701e+06 905132
desembarqueobs
 494567 514787 250237 358949 120608 361735 552515 73892 212993 205616 52469 317467 293654 387597 252695 516296 358380 742168 942051 627588 828172 859565 418607 520667 417249 300574 407403 355545 319650 289779
desembarquepred
 494217 514390 249392 357913 120298 361325 551288 73756.7 212592 205282 52396.5 317673 292649 387165 253025 516879 358511 741788 943349 627945 826091 857694 418234 520232 417132 300590 407710 355611 319316 288413
Reclutas
 408287 6090.8 95246.6 23577.7 3937.8 399163 3912.94 2224.84 38202.1 42045.9 122124 103651 80002.4 87168.8 152841 315306 193094 282856 795814 116359 342737 733757 21963.3 405286 196959 44979.5 363746 320124 12196.3 8967.69
log_desv_Rt
 1.65056 -2.55464 0.195055 -1.20111 -2.99079 1.62795 -2.99713 -3.56173 -0.718524 -0.622653 0.443621 0.279613 0.0206424 0.106432 0.667984 1.39213 0.901763 1.28352 2.31795 0.395266 1.47555 2.23676 -1.27204 1.64318 0.921582 -0.555208 1.53504 1.40729 -1.86028 -2.16779
SSB
 685572 1.1329e+06 505181 263358 48528 3031.14 808437 307926 137557 111116 70596.8 311086 270537 169166 146317 455327 723993 1.03912e+06 929083 1.58535e+06 1.16364e+06 1.26177e+06 1.62473e+06 1.06836e+06 1.82615e+06 1.22126e+06 699287 1.21108e+06 1.70701e+06 905132
BT
 1.83412e+06 1.45042e+06 791866 462151 110148 1.76017e+06 1.07921e+06 396547 465817 351832 512884 730264 673520 796234 1.21003e+06 1.53608e+06 1.68284e+06 2.47375e+06 4.12384e+06 2.29696e+06 3.13471e+06 3.42647e+06 2.0919e+06 4.21978e+06 2.77096e+06 1.75813e+06 3.36704e+06 3.45157e+06 2.09645e+06 1.1748e+06
Ftot
 0.3747 0.467662 0.473281 1.43888 3.53787 0.492788 0.746311 0.245912 1.04368 1.38052 0.193468 0.709466 0.811773 1.36746 0.49977 0.621168 0.298366 0.467066 0.490648 0.398097 0.397868 0.453306 0.235603 0.234725 0.219125 0.235725 0.272508 0.197298 0.174349 0.391549
BD_Bspro_t
 0.94181 0.731332 0.469076 0.343978 0.0943651 0.0108915 0.624175 0.339614 0.248218 0.246754 0.224398 0.619931 0.450576 0.311803 0.2748 0.515333 0.538999 0.600327 0.537205 0.61143 0.484809 0.509938 0.597341 0.534395 0.686143 0.654934 0.593673 0.728419 0.776806 0.648729
BD_Bspro
 1.22895 2.03081 0.90558 0.472091 0.0869905 0.00543357 1.44919 0.551983 0.246583 0.199184 0.126551 0.557649 0.48496 0.303245 0.262285 0.816212 1.29782 1.86271 1.66546 2.84188 2.08592 2.26182 2.91247 1.91513 3.27353 2.18922 1.25353 2.17097 3.05995 1.62253
BD_Bo
 0.421554 0.696611 0.310633 0.161937 0.0298395 0.00186383 0.497103 0.189342 0.0845831 0.0683243 0.0434095 0.191285 0.166351 0.104019 0.0899693 0.279978 0.445179 0.638948 0.571287 0.974824 0.715514 0.775852 0.999036 0.656931 1.12289 0.750947 0.429988 0.744688 1.04963 0.55656
BD_Brms
 1.79078 2.95923 1.31958 0.687915 0.12676 0.00791762 2.11171 0.804331 0.359312 0.290244 0.184405 0.812587 0.706668 0.441879 0.382193 1.18936 1.89114 2.71428 2.42685 4.14109 3.03953 3.29585 4.24395 2.79067 4.77007 3.19005 1.8266 3.16346 4.45886 2.36429
Sel_flota
 0.5 1 1 1 1
 0.5 1 1 1 1
 0.5 1 1 1 1
 0.5 1 1 1 1
 0.5 1 1 1 1
 0.5 1 1 1 1
 0.5 1 1 1 1
 0.5 1 1 1 1
 0.5 1 1 1 1
 0.5 1 1 1 1
 0.5 1 1 1 1
 0.5 1 1 1 1
 0.5 1 1 1 1
 0.5 1 1 1 1
 0.5 1 1 1 1
 0.5 1 1 1 1
 0.5 1 1 1 1
 0.5 1 1 1 1
 0.5 1 1 1 1
 0.5 1 1 1 1
 0.5 1 1 1 1
 0.5 1 1 1 1
 0.5 1 1 1 1
 0.5 1 1 1 1
 0.5 1 1 1 1
 0.5 1 1 1 1
 0.5 1 1 1 1
 0.5 1 1 1 1
 0.5 1 1 1 1
 0.5 1 1 1 1
Sel_reclas
 0.5 1 1 1 1
 0.5 1 1 1 1
 0.5 1 1 1 1
 0.5 1 1 1 1
 0.5 1 1 1 1
 0.5 1 1 1 1
 0.5 1 1 1 1
 0.5 1 1 1 1
 0.5 1 1 1 1
 0.5 1 1 1 1
 0.5 1 1 1 1
 0.5 1 1 1 1
 0.5 1 1 1 1
 0.5 1 1 1 1
 0.5 1 1 1 1
 0.5 1 1 1 1
 0.5 1 1 1 1
 0.5 1 1 1 1
 0.5 1 1 1 1
 0.5 1 1 1 1
 0.5 1 1 1 1
 0.5 1 1 1 1
 0.5 1 1 1 1
 0.5 1 1 1 1
 0.5 1 1 1 1
 0.5 1 1 1 1
 0.5 1 1 1 1
 0.5 1 1 1 1
 0.5 1 1 1 1
 0.5 1 1 1 1
Sel_pelaces
 0.5 1 1 1 1
 0.5 1 1 1 1
 0.5 1 1 1 1
 0.5 1 1 1 1
 0.5 1 1 1 1
 0.5 1 1 1 1
 0.5 1 1 1 1
 0.5 1 1 1 1
 0.5 1 1 1 1
 0.5 1 1 1 1
 0.5 1 1 1 1
 0.5 1 1 1 1
 0.5 1 1 1 1
 0.5 1 1 1 1
 0.5 1 1 1 1
 0.5 1 1 1 1
 0.5 1 1 1 1
 0.5 1 1 1 1
 0.5 1 1 1 1
 0.5 1 1 1 1
 0.5 1 1 1 1
 0.5 1 1 1 1
 0.5 1 1 1 1
 0.5 1 1 1 1
 0.5 1 1 1 1
 0.5 1 1 1 1
 0.5 1 1 1 1
 0.5 1 1 1 1
 0.5 1 1 1 1
 0.5 1 1 1 1
pf_obs 
 0.8446 0.082 0.0669 0.0065 0
 0.8095 0.147 0.0364 0.0071 0
 0.9664 0.0169 0.016 0.0007 0
 0.9276 0.0648 0.0075 0.0001 0
 0.7033 0.2144 0.0806 0.0017 0
 0.9318 0.0425 0.0243 0.0014 0
 0.5671 0.3108 0.0964 0.0239 0.0018
 0.0768 0.2599 0.5324 0.112 0.0189
 0.490249 0.384438 0.106611 0.0170017 0.00170017
 0.7925 0.1577 0.0466 0.003 0.0002
 0.840416 0.127587 0.0312969 0.00059994 9.999e-05
 0.8084 0.0986 0.0794 0.0134 0.0002
 0.7335 0.1905 0.0724 0.0035 0.0001
 0.4001 0.4547 0.1325 0.0127 0
 0.49795 0.308269 0.164784 0.0264974 0.00249975
 0.9179 0.0499 0.0305 0.0017 0
 0.2467 0.6533 0.0926 0.0074 0
 0.9418 0.0223 0.034 0.0019 0
 0.707729 0.231977 0.0356964 0.0245975 0
 0.517169 0.277429 0.184464 0.0207286 0.00020938
 0.811772 0.124168 0.05621 0.00726502 0.000585176
 0.764997 0.148141 0.077277 0.00933861 0.000247198
 0.163321 0.427699 0.378323 0.0303852 0.000271297
 0.753843 0.0900009 0.118128 0.0371064 0.000921714
 0.721811 0.176058 0.0630433 0.0369309 0.00215725
 0.143369 0.312575 0.442814 0.0836902 0.0175525
 0.692698 0.0596174 0.167031 0.0765114 0.00414204
 0.394062 0.376323 0.152708 0.0712218 0.00568511
 0.125707 0.32114 0.495352 0.0537591 0.00404204
 0.23352 0.215282 0.420074 0.123614 0.00750983
pf_pred 
 0.801061 0.125754 0.0462622 0.0170189 0.0099046
 0.0235504 0.878981 0.0616121 0.0226658 0.013191
 0.608131 0.0206482 0.334166 0.0234233 0.0136318
 0.298327 0.548648 0.00806308 0.130491 0.01447
 0.294862 0.407455 0.232763 0.00342074 0.0614994
 0.998522 0.00112279 0.000205384 0.000117327 3.2724e-05
 0.0192178 0.980158 0.000474088 8.67213e-05 6.33578e-05
 0.052678 0.0446643 0.902083 0.000436324 0.000138124
 0.772819 0.0242824 0.00956626 0.193209 0.000123036
 0.742715 0.232797 0.00261737 0.00103114 0.0208391
 0.880631 0.107546 0.0106969 0.000120267 0.00100492
 0.577208 0.397363 0.0229103 0.00227873 0.000239695
 0.573448 0.329733 0.0909967 0.00524648 0.000576722
 0.685489 0.244153 0.0543881 0.0150095 0.000960514
 0.819474 0.157488 0.0178847 0.00398403 0.00116984
 0.787379 0.194255 0.0160227 0.00181957 0.00052435
 0.520279 0.431621 0.0439448 0.00362469 0.000530249
 0.640443 0.252928 0.0959381 0.00976779 0.000923535
 0.810373 0.152497 0.0261191 0.00990724 0.00110406
 0.199742 0.727028 0.0588906 0.0100866 0.0042523
 0.655601 0.124069 0.200167 0.0162139 0.00394781
 0.758855 0.195598 0.0164084 0.0264725 0.00266643
 0.0449019 0.838968 0.0941954 0.00790192 0.0140326
 0.730512 0.0246909 0.215032 0.0241428 0.00562195
 0.398504 0.513225 0.00808757 0.0704343 0.00974953
 0.175444 0.483023 0.291411 0.00459216 0.0455288
 0.803695 0.0615273 0.0789526 0.0476326 0.00819252
 0.561875 0.393795 0.0138941 0.0178291 0.0126064
 0.0415004 0.70081 0.231616 0.00817201 0.0179011
 0.0896208 0.0760743 0.610005 0.201605 0.0226947
pobs_RECLAS
 0 0 0 0 0
 0 0 0 0 0
 0 0 0 0 0
 0 0 0 0 0
 0 0 0 0 0
 0 0 0 0 0
 0 0 0 0 0
 0 0 0 0 0
 0 0 0 0 0
 0 0 0 0 0
 0.991045 0.00858322 0.000360255 1.14367e-05 0
 0.934742 0.0480273 0.0164251 0.00080598 0
 0.827803 0.169806 0.00239088 0 0
 0.941827 0.0461693 0.0120037 0 0
 0.791401 0.0380133 0.147996 0.0225897 0
 0.846168 0.0940531 0.0597789 0 0
 0.134021 0.677848 0.182769 0.00536245 0
 0.80878 0.0450904 0.141981 0.00414843 0
 0.846168 0.0940531 0.0597789 0 0
 0.905697 0.0802665 0.012482 0.00150086 5.37128e-05
 0.989698 0.0102097 9.19794e-05 0 0
 0.975433 0.0193895 0.00387452 0.00125025 5.28907e-05
 0.303575 0.632131 0.0575291 0.00676475 0
 0.966965 0.00978017 0.0227588 0.000495775 0
 0.843318 0.132988 0.00938335 0.0141283 0.000182051
 0.564624 0.303363 0.111486 0.0197234 0.00080311
 0.826376 0.0876187 0.0782897 0.00655872 0.00115652
 0.89761 0.0855135 0.0140674 0.00269457 0.000114338
 0.34875 0.467042 0.161289 0.0227151 0.000203297
 0.318654 0.224769 0.449479 0.00709798 0
ppred_RECLAS
 0.804145 0.123804 0.0455448 0.016755 0.00975102
 0.0241451 0.878445 0.0615745 0.022652 0.0131829
 0.614293 0.0203235 0.328911 0.023055 0.0134175
 0.323231 0.529176 0.00777691 0.12586 0.0139564
 0.394751 0.349735 0.19979 0.00293616 0.0527875
 0.998561 0.00109262 0.000199866 0.000114175 3.18448e-05
 0.0201165 0.97926 0.000473653 8.66418e-05 6.32997e-05
 0.0532731 0.0446363 0.901517 0.00043605 0.000138038
 0.785488 0.0229283 0.00903281 0.182435 0.000116175
 0.763086 0.214365 0.00241013 0.000949493 0.0191891
 0.881578 0.106694 0.0106121 0.000119313 0.000996955
 0.587809 0.3874 0.0223358 0.00222159 0.000233685
 0.586158 0.319907 0.0882851 0.00509014 0.000559537
 0.708305 0.226441 0.0504425 0.0139207 0.000890833
 0.823544 0.153937 0.0174814 0.0038942 0.00114346
 0.793447 0.18871 0.0155654 0.00176764 0.000509385
 0.523983 0.428288 0.0436055 0.00359671 0.000526154
 0.646295 0.248811 0.0943765 0.0096088 0.000908503
 0.814506 0.149173 0.0255498 0.00969129 0.00108
 0.203113 0.723966 0.0586425 0.0100441 0.00423439
 0.660314 0.122372 0.197428 0.015992 0.00389379
 0.763324 0.191973 0.0161043 0.0259819 0.00261701
 0.0453887 0.838541 0.0941474 0.0078979 0.0140255
 0.73272 0.0244886 0.21327 0.023945 0.00557589
 0.400999 0.511096 0.00805402 0.0701422 0.00970909
 0.177085 0.482062 0.290832 0.00458302 0.0454382
 0.805793 0.0608696 0.0781086 0.0471235 0.00810494
 0.564147 0.391753 0.013822 0.0177366 0.0125411
 0.0418215 0.700576 0.231539 0.00816927 0.0178951
 0.0913105 0.0759331 0.608873 0.201231 0.0226526
pobs_PELACES
 0 0 0 0 0
 0 0 0 0 0
 0 0 0 0 0
 0 0 0 0 0
 0 0 0 0 0
 0 0 0 0 0
 0 0 0 0 0
 0 0 0 0 0
 0 0 0 0 0
 0 0 0 0 0
 0 0 0 0 0
 0 0 0 0 0
 0 0 0 0 0
 0 0 0 0 0
 0 0 0 0 0
 0 0 0 0 0
 0.505614 0.472636 0.0217494 0 0
 0 0 0 0 0
 0.443492 0.261883 0.143347 0.151278 0
 0.227955 0.32914 0.350689 0.0885471 0.00366901
 0.970185 0.0296113 0.000203453 0 0
 0.997202 0.00247181 0.000326279 0 0
 0.445219 0.490057 0.0546422 0.010081 0
 0.90214 0.0892962 0.00764917 0.000914606 0
 0 0 0 0 0
 0.581667 0.319106 0.0959925 0.00289975 0.000334073
 0.762889 0.0836404 0.116647 0.0363945 0.000428098
 0.88444 0.0763242 0.0277011 0.0115352 0
 0.521256 0.241999 0.230069 0.00667565 0
 0.616807 0.101726 0.260614 0.0208532 0
ppred_PELACES
 0.8137 0.117764 0.043323 0.0159376 0.00927533
 0.0260316 0.876747 0.0614555 0.0226082 0.0131575
 0.632623 0.0193577 0.31328 0.0219594 0.0127798
 0.377176 0.486995 0.00715701 0.115828 0.0128439
 0.539012 0.266376 0.15217 0.00223633 0.0402057
 0.998674 0.00100741 0.000184278 0.000105271 2.93612e-05
 0.0226928 0.976685 0.000472408 8.6414e-05 6.31333e-05
 0.055357 0.044538 0.899532 0.00043509 0.000137734
 0.813079 0.0199792 0.00787096 0.158969 0.000101232
 0.801781 0.179353 0.00201649 0.000794415 0.016055
 0.88487 0.103727 0.0103171 0.000115996 0.000969239
 0.615852 0.361044 0.0208162 0.00207045 0.000217787
 0.618231 0.295114 0.0814429 0.00469565 0.000516172
 0.75265 0.192016 0.0427739 0.0118044 0.000755404
 0.83521 0.14376 0.0163257 0.00363676 0.00106787
 0.80974 0.173825 0.0143376 0.00162821 0.000469204
 0.536246 0.417255 0.0424822 0.00350405 0.000512601
 0.663707 0.236563 0.0897305 0.00913578 0.000863779
 0.826427 0.139586 0.0239078 0.00906845 0.00101059
 0.213952 0.714119 0.0578449 0.00990747 0.00417679
 0.67488 0.117124 0.188962 0.0153063 0.00372682
 0.776569 0.181229 0.0152031 0.0245279 0.00247055
 0.0471031 0.837035 0.0939784 0.00788371 0.0140003
 0.740237 0.0237999 0.207273 0.0232716 0.00541909
 0.409713 0.50366 0.00793685 0.0691217 0.00956783
 0.182824 0.4787 0.288803 0.00455106 0.0451213
 0.812733 0.0586945 0.0753175 0.0454396 0.00781532
 0.572135 0.384574 0.0135687 0.0174116 0.0123112
 0.0429896 0.699721 0.231256 0.00815931 0.0178733
 0.0968144 0.0754732 0.605185 0.200012 0.0225154
pobs_pel_tallas
 0 0 0 0 0 0 0 0 0 0 0 0 0 0 0 0 0 0 0 0 0 0 0 0 0 0
 0 0 0 0 0 0 0 0 0 0 0 0 0 0 0 0 0 0 0 0 0 0 0 0 0 0
 0 0 0 0 0 0 0 0 0 0 0 0 0 0 0 0 0 0 0 0 0 0 0 0 0 0
 0 0 0 0 0 0 0 0 0 0 0 0 0 0 0 0 0 0 0 0 0 0 0 0 0 0
 0 0 0 0 0 0 0 0 0 0 0 0 0 0 0 0 0 0 0 0 0 0 0 0 0 0
 0 0 0 0 0 0 0 0 0 0 0 0 0 0 0 0 0 0 0 0 0 0 0 0 0 0
 0 0 0 0 0 0 0 0 0 0 0 0 0 0 0 0 0 0 0 0 0 0 0 0 0 0
 0 0 0 0 0 0 0 0 0 0 0 0 0 0 0 0 0 0 0 0 0 0 0 0 0 0
 0 0 0 0 0 0 0 0 0 0 0 0 0 0 0 0 0 0 0 0 0 0 0 0 0 0
 0 0 0 0 0 0 0 0 0 0 0 0 0 0 0 0 0 0 0 0 0 0 0 0 0 0
 0 0 0 0 0 0 0 0 0 0 0 0 0 0 0 0 0 0 0 0 0 0 0 0 0 0
 0 0 0 0 0 0 0 0 0 0 0 0 0 0 0 0 0 0 0 0 0 0 0 0 0 0
 0.00862536 0 0 0.000197151 0.00414017 0.0128641 0.00837892 0.0270097 0.101434 0.158115 0.152841 0.127902 0.109271 0.109419 0.0830992 0.0579132 0.0238553 0.00714673 0.00463305 0.00128148 0.00103504 0.000492878 0.000147863 0.000147863 4.92878e-05 0
 0 0 0 0 0 0 0 0 0 0 0 0 0 0 0 0 0 0 0 0 0 0 0 0 0 0
 0 0 0 0 0 0 0 0.0054083 0.00873648 0.0413646 0.0450493 0.0745869 0.0622846 0.0627006 0.0613931 0.0827291 0.12552 0.122667 0.0946155 0.0697135 0.0546179 0.0294188 0.0215738 0.0213955 0.0102223 0.00600262
 0 0 0 0 0.00359764 0.0251062 0.0480494 0.140153 0.205849 0.193036 0.1447 0.116669 0.0760912 0.0342217 0.00950174 0.001854 0.000860785 0 0 0 0.000165536 0 0.000143464 0 0 0
 0 0 0 0 0 0 0 0.000145254 0.000435761 0.0275982 0.070085 0.0708112 0.156366 0.174668 0.174014 0.160142 0.0824315 0.0480064 0.0283245 0.00493863 0.00203355 0 0 0 0 0
 0 0 0 0 0 0 0 0 0 0 0 0 0 0 0 0 0 0 0 0 0 0 0 0 0 0
 0 0 1.00437e-05 0.000401748 0.00122533 0.00171747 0.00176769 0.0269171 0.070346 0.194647 0.189555 0.159765 0.064822 0.0314167 0.0384472 0.0292271 0.0345202 0.0313363 0.0194345 0.0106764 0.0143323 0.0359363 0.0279516 0.0138201 0.00172751 0
 0 0.0021121 0.0136068 0.0755702 0.200478 0.177729 0.0527432 0.0373336 0.0318909 0.0142505 0.0149659 0.0166563 0.0217959 0.0798694 0.0677717 0.0528807 0.04013 0.0224614 0.0357745 0.0225083 0.00881397 0.00855152 0.00135912 0.000746735 0 0
 0 0 0 0 5.4009e-05 0.00500934 0.000945158 0.0243581 0.138947 0.33067 0.221406 0.137944 0.0707744 0.0437923 0.0131692 0.00525238 0.0047753 0.00276346 9.45158e-05 9.00151e-06 2.25038e-05 9.00151e-06 4.50075e-06 0 0 0
 0.000866109 0.00284123 0.00948549 0.0512746 0.133035 0.25785 0.225252 0.132002 0.0553304 0.0519788 0.0540692 0.017754 0.00435017 0.00159236 0.00146478 0.000404838 0.000125132 0.000115318 0.000107957 0.000100596 0 0 0 0 0 0
 0 0 0 0 0.00144013 0.00171154 0.00461396 0.0210425 0.0478622 0.0707936 0.0888783 0.103762 0.0637923 0.0337046 0.0602308 0.124433 0.169614 0.0934646 0.0462172 0.0250306 0.0313229 0.00938855 0.002487 0.000210481 0 0
 0 0.00764035 0.051015 0.0998891 0.058973 0.0496711 0.0374665 0.0718981 0.12319 0.153886 0.159021 0.0857701 0.0377988 0.023471 0.0147837 0.00900784 0.00315554 0.000888139 0.00291439 0.00214683 0.00393193 0.00274676 0.000635225 9.99891e-05 0 0
 0 0 0 0 0 0 0 0 0 0 0 0 0 0 0 0 0 0 0 0 0 0 0 0 0 0
 0 0 0 0 0 0 0 0 0 0 0 0 0 0 0 0 0 0 0 0 0 0 0 0 0 0
 0 0 0 0 0 0 0 0 0 0 0 0 0 0 0 0 0 0 0 0 0 0 0 0 0 0
 0 0 0 0 0 0 0 0 0 0 0 0 0 0 0 0 0 0 0 0 0 0 0 0 0 0
 0 0 0 0 0 0 0 0 0 0 0 0 0 0 0 0 0 0 0 0 0 0 0 0 0 0
 0 0 0 0 0 0 0 0 0 0 0 0 0 0 0 0 0 0 0 0 0 0 0 0 0 0
ppred_pel_tallas
 1.04449e-16 6.70234e-05 0.000651491 0.00432939 0.0196808 0.0612343 0.130467 0.190422 0.190434 0.130522 0.0614215 0.0202221 0.0056906 0.00363089 0.00574882 0.00945982 0.0137679 0.0176276 0.0200225 0.0204941 0.0193973 0.0176107 0.0159432 0.0147122 0.0137483 0.0126951
 1.06492e-16 2.14437e-06 2.08441e-05 0.000138521 0.000629746 0.00195983 0.00417874 0.00611668 0.00620109 0.00459112 0.00334421 0.00462707 0.0101677 0.021899 0.0415074 0.0684985 0.0983995 0.123168 0.134609 0.128962 0.109187 0.0830283 0.0584798 0.0401313 0.0284948 0.0216578
 1.13411e-16 5.21083e-05 0.000506511 0.00336595 0.0153011 0.0476074 0.101433 0.148045 0.148047 0.101444 0.0476482 0.0154253 0.00370117 0.00131622 0.00181803 0.00351775 0.00644679 0.0109908 0.0174846 0.0259416 0.0357601 0.0455666 0.0534233 0.0574516 0.056599 0.0511073
 1.14121e-16 3.10676e-05 0.000301988 0.00200682 0.00912275 0.0283845 0.0604779 0.0882791 0.088326 0.060707 0.0291534 0.011343 0.00757787 0.0124571 0.0230989 0.0381009 0.0548168 0.0688488 0.0758051 0.0738263 0.0648023 0.0531883 0.0433383 0.037373 0.0348336 0.0337991
 1.11488e-16 4.43977e-05 0.000431562 0.00286788 0.013037 0.040563 0.0864248 0.126145 0.126171 0.0865512 0.0409881 0.0142669 0.00596406 0.00721978 0.0130223 0.021683 0.0317568 0.0410386 0.0472839 0.0494327 0.0481526 0.0451916 0.0421073 0.0394282 0.0367591 0.0334695
 1.00022e-16 8.22594e-05 0.000799591 0.00531356 0.0241547 0.0751542 0.160124 0.233706 0.233706 0.160124 0.0751558 0.0241593 0.00532514 0.000824871 0.000130322 8.53771e-05 0.000115276 0.000145366 0.000161594 0.000159597 0.000142664 0.000119155 9.73004e-05 8.12297e-05 7.05417e-05 6.25294e-05
 1.00283e-16 1.86938e-06 1.81712e-05 0.000120758 0.000549007 0.00170867 0.00364397 0.00533817 0.00543208 0.00410274 0.00324841 0.00499339 0.0112657 0.0243112 0.0460309 0.0758128 0.108548 0.135105 0.146185 0.137508 0.112452 0.0799597 0.0494479 0.0266109 0.0124817 0.00512332
 1.26037e-16 4.5597e-06 4.43219e-05 0.000294535 0.00133891 0.00416589 0.00887607 0.0129561 0.0129617 0.00890443 0.00426506 0.00164284 0.00112324 0.00207057 0.00448688 0.00905741 0.0168637 0.0291112 0.0466968 0.0694927 0.0955394 0.12072 0.139526 0.146956 0.140686 0.122215
 1.16192e-16 6.69723e-05 0.000650994 0.00432609 0.0196658 0.0611875 0.130366 0.190274 0.190276 0.130376 0.0612205 0.019762 0.00457166 0.00120115 0.00115605 0.00193037 0.00309426 0.00463159 0.00665573 0.00941602 0.013224 0.018234 0.0241806 0.0302577 0.0352665 0.0380078
 1.02901e-16 6.60416e-05 0.000641948 0.00426597 0.0193925 0.0603374 0.128556 0.187635 0.187652 0.12864 0.0606203 0.0202091 0.00631421 0.00510791 0.00853216 0.0139609 0.0200137 0.0249829 0.0271878 0.0258806 0.0217183 0.016363 0.0115285 0.00819562 0.00643929 0.00575968
 1.005e-16 7.28856e-05 0.000708474 0.00470806 0.0214022 0.0665901 0.141878 0.207077 0.207087 0.141926 0.066754 0.0218753 0.00589542 0.00329915 0.00498909 0.00812208 0.0116679 0.0146186 0.0159989 0.0153572 0.0130307 0.00991925 0.00695498 0.00467903 0.00316704 0.00222219
 1.00938e-16 5.0727e-05 0.000493084 0.00327672 0.0148955 0.0463457 0.0987456 0.144129 0.144164 0.0989154 0.0469155 0.0165408 0.00740415 0.00949498 0.0171223 0.0281616 0.0404099 0.0504926 0.055003 0.0523651 0.0437832 0.0324594 0.0217337 0.0135783 0.00830413 0.00521504
 1.02985e-16 5.0923e-05 0.000494989 0.00328938 0.0149531 0.0465247 0.0991268 0.144684 0.144713 0.0992661 0.0469926 0.0163053 0.00668636 0.00791974 0.0141783 0.0234273 0.0338995 0.0429495 0.047893 0.0474537 0.0424701 0.0352363 0.0280495 0.0221276 0.0175304 0.0137777
 1.02596e-16 6.19949e-05 0.000602612 0.00400457 0.0182042 0.0566401 0.120678 0.176138 0.176156 0.120769 0.0569443 0.0190831 0.00621201 0.00542565 0.00923411 0.0151999 0.0219652 0.0277792 0.0308958 0.0305029 0.0271856 0.0224895 0.0179541 0.0143821 0.0117706 0.00972091
 1.01054e-16 6.87951e-05 0.000668713 0.00444384 0.020201 0.062853 0.133915 0.195456 0.19547 0.133983 0.0630802 0.0208572 0.00609047 0.00426225 0.00689036 0.0112738 0.0162137 0.0203466 0.022332 0.0215508 0.0184707 0.0143283 0.0103933 0.00738547 0.00537987 0.00408413
 1.00701e-16 6.66973e-05 0.000648321 0.00430832 0.019585 0.0609364 0.129832 0.189497 0.189514 0.129914 0.0612109 0.0203777 0.00629709 0.00498693 0.00829795 0.01359 0.0195169 0.024429 0.0266918 0.025549 0.021572 0.0162816 0.0112556 0.00741379 0.00488739 0.00334097
 1.01771e-16 4.41699e-05 0.000429347 0.00285317 0.0129701 0.040355 0.0859822 0.125502 0.125542 0.0861785 0.0410142 0.0148737 0.00762989 0.0108519 0.0198235 0.0326624 0.0469516 0.0588374 0.0644133 0.0618624 0.0525354 0.0400409 0.0281144 0.0189207 0.0127605 0.0088513
 1.03713e-16 5.46687e-05 0.0005314 0.00353134 0.016053 0.0499469 0.106418 0.155325 0.155348 0.10653 0.0503228 0.0171398 0.00626358 0.00650962 0.0114484 0.018944 0.027525 0.0351114 0.0395973 0.0399738 0.0368655 0.0319896 0.0270123 0.0227362 0.0191012 0.0157222
 1.01807e-16 6.80718e-05 0.000661682 0.00439711 0.0199886 0.0621921 0.132507 0.193401 0.193415 0.132573 0.062413 0.0206268 0.00599932 0.00416067 0.00671731 0.011008 0.0158763 0.0200192 0.022157 0.021701 0.0190953 0.0155004 0.0120817 0.00946076 0.00764755 0.00633185
 1.03553e-16 1.76231e-05 0.000171303 0.00113837 0.00517491 0.0161014 0.0343084 0.0500885 0.0501572 0.0346443 0.0172292 0.0084313 0.00930883 0.0179957 0.0338347 0.0558163 0.0801885 0.100384 0.109711 0.105075 0.0888381 0.0672563 0.0468111 0.0312626 0.0211138 0.0149412
 1.07649e-16 5.5589e-05 0.000540345 0.00359078 0.0163232 0.0507876 0.108209 0.157936 0.157948 0.108265 0.0509784 0.0168779 0.00499621 0.0036514 0.00608984 0.0103074 0.0156046 0.0212076 0.0263098 0.0304525 0.0336311 0.0359755 0.037329 0.0371746 0.0349992 0.0307597
 1.03364e-16 6.3965e-05 0.000621763 0.00413183 0.0187827 0.0584401 0.124513 0.181735 0.181752 0.124599 0.0587265 0.0196098 0.00620764 0.00515227 0.00866568 0.0142195 0.0204684 0.0257297 0.0283459 0.0275811 0.024073 0.019411 0.0151801 0.0122057 0.0104391 0.00934501
 1.06086e-16 3.88e-06 3.7715e-05 0.000250634 0.00113939 0.00354551 0.00755706 0.0110466 0.0111273 0.00795103 0.00486822 0.00495927 0.00983688 0.0209573 0.0397124 0.0655895 0.0943482 0.118356 0.129818 0.125122 0.10699 0.0826403 0.0595071 0.0418368 0.0301192 0.0226794
 1.09239e-16 6.09723e-05 0.000592673 0.00393852 0.0179039 0.0557058 0.118687 0.173228 0.173231 0.1187 0.0557502 0.0180363 0.00428639 0.00140377 0.00175286 0.00319648 0.00551968 0.00886203 0.0133499 0.0189555 0.0253256 0.0316471 0.0367218 0.0393319 0.0387466 0.0350663
 1.08909e-16 3.37477e-05 0.000328039 0.00217994 0.00990972 0.0308331 0.0656949 0.0958938 0.0959422 0.0659317 0.0316279 0.0122046 0.00793691 0.0128846 0.0238502 0.0392995 0.0564427 0.0706605 0.0773109 0.0743551 0.0636542 0.0498029 0.0374303 0.0290173 0.024494 0.0222813
 1.16549e-16 1.50591e-05 0.00014638 0.000972747 0.004422 0.0137587 0.0293161 0.0427975 0.042844 0.0295434 0.0145229 0.00663364 0.00654088 0.0123566 0.0233653 0.0390229 0.0571887 0.0739514 0.0852593 0.0891481 0.0867149 0.0809739 0.074623 0.0686026 0.0623337 0.0549464
 1.08069e-16 6.69438e-05 0.000650717 0.00432424 0.0196574 0.0611615 0.130311 0.190194 0.1902 0.130339 0.0612568 0.0199344 0.00502548 0.00220172 0.00307255 0.00513259 0.00776512 0.0105723 0.0131993 0.0155081 0.0176189 0.0197075 0.0217267 0.0233041 0.0239104 0.0231584
 1.0432e-16 4.7126e-05 0.000458082 0.00304412 0.0138381 0.0430558 0.0917363 0.1339 0.133937 0.0919171 0.0436627 0.0155903 0.00743955 0.0100442 0.0182266 0.0299897 0.0430416 0.0538102 0.0587033 0.0561013 0.047362 0.0359628 0.0254788 0.0179402 0.0135079 0.0112062
 1.10696e-16 3.54115e-06 3.44213e-05 0.000228745 0.00103988 0.00323582 0.00689676 0.0100802 0.0101478 0.00722737 0.0043465 0.00425045 0.00829727 0.0176796 0.0336068 0.0557914 0.0809199 0.102896 0.115441 0.115563 0.105197 0.0896217 0.0740379 0.061076 0.0506917 0.0416891
 1.41353e-16 7.9745e-06 7.75149e-05 0.000515114 0.00234164 0.00728576 0.0155234 0.0226585 0.0226668 0.0155642 0.00742586 0.00275914 0.00161174 0.0026332 0.0053383 0.0100647 0.0174407 0.0281352 0.0427274 0.0614054 0.0833917 0.106388 0.126616 0.139806 0.142793 0.134823
pSPR Fmed_Fpbrs
0.508969   0.285403 0.285403
Fs Fmed_Fpbrs
0.468702   1.005 1.005
SSBpbr Bo_Bmed_Bpbrs
1.6263e+06  746420  382835 382835
Ro
78367.9
SPR SPRFo_SPRFmed_SPRFpbrs
557854 283930 159213
Fref
1.005
log_Ro
11.0892
likeval ReclasPelacesDesembMPH_pf_preclas_ppelaces_ptallas_desvR_qrecl_qpela
 40.8358 42.433 0.504293 0.00212231 297.493 133.883 100.452 0 112.101 0 0 0.0994836 0 0 0
q_reclas_q_pelaces
1 1
M
1
N
 408287 34515.7 12697.6 4671.19 2718.53
 6090.8 124539 8729.56 3211.43 1868.98
 95246.6 1773.49 28701.8 2011.85 1170.85
 23577.7 27655.6 406.434 6577.65 729.385
 3937.8 4224.34 2413.2 35.465 637.604
 399163 247.013 45.1843 25.812 7.19925
 3912.94 114775 55.515 10.1549 7.41911
 2224.84 991.172 20018.6 9.68272 3.0652
 38202.1 723.779 285.139 5758.94 3.6673
 42045.9 8339.91 93.7666 36.9402 746.554
 122124 7756.28 771.465 8.67368 72.4754
 103651 40784.5 2351.46 233.884 24.6018
 80002.4 26743.6 7380.45 425.525 46.7761
 87168.8 19612.6 4368.94 1205.7 77.1572
 152841 16185.5 1838.07 409.452 120.228
 315306 43794.7 3612.31 410.223 118.215
 193094 85026.1 8656.8 714.038 104.455
 282856 61190.7 23210.2 2363.11 223.43
 795814 82385.1 14110.6 5352.3 596.46
 116359 229073 18555.3 3178.09 1339.82
 342737 35080.1 56596.4 4584.4 1116.23
 733757 103341 8669.1 13986.3 1408.76
 21963.3 215191 24160.6 2026.8 3599.3
 405286 7181.94 62547.3 7022.52 1635.28
 196959 132586 2089.33 18195.9 2518.68
 44979.5 64938.1 39177.6 617.374 6120.93
 363746 14707.3 18872.6 11386 1958.31
 320124 116770 4119.93 5286.74 3738.11
 12196.3 106704 35265.5 1244.26 2725.59
 8967.69 4112.19 32973.7 10897.7 1226.76
pred_Ctot
 44772.1 7028.49 2585.64 951.203 553.578
 818.2 30538 2140.56 787.468 458.288
 12934.1 439.156 7107.22 498.18 289.929
 8097.73 14892.4 218.863 3542.03 392.77
 2357.86 3258.21 1861.28 27.3539 491.779
 56219.3 63.216 11.5636 6.60583 1.84244
 793.991 40495.6 19.5871 3.58292 2.61765
 164.356 139.353 2814.51 1.36133 0.43095
 10239.7 321.738 126.752 2560 1.63021
 14003 4389.11 49.3474 19.4408 392.895
 7174.27 876.152 87.1449 0.979781 8.18684
 20137.9 13863.4 799.304 79.5014 8.36262
 17434.9 10025.1 2766.63 159.512 17.5344
 28824.9 10266.6 2287.02 631.153 40.3897
 21801.3 4189.79 475.803 105.991 31.1223
 54571.9 13463.5 1110.5 126.111 36.3419
 17123.2 14205.4 1446.3 119.295 17.4514
 37953.2 14988.7 5685.38 578.848 54.7295
 111646 21009.6 3598.45 1364.93 152.107
 13492.8 49111.4 3978.11 681.356 287.246
 39722.1 7517.22 12127.9 982.381 239.193
 95817.3 24697.3 2071.82 3342.57 336.678
 1557.75 29105.8 3267.86 274.137 486.826
 28643.2 968.122 8431.34 946.631 220.435
 13036.3 16789.1 264.569 2304.12 318.936
 3191.77 8787.4 5301.5 83.5428 828.282
 29616.2 2267.28 2909.41 1755.26 301.895
 19163.2 13430.7 473.87 608.076 429.953
 648.217 10946.3 3617.74 127.643 279.607
 1024.12 869.32 6970.68 2303.79 259.338
F
 0.18735 0.3747 0.3747 0.3747 0.3747
 0.233831 0.467662 0.467662 0.467662 0.467662
 0.236641 0.473281 0.473281 0.473281 0.473281
 0.719438 1.43888 1.43888 1.43888 1.43888
 1.76894 3.53787 3.53787 3.53787 3.53787
 0.246394 0.492788 0.492788 0.492788 0.492788
 0.373156 0.746311 0.746311 0.746311 0.746311
 0.122956 0.245912 0.245912 0.245912 0.245912
 0.521838 1.04368 1.04368 1.04368 1.04368
 0.690258 1.38052 1.38052 1.38052 1.38052
 0.0967339 0.193468 0.193468 0.193468 0.193468
 0.354733 0.709466 0.709466 0.709466 0.709466
 0.405887 0.811773 0.811773 0.811773 0.811773
 0.683728 1.36746 1.36746 1.36746 1.36746
 0.249885 0.49977 0.49977 0.49977 0.49977
 0.310584 0.621168 0.621168 0.621168 0.621168
 0.149183 0.298366 0.298366 0.298366 0.298366
 0.233533 0.467066 0.467066 0.467066 0.467066
 0.245324 0.490648 0.490648 0.490648 0.490648
 0.199048 0.398097 0.398097 0.398097 0.398097
 0.198934 0.397868 0.397868 0.397868 0.397868
 0.226653 0.453306 0.453306 0.453306 0.453306
 0.117801 0.235603 0.235603 0.235603 0.235603
 0.117363 0.234725 0.234725 0.234725 0.234725
 0.109562 0.219125 0.219125 0.219125 0.219125
 0.117863 0.235725 0.235725 0.235725 0.235725
 0.136254 0.272508 0.272508 0.272508 0.272508
 0.0986489 0.197298 0.197298 0.197298 0.197298
 0.0871745 0.174349 0.174349 0.174349 0.174349
 0.195774 0.391549 0.391549 0.391549 0.391549
nmprior
 8 8 7 0
nm_flota  nm_reclas  nm_pelaces    nm_pelaL
inf 5.24192 4.13339 5.48994
cv_recla  cv_pelaces  cv_mph
0.591626 0.766508 1.4217
 ------------------------------------------------
Talla a la edad & desviación 
 8 13.2811 15.8009 17.003 17.5766
 0.8 1.32811 1.58009 1.7003 1.75766
