years
 1991 1992 1993 1994 1995 1996 1997 1998 1999 2000 2001 2002 2003 2004 2005 2006 2007 2008 2009 2010 2011 2012 2013 2014 2015 2016 2017 2018 2019 2020
reclasobs
 0 0 0 0 0 0 0 0 0 252601 567819 844713 477998 351125 339783 2.1784e+06 2.13404e+06 4.81314e+06 1.55562e+06 2.62356e+06 3.21686e+06 3.843e+06 1.13348e+06 3.07943e+06 1.97215e+06 2.03268e+06 2.025e+06 2.42433e+06 2.27542e+06 1.05018e+06
reclaspred
 1.08338e+06 1.02864e+06 459438 153475 12948.2 512532 362242 94060.9 193665 103574 217468 411972 468089 279717 367391 934521 2.99602e+06 4.99307e+06 1.96739e+06 536370 1.63216e+06 2.34759e+06 1.91999e+06 2.42143e+06 2.08681e+06 1.21545e+06 1.16557e+06 1.54511e+06 1.65563e+06 618086
pelacesobs
 0 0 0 0 0 0 0 0 0 0 0 0 0 0 0 552880 188675 0 991730 2.46772e+06 1.41603e+06 1.21717e+06 2.29649e+06 1.80582e+06 0 1.4828e+06 1.56532e+06 1.57751e+06 1.42118e+06 867257
pelacespred
 367030 426776 204876 46795.4 1685.09 227328 118878 39777.2 80385.2 30793.4 97620.4 155909 201500 114329 177306 385804 1.22248e+06 2.0489e+06 1.0909e+06 235911 767295 1.05837e+06 880448 1.23081e+06 1.08462e+06 610762 648537 843002 742201 329972
mphobs
 0 0 0 0 0 0 0 0 0 0 0 498337 0 5186 125008 0 168611 109162 213762 579715 649985 157893 87575 83554 0 0 0 0 0 0
mphpred
 407959 1.13315e+06 523995 192767 44404.4 1277.85 534619 122346 36505.5 164346 26311.2 285011 311852 303756 137066 337508 1.10422e+06 3.91626e+06 2.68078e+06 872603 236399 1.80376e+06 1.96967e+06 1.19882e+06 2.17741e+06 1.3639e+06 636124 965385 1.62742e+06 849192
desembarqueobs
 494567 514787 250237 358949 120608 361735 552515 73892 212993 205616 52469 317467 293654 387597 252695 516296 358380 742168 942051 627588 828172 859565 418607 520667 417249 300574 407403 355545 319650 289779
desembarquepred
 494452 517170 247627 357803 120259 361065 552880 74149.9 213646 205379 52552.5 316084 293926 386814 252524 515252 357715 740555 941858 630529 823813 858933 418037 521429 416950 299832 407350 354109 318757 288619
Reclutas
 479353 1789.14 42812.1 54436.7 639.676 310443 742.253 420.978 68254.2 1563.32 124063 126838 138816 51666.8 117035 497905 819674 267008 103717 20244.8 773379 685595 1915.48 482320 182021 11143 295010 336547 8121.88 4602.61
log_desv_Rt
 2.32184 -3.26886 -0.0937737 0.146443 -4.29739 1.88741 -4.14866 -4.71577 0.372644 -3.40378 0.970193 0.992313 1.08255 0.09422 0.911878 2.35981 2.85831 1.73669 0.791068 -0.842695 2.80017 2.67969 -3.20062 2.32801 1.35353 -1.43978 1.83641 1.96814 -1.75603 -2.32397
SSB
 407959 1.13315e+06 523995 192767 44404.4 1277.85 534619 122346 36505.5 164346 26311.2 285011 311852 303756 137066 337508 1.10422e+06 3.91626e+06 2.68078e+06 872603 236399 1.80376e+06 1.96967e+06 1.19882e+06 2.17741e+06 1.3639e+06 636124 965385 1.62742e+06 849192
BT
 1.66299e+06 1.43668e+06 733884 470771 99544.6 1.36761e+06 767861 164532 541686 253756 466250 766924 942629 755677 962145 1.92362e+06 4.68029e+06 5.7951e+06 3.75938e+06 1.2569e+06 4.08875e+06 3.9497e+06 2.39831e+06 4.92619e+06 3.14321e+06 1.72789e+06 2.82232e+06 3.25947e+06 1.99052e+06 1.08999e+06
Ftot
 0.426375 0.460728 0.493019 1.80625 3.9442 0.655225 1.24712 0.701088 0.997904 1.53928 0.229369 0.693727 0.57531 1.17482 0.633625 0.512396 0.113784 0.140652 0.440474 1.00285 0.472347 0.341778 0.205096 0.203914 0.188711 0.231807 0.328233 0.21678 0.181777 0.429586
BD_Bspro_t
 0.934055 0.725754 0.462134 0.272158 0.0862496 0.00448539 0.512021 0.17133 0.0858149 0.307543 0.0975533 0.621437 0.498068 0.431319 0.253991 0.449777 0.638918 0.838608 0.740268 0.473312 0.219796 0.631285 0.647176 0.567125 0.723658 0.681431 0.575129 0.687661 0.770714 0.635202
BD_Bspro
 1.21883 3.38542 1.5655 0.575916 0.132664 0.00381773 1.59724 0.365523 0.109065 0.491004 0.078608 0.851507 0.931696 0.907508 0.409502 1.00835 3.299 11.7003 8.00915 2.60701 0.70627 5.38896 5.88463 3.58162 6.5053 4.07482 1.9005 2.88421 4.86212 2.53707
BD_Bo
 0.213537 0.593121 0.274273 0.1009 0.0232425 0.00066886 0.279834 0.064039 0.0191079 0.086023 0.013772 0.149183 0.163232 0.158994 0.0717441 0.176661 0.577979 2.04987 1.40319 0.456744 0.123737 0.944137 1.03098 0.627494 1.13972 0.713901 0.332965 0.505308 0.851835 0.44449
BD_Brms
 0.907112 2.5196 1.16512 0.428625 0.0987349 0.00284134 1.18874 0.27204 0.0811713 0.365429 0.0585039 0.633734 0.693414 0.675413 0.304772 0.750462 2.45528 8.70795 5.96081 1.94027 0.525641 4.01073 4.37964 2.66562 4.84156 3.03268 1.41445 2.14657 3.61863 1.88821
Sel_flota
 0.5 1 1 1 1
 0.5 1 1 1 1
 0.5 1 1 1 1
 0.5 1 1 1 1
 0.5 1 1 1 1
 0.5 1 1 1 1
 0.5 1 1 1 1
 0.5 1 1 1 1
 0.5 1 1 1 1
 0.5 1 1 1 1
 0.5 1 1 1 1
 0.5 1 1 1 1
 0.5 1 1 1 1
 0.5 1 1 1 1
 0.5 1 1 1 1
 0.5 1 1 1 1
 0.5 1 1 1 1
 0.5 1 1 1 1
 0.5 1 1 1 1
 0.5 1 1 1 1
 0.5 1 1 1 1
 0.5 1 1 1 1
 0.5 1 1 1 1
 0.5 1 1 1 1
 0.5 1 1 1 1
 0.5 1 1 1 1
 0.5 1 1 1 1
 0.5 1 1 1 1
 0.5 1 1 1 1
 0.5 1 1 1 1
Sel_reclas
 0.5 1 1 1 1
 0.5 1 1 1 1
 0.5 1 1 1 1
 0.5 1 1 1 1
 0.5 1 1 1 1
 0.5 1 1 1 1
 0.5 1 1 1 1
 0.5 1 1 1 1
 0.5 1 1 1 1
 0.5 1 1 1 1
 0.5 1 1 1 1
 0.5 1 1 1 1
 0.5 1 1 1 1
 0.5 1 1 1 1
 0.5 1 1 1 1
 0.5 1 1 1 1
 0.5 1 1 1 1
 0.5 1 1 1 1
 0.5 1 1 1 1
 0.5 1 1 1 1
 0.5 1 1 1 1
 0.5 1 1 1 1
 0.5 1 1 1 1
 0.5 1 1 1 1
 0.5 1 1 1 1
 0.5 1 1 1 1
 0.5 1 1 1 1
 0.5 1 1 1 1
 0.5 1 1 1 1
 0.5 1 1 1 1
Sel_pelaces
 0.5 1 1 1 1
 0.5 1 1 1 1
 0.5 1 1 1 1
 0.5 1 1 1 1
 0.5 1 1 1 1
 0.5 1 1 1 1
 0.5 1 1 1 1
 0.5 1 1 1 1
 0.5 1 1 1 1
 0.5 1 1 1 1
 0.5 1 1 1 1
 0.5 1 1 1 1
 0.5 1 1 1 1
 0.5 1 1 1 1
 0.5 1 1 1 1
 0.5 1 1 1 1
 0.5 1 1 1 1
 0.5 1 1 1 1
 0.5 1 1 1 1
 0.5 1 1 1 1
 0.5 1 1 1 1
 0.5 1 1 1 1
 0.5 1 1 1 1
 0.5 1 1 1 1
 0.5 1 1 1 1
 0.5 1 1 1 1
 0.5 1 1 1 1
 0.5 1 1 1 1
 0.5 1 1 1 1
 0.5 1 1 1 1
pf_obs 
 0.8446 0.082 0.0669 0.0065 0
 0.8095 0.147 0.0364 0.0071 0
 0.9664 0.0169 0.016 0.0007 0
 0.9276 0.0648 0.0075 0.0001 0
 0.7033 0.2144 0.0806 0.0017 0
 0.9318 0.0425 0.0243 0.0014 0
 0.5671 0.3108 0.0964 0.0239 0.0018
 0.0768 0.2599 0.5324 0.112 0.0189
 0.490249 0.384438 0.106611 0.0170017 0.00170017
 0.7925 0.1577 0.0466 0.003 0.0002
 0.840416 0.127587 0.0312969 0.00059994 9.999e-05
 0.8084 0.0986 0.0794 0.0134 0.0002
 0.7335 0.1905 0.0724 0.0035 0.0001
 0.4001 0.4547 0.1325 0.0127 0
 0.49795 0.308269 0.164784 0.0264974 0.00249975
 0.9179 0.0499 0.0305 0.0017 0
 0.2467 0.6533 0.0926 0.0074 0
 0.9418 0.0223 0.034 0.0019 0
 0.707729 0.231977 0.0356964 0.0245975 0
 0.517169 0.277429 0.184464 0.0207286 0.00020938
 0.811772 0.124168 0.05621 0.00726502 0.000585176
 0.764997 0.148141 0.077277 0.00933861 0.000247198
 0.163321 0.427699 0.378323 0.0303852 0.000271297
 0.753843 0.0900009 0.118128 0.0371064 0.000921714
 0.721811 0.176058 0.0630433 0.0369309 0.00215725
 0.143369 0.312575 0.442814 0.0836902 0.0175525
 0.692698 0.0596174 0.167031 0.0765114 0.00414204
 0.394062 0.376323 0.152708 0.0712218 0.00568511
 0.125707 0.32114 0.495352 0.0537591 0.00404204
 0.23352 0.215282 0.420074 0.123614 0.00750983
pf_pred 
 0.888333 0.070587 0.0259675 0.00955292 0.00555958
 0.00646858 0.941536 0.0328674 0.0120913 0.00703683
 0.39951 0.00886377 0.560664 0.0195718 0.0113903
 0.642022 0.217418 0.00207479 0.131238 0.0072475
 0.0516201 0.82404 0.0755177 0.000720657 0.0481014
 0.999435 0.00018617 0.00032874 3.01268e-05 1.94769e-05
 0.00557026 0.994201 7.55797e-05 0.000133459 2.01377e-05
 0.0264384 0.0161054 0.957236 7.27696e-05 0.000147886
 0.959531 0.00256086 0.0006271 0.037272 8.5917e-06
 0.061265 0.924558 0.000897095 0.000219679 0.0130598
 0.977611 0.00400785 0.0181032 1.75654e-05 0.000260016
 0.637408 0.358755 0.000686838 0.00310239 4.757e-05
 0.656607 0.279356 0.0633592 0.000121301 0.000556309
 0.404878 0.488177 0.087001 0.0197322 0.000211031
 0.806241 0.128979 0.0531393 0.00947027 0.00217087
 0.888634 0.101355 0.0066642 0.00274565 0.000601486
 0.737451 0.249199 0.0121497 0.000798856 0.000401231
 0.291542 0.60441 0.0987574 0.00481492 0.000475593
 0.22188 0.359307 0.357304 0.0583815 0.00312754
 0.135246 0.341285 0.241718 0.240371 0.0413793
 0.965882 0.0102746 0.00940999 0.00666471 0.00776847
 0.616655 0.37757 0.00173896 0.00159263 0.0024428
 0.00365444 0.778129 0.21493 0.000989893 0.00229714
 0.75354 0.00190665 0.190992 0.0527546 0.000806804
 0.338395 0.573352 0.000682739 0.0683907 0.0191794
 0.0474336 0.495005 0.396526 0.000472177 0.0605629
 0.806177 0.0186885 0.0910092 0.0729033 0.0112216
 0.632566 0.331345 0.00347969 0.0169454 0.0156636
 0.0289518 0.763223 0.187413 0.00196815 0.018444
 0.0515365 0.0561535 0.701337 0.172216 0.018757
pobs_RECLAS
 0 0 0 0 0
 0 0 0 0 0
 0 0 0 0 0
 0 0 0 0 0
 0 0 0 0 0
 0 0 0 0 0
 0 0 0 0 0
 0 0 0 0 0
 0 0 0 0 0
 0 0 0 0 0
 0.991045 0.00858322 0.000360255 1.14367e-05 0
 0.934742 0.0480273 0.0164251 0.00080598 0
 0.827803 0.169806 0.00239088 0 0
 0.941827 0.0461693 0.0120037 0 0
 0.791401 0.0380133 0.147996 0.0225897 0
 0.846168 0.0940531 0.0597789 0 0
 0.134021 0.677848 0.182769 0.00536245 0
 0.80878 0.0450904 0.141981 0.00414843 0
 0.846168 0.0940531 0.0597789 0 0
 0.905697 0.0802665 0.012482 0.00150086 5.37128e-05
 0.989698 0.0102097 9.19794e-05 0 0
 0.975433 0.0193895 0.00387452 0.00125025 5.28907e-05
 0.303575 0.632131 0.0575291 0.00676475 0
 0.966965 0.00978017 0.0227588 0.000495775 0
 0.843318 0.132988 0.00938335 0.0141283 0.000182051
 0.564624 0.303363 0.111486 0.0197234 0.00080311
 0.826376 0.0876187 0.0782897 0.00655872 0.00115652
 0.89761 0.0855135 0.0140674 0.00269457 0.000114338
 0.34875 0.467042 0.161289 0.0227151 0.000203297
 0.318654 0.224769 0.449479 0.00709798 0
ppred_RECLAS
 0.890574 0.0691706 0.0254465 0.00936123 0.00544802
 0.00663176 0.941381 0.032862 0.0120893 0.00703567
 0.406075 0.00876687 0.554535 0.0193579 0.0112658
 0.678414 0.195315 0.00186387 0.117896 0.00651072
 0.0840663 0.795848 0.0729341 0.000696002 0.0464557
 0.999457 0.000179005 0.000316088 2.89673e-05 1.87273e-05
 0.00612002 0.993651 7.5538e-05 0.000133385 2.01265e-05
 0.0275657 0.0160868 0.956127 7.26854e-05 0.000147715
 0.962134 0.00239616 0.000586768 0.0348749 8.03912e-06
 0.0690731 0.916868 0.000889633 0.000217852 0.0129511
 0.97785 0.00396516 0.0179103 1.73783e-05 0.000257247
 0.647131 0.349135 0.00066842 0.0030192 4.62943e-05
 0.66405 0.273301 0.0619858 0.000118672 0.000544251
 0.425996 0.470855 0.0839139 0.019032 0.000203543
 0.812046 0.125115 0.0515473 0.00918656 0.00210583
 0.891437 0.0988036 0.00649644 0.00267654 0.000586345
 0.738427 0.248273 0.0121045 0.000795886 0.000399739
 0.292855 0.60329 0.0985743 0.00480599 0.000474712
 0.226002 0.357404 0.355411 0.0580722 0.00311097
 0.143602 0.337987 0.239383 0.238048 0.0409794
 0.966724 0.0100209 0.00917769 0.00650018 0.0075767
 0.620768 0.373519 0.0017203 0.00157554 0.00241659
 0.00368974 0.778101 0.214922 0.000989858 0.00229706
 0.755316 0.00189292 0.189616 0.0523745 0.00080099
 0.340365 0.571645 0.000680706 0.0681871 0.0191223
 0.047937 0.494744 0.396317 0.000471928 0.0605309
 0.808761 0.0184394 0.0897963 0.0719317 0.011072
 0.63495 0.329195 0.00345711 0.0168354 0.015562
 0.0291897 0.763036 0.187367 0.00196767 0.0184395
 0.0526724 0.0560863 0.700497 0.17201 0.0187346
pobs_PELACES
 0 0 0 0 0
 0 0 0 0 0
 0 0 0 0 0
 0 0 0 0 0
 0 0 0 0 0
 0 0 0 0 0
 0 0 0 0 0
 0 0 0 0 0
 0 0 0 0 0
 0 0 0 0 0
 0 0 0 0 0
 0 0 0 0 0
 0 0 0 0 0
 0 0 0 0 0
 0 0 0 0 0
 0 0 0 0 0
 0.505614 0.472636 0.0217494 0 0
 0 0 0 0 0
 0.443492 0.261883 0.143347 0.151278 0
 0.227955 0.32914 0.350689 0.0885471 0.00366901
 0.970185 0.0296113 0.000203453 0 0
 0.997202 0.00247181 0.000326279 0 0
 0.445219 0.490057 0.0546422 0.010081 0
 0.90214 0.0892962 0.00764917 0.000914606 0
 0 0 0 0 0
 0.581667 0.319106 0.0959925 0.00289975 0.000334073
 0.762889 0.0836404 0.116647 0.0363945 0.000428098
 0.88444 0.0763242 0.0277011 0.0115352 0
 0.521256 0.241999 0.230069 0.00667565 0
 0.616807 0.101726 0.260614 0.0208532 0
ppred_PELACES
 0.897244 0.0649544 0.0238954 0.00879063 0.00511594
 0.00715182 0.940888 0.0328448 0.0120829 0.00703199
 0.425834 0.00847521 0.536086 0.0187139 0.010891
 0.739722 0.15808 0.00150854 0.0954203 0.0052695
 0.149625 0.738884 0.0677137 0.000646185 0.0431306
 0.999513 0.000160671 0.000283713 2.60004e-05 1.68092e-05
 0.00750781 0.992263 7.54325e-05 0.000133199 2.00984e-05
 0.030842 0.0160326 0.952906 7.24405e-05 0.000147217
 0.967697 0.00204414 0.000500566 0.0297514 6.8581e-06
 0.0873018 0.898915 0.000872213 0.000213586 0.0126975
 0.978655 0.00382105 0.0172594 1.67467e-05 0.000247897
 0.672809 0.323729 0.000619779 0.0027995 4.29255e-05
 0.684887 0.25635 0.0581412 0.000111311 0.000510495
 0.473933 0.431532 0.0769059 0.0174426 0.000186544
 0.827485 0.114837 0.047313 0.00843194 0.00193285
 0.899352 0.0915997 0.00602278 0.00248139 0.000543594
 0.742037 0.244846 0.0119375 0.000784902 0.000394223
 0.297684 0.59917 0.0979011 0.00477317 0.00047147
 0.238968 0.351416 0.349457 0.0570994 0.00305886
 0.165175 0.329473 0.233353 0.232052 0.0399472
 0.969142 0.00929278 0.0085108 0.00602785 0.00702614
 0.633951 0.360535 0.0016605 0.00152077 0.00233258
 0.00381625 0.778002 0.214895 0.000989732 0.00229677
 0.761481 0.00184523 0.184838 0.0510549 0.00078081
 0.34739 0.565557 0.000673456 0.0674609 0.0189186
 0.0497131 0.493821 0.395577 0.000471047 0.060418
 0.816997 0.0176452 0.0859287 0.0688336 0.0105952
 0.6432 0.321756 0.00337898 0.016455 0.0152103
 0.0300517 0.762359 0.1872 0.00196592 0.0184231
 0.0563235 0.0558701 0.697797 0.171347 0.0186624
pobs_pel_tallas
 0 0 0 0 0 0 0 0 0 0 0 0 0 0 0 0 0 0 0 0 0 0 0 0 0 0
 0 0 0 0 0 0 0 0 0 0 0 0 0 0 0 0 0 0 0 0 0 0 0 0 0 0
 0 0 0 0 0 0 0 0 0 0 0 0 0 0 0 0 0 0 0 0 0 0 0 0 0 0
 0 0 0 0 0 0 0 0 0 0 0 0 0 0 0 0 0 0 0 0 0 0 0 0 0 0
 0 0 0 0 0 0 0 0 0 0 0 0 0 0 0 0 0 0 0 0 0 0 0 0 0 0
 0 0 0 0 0 0 0 0 0 0 0 0 0 0 0 0 0 0 0 0 0 0 0 0 0 0
 0 0 0 0 0 0 0 0 0 0 0 0 0 0 0 0 0 0 0 0 0 0 0 0 0 0
 0 0 0 0 0 0 0 0 0 0 0 0 0 0 0 0 0 0 0 0 0 0 0 0 0 0
 0 0 0 0 0 0 0 0 0 0 0 0 0 0 0 0 0 0 0 0 0 0 0 0 0 0
 0 0 0 0 0 0 0 0 0 0 0 0 0 0 0 0 0 0 0 0 0 0 0 0 0 0
 0 0 0 0 0 0 0 0 0 0 0 0 0 0 0 0 0 0 0 0 0 0 0 0 0 0
 0 0 0 0 0 0 0 0 0 0 0 0 0 0 0 0 0 0 0 0 0 0 0 0 0 0
 0.00862536 0 0 0.000197151 0.00414017 0.0128641 0.00837892 0.0270097 0.101434 0.158115 0.152841 0.127902 0.109271 0.109419 0.0830992 0.0579132 0.0238553 0.00714673 0.00463305 0.00128148 0.00103504 0.000492878 0.000147863 0.000147863 4.92878e-05 0
 0 0 0 0 0 0 0 0 0 0 0 0 0 0 0 0 0 0 0 0 0 0 0 0 0 0
 0 0 0 0 0 0 0 0.0054083 0.00873648 0.0413646 0.0450493 0.0745869 0.0622846 0.0627006 0.0613931 0.0827291 0.12552 0.122667 0.0946155 0.0697135 0.0546179 0.0294188 0.0215738 0.0213955 0.0102223 0.00600262
 0 0 0 0 0.00359764 0.0251062 0.0480494 0.140153 0.205849 0.193036 0.1447 0.116669 0.0760912 0.0342217 0.00950174 0.001854 0.000860785 0 0 0 0.000165536 0 0.000143464 0 0 0
 0 0 0 0 0 0 0 0.000145254 0.000435761 0.0275982 0.070085 0.0708112 0.156366 0.174668 0.174014 0.160142 0.0824315 0.0480064 0.0283245 0.00493863 0.00203355 0 0 0 0 0
 0 0 0 0 0 0 0 0 0 0 0 0 0 0 0 0 0 0 0 0 0 0 0 0 0 0
 0 0 1.00437e-05 0.000401748 0.00122533 0.00171747 0.00176769 0.0269171 0.070346 0.194647 0.189555 0.159765 0.064822 0.0314167 0.0384472 0.0292271 0.0345202 0.0313363 0.0194345 0.0106764 0.0143323 0.0359363 0.0279516 0.0138201 0.00172751 0
 0 0.0021121 0.0136068 0.0755702 0.200478 0.177729 0.0527432 0.0373336 0.0318909 0.0142505 0.0149659 0.0166563 0.0217959 0.0798694 0.0677717 0.0528807 0.04013 0.0224614 0.0357745 0.0225083 0.00881397 0.00855152 0.00135912 0.000746735 0 0
 0 0 0 0 5.4009e-05 0.00500934 0.000945158 0.0243581 0.138947 0.33067 0.221406 0.137944 0.0707744 0.0437923 0.0131692 0.00525238 0.0047753 0.00276346 9.45158e-05 9.00151e-06 2.25038e-05 9.00151e-06 4.50075e-06 0 0 0
 0.000866109 0.00284123 0.00948549 0.0512746 0.133035 0.25785 0.225252 0.132002 0.0553304 0.0519788 0.0540692 0.017754 0.00435017 0.00159236 0.00146478 0.000404838 0.000125132 0.000115318 0.000107957 0.000100596 0 0 0 0 0 0
 0 0 0 0 0.00144013 0.00171154 0.00461396 0.0210425 0.0478622 0.0707936 0.0888783 0.103762 0.0637923 0.0337046 0.0602308 0.124433 0.169614 0.0934646 0.0462172 0.0250306 0.0313229 0.00938855 0.002487 0.000210481 0 0
 0 0.00764035 0.051015 0.0998891 0.058973 0.0496711 0.0374665 0.0718981 0.12319 0.153886 0.159021 0.0857701 0.0377988 0.023471 0.0147837 0.00900784 0.00315554 0.000888139 0.00291439 0.00214683 0.00393193 0.00274676 0.000635225 9.99891e-05 0 0
 0 0 0 0 0 0 0 0 0 0 0 0 0 0 0 0 0 0 0 0 0 0 0 0 0 0
 0 0 0 0 0 0 0 0 0 0 0 0 0 0 0 0 0 0 0 0 0 0 0 0 0 0
 0 0 0 0 0 0 0 0 0 0 0 0 0 0 0 0 0 0 0 0 0 0 0 0 0 0
 0 0 0 0 0 0 0 0 0 0 0 0 0 0 0 0 0 0 0 0 0 0 0 0 0 0
 0 0 0 0 0 0 0 0 0 0 0 0 0 0 0 0 0 0 0 0 0 0 0 0 0 0
 0 0 0 0 0 0 0 0 0 0 0 0 0 0 0 0 0 0 0 0 0 0 0 0 0 0
ppred_pel_tallas
 1.02454e-16 7.39048e-05 0.000718381 0.00477389 0.0217014 0.0675212 0.143861 0.209971 0.209977 0.143892 0.0676245 0.022 0.00552469 0.00236171 0.00320778 0.00522029 0.00759398 0.00972278 0.0110437 0.0113038 0.0106988 0.00971341 0.0087937 0.00811471 0.00758305 0.00700217
 1.03591e-16 5.89281e-07 5.72812e-06 3.80697e-05 0.000173115 0.000539111 0.00115198 0.00170032 0.00179085 0.00159423 0.00202359 0.0044587 0.0107876 0.023446 0.0444414 0.0732694 0.105078 0.131155 0.142623 0.135402 0.112708 0.0830055 0.0551223 0.0342669 0.0212136 0.0140036
 1.19193e-16 3.50754e-05 0.000340945 0.0022657 0.0102996 0.0320457 0.0682769 0.0996524 0.0996541 0.0682853 0.0320765 0.0103992 0.00255572 0.0011062 0.00187487 0.00404959 0.00816602 0.0151213 0.0256727 0.0398866 0.05659 0.073185 0.0861667 0.0923145 0.0900144 0.0799651
 1.10546e-16 6.09299e-05 0.000592261 0.00393578 0.0178915 0.0556672 0.118605 0.173111 0.173126 0.11868 0.0559172 0.0186138 0.00574931 0.00455363 0.00759325 0.0124861 0.0180663 0.0229418 0.0257923 0.0261386 0.0246939 0.0229142 0.0220705 0.0225338 0.0237143 0.0245506
 1.09507e-16 1.23246e-05 0.000119799 0.000796111 0.00361905 0.0112606 0.0239945 0.0350356 0.0351068 0.0243422 0.0124278 0.00698962 0.00925394 0.0185742 0.0350343 0.0578313 0.0831506 0.104244 0.114248 0.110029 0.0940919 0.0729423 0.0532571 0.0388143 0.0299353 0.0248888
 1.00014e-16 8.23285e-05 0.000800263 0.00531803 0.024175 0.0752173 0.160258 0.233902 0.233902 0.160259 0.0752176 0.0241757 0.00531997 0.000804559 9.06809e-05 2.00987e-05 2.20695e-05 2.98631e-05 3.74617e-05 4.40245e-05 4.95162e-05 5.40137e-05 5.71269e-05 5.79398e-05 5.55709e-05 4.9864e-05
 1.00273e-16 6.18614e-07 6.01325e-06 3.99648e-05 0.000181733 0.00056595 0.00120934 0.00178507 0.00188048 0.00167542 0.00213024 0.00469696 0.0113626 0.0246861 0.0467628 0.0770195 0.110274 0.13725 0.148499 0.139674 0.114206 0.0811832 0.0501755 0.0269701 0.0126173 0.00514874
 1.27536e-16 2.54042e-06 2.46938e-05 0.000164099 0.000745972 0.00232101 0.00494526 0.00721836 0.00722137 0.00496067 0.00237696 0.000926182 0.000686515 0.00139633 0.00328261 0.00717619 0.0144009 0.0265261 0.0447982 0.0692171 0.0975991 0.125297 0.146177 0.154761 0.148556 0.129217
 1.03e-16 7.97079e-05 0.000774789 0.00514875 0.0234055 0.0728231 0.155157 0.226457 0.226457 0.155158 0.0728265 0.0234156 0.00517502 0.000834598 0.000201069 0.00022836 0.000378039 0.000607479 0.000948527 0.00145497 0.0021815 0.00314635 0.00428993 0.00545717 0.00642459 0.00696949
 1.02426e-16 7.19112e-06 6.99004e-05 0.000464517 0.00211168 0.00657068 0.0140027 0.0204555 0.0205419 0.014425 0.00798789 0.00620242 0.0107229 0.0224312 0.0423786 0.0697959 0.099951 0.124451 0.134757 0.12696 0.1042 0.0747282 0.0472079 0.0268378 0.0144847 0.00825412
 1.00543e-16 8.06105e-05 0.000783563 0.00520705 0.0236705 0.0736477 0.156914 0.229021 0.229021 0.156916 0.0736543 0.0236898 0.00525682 0.000896268 0.00030654 0.000410037 0.00065433 0.000970735 0.00134377 0.00175831 0.00218764 0.00258039 0.00285945 0.00294535 0.002795 0.00242907
 1.00389e-16 5.54184e-05 0.000538687 0.00357977 0.0162731 0.0506319 0.107878 0.157457 0.157488 0.10803 0.0511423 0.0177464 0.00727427 0.00859203 0.0153155 0.0251411 0.0359986 0.0448225 0.0485328 0.0457166 0.0374973 0.0268366 0.016846 0.00939469 0.0048028 0.00240853
 1.01841e-16 5.64133e-05 0.000548357 0.00364403 0.0165652 0.0515407 0.109814 0.160282 0.160307 0.109935 0.0519467 0.0177383 0.00658995 0.00698386 0.0122916 0.0202644 0.0292609 0.0369453 0.0409596 0.0401858 0.0353755 0.0285849 0.0219026 0.0164821 0.0124376 0.00935884
 1.04111e-16 3.90373e-05 0.000379457 0.00252162 0.011463 0.0356658 0.0759912 0.11092 0.110962 0.0761946 0.0363487 0.0134358 0.0074748 0.0111962 0.0205933 0.0340126 0.0490604 0.0618339 0.068367 0.0668114 0.0585083 0.0470244 0.0359699 0.0273159 0.0211846 0.0167263
 1.02568e-16 6.81589e-05 0.000662528 0.00440273 0.0200142 0.0622717 0.132677 0.193648 0.193659 0.132731 0.0624543 0.0205423 0.00573087 0.00356983 0.00561304 0.00923265 0.0134358 0.0171931 0.0194953 0.0198646 0.0186057 0.0165364 0.0144306 0.0126291 0.0110531 0.00947924
 1.00539e-16 7.40785e-05 0.000720069 0.00478511 0.0217524 0.06768 0.1442 0.210465 0.210474 0.144243 0.0678246 0.02217 0.00583275 0.00300532 0.00440905 0.00715838 0.0102734 0.0128533 0.0140358 0.0134261 0.0113324 0.00856441 0.00595958 0.0040017 0.00274977 0.00200974
 1.00553e-16 6.11207e-05 0.000594115 0.0039481 0.0179475 0.0558415 0.118977 0.173655 0.173679 0.119092 0.0562279 0.019063 0.00674635 0.0066965 0.0116323 0.0190855 0.0273735 0.0341819 0.0371948 0.0353425 0.0294464 0.0216894 0.0143525 0.00878862 0.00521743 0.00316532
 1.03537e-16 2.452e-05 0.000238343 0.00158388 0.00720011 0.0224025 0.0477331 0.0696799 0.0697377 0.0480153 0.0233503 0.00993774 0.00845626 0.0152425 0.0285247 0.0471286 0.0679079 0.0854258 0.0941284 0.0914081 0.0791169 0.0622504 0.0459299 0.0330505 0.0239506 0.0175762
 1.16419e-16 1.96836e-05 0.000191331 0.00127146 0.00577992 0.0179836 0.0383173 0.0559325 0.0559668 0.0384854 0.0185493 0.00741998 0.00541139 0.0093054 0.0175534 0.0295742 0.0439671 0.0581413 0.0693735 0.0762769 0.0793473 0.0800543 0.0793351 0.0768729 0.0716698 0.0632001
 1.3685e-16 1.36053e-05 0.000132249 0.000878841 0.0039951 0.0124304 0.0264855 0.0386631 0.0386952 0.0266427 0.0129593 0.00552774 0.0047453 0.00863798 0.0163631 0.0275543 0.0409549 0.0542443 0.0651255 0.0727536 0.0781999 0.0833969 0.0893881 0.0953289 0.0989468 0.0979367
 1.02042e-16 7.9827e-05 0.000775947 0.00515644 0.0234404 0.0729319 0.155389 0.226795 0.226796 0.155394 0.0729469 0.0234839 0.00526645 0.00101867 0.000548544 0.000801356 0.00119721 0.0016162 0.00200051 0.00233852 0.00266974 0.0030498 0.00349645 0.0039593 0.00433494 0.00451342
 1.00688e-16 5.22178e-05 0.000507575 0.00337302 0.0153333 0.0477077 0.101648 0.148365 0.1484 0.101817 0.0482761 0.0169741 0.00748789 0.00947747 0.0170497 0.0280046 0.0401038 0.0499431 0.0540949 0.0509879 0.0418738 0.0300502 0.0189801 0.0107413 0.00568495 0.00306735
 1.06889e-16 3.14502e-07 3.05715e-06 2.03195e-05 9.24155e-05 0.000287942 0.000616266 0.000915206 0.000990345 0.000983483 0.00152138 0.0036569 0.00897475 0.0195739 0.037236 0.0617305 0.0893185 0.113119 0.126044 0.124708 0.111304 0.0918808 0.0725213 0.0564955 0.04404 0.0339653
 1.10587e-16 6.27221e-05 0.000609682 0.00405155 0.0184178 0.0573045 0.122093 0.178199 0.178199 0.122096 0.0573137 0.0184484 0.00414324 0.000858918 0.000680392 0.00140377 0.00290241 0.00551097 0.00957577 0.0152119 0.0220768 0.0292626 0.0354366 0.0392451 0.0398137 0.0370826
 1.10131e-16 2.86142e-05 0.00027814 0.00184834 0.00840233 0.0261431 0.0557026 0.0813109 0.0813653 0.0559684 0.0270353 0.0109781 0.00830937 0.0143679 0.0267461 0.0440671 0.0632469 0.0790864 0.0863564 0.082764 0.0704222 0.0545462 0.0404136 0.0308896 0.0259408 0.0237823
 1.21814e-16 4.09491e-06 3.9804e-05 0.000264514 0.00120247 0.00374159 0.00797364 0.0116478 0.0116959 0.00820893 0.00453309 0.00349507 0.00604367 0.0127365 0.024354 0.0408719 0.0603119 0.0788336 0.0924171 0.0990657 0.0997092 0.0969911 0.0930599 0.0882958 0.0817865 0.0727161
 1.11181e-16 6.7295e-05 0.000654131 0.00434693 0.0197605 0.0614823 0.130995 0.191191 0.191193 0.131004 0.0615135 0.0198526 0.00458587 0.00120209 0.0011865 0.002064 0.0034658 0.0054304 0.00805776 0.0114464 0.0155945 0.0202557 0.0248566 0.0285859 0.0306485 0.0305603
 1.04405e-16 5.29796e-05 0.000514981 0.00342223 0.015557 0.0484037 0.10313 0.150528 0.150559 0.103282 0.0489112 0.0170222 0.0070973 0.00852851 0.0152457 0.0250526 0.0359302 0.0448723 0.0488727 0.046591 0.0391972 0.0296499 0.0209878 0.0149307 0.0115881 0.0100724
 1.08912e-16 2.47548e-06 2.40626e-05 0.000159908 0.000726965 0.00226225 0.00482268 0.00705427 0.00712787 0.00518234 0.00347022 0.00421743 0.00892694 0.0191805 0.0364362 0.060367 0.0872693 0.110375 0.122734 0.121064 0.107613 0.0884533 0.0696985 0.0546334 0.0434395 0.0347594
 1.40494e-16 4.63931e-06 4.50957e-05 0.000299677 0.00136229 0.00423863 0.00903109 0.0131825 0.013189 0.00906345 0.00435057 0.00170015 0.00120274 0.00219895 0.00463176 0.00905562 0.0163376 0.0274579 0.0432587 0.0639514 0.0884164 0.113701 0.1353 0.148458 0.149985 0.139578
pSPR Fmed_Fpbrs
0.503023   0.285403 0.285403
Fs Fmed_Fpbrs
0.478294   1.005 1.005
SSBpbr Bo_Bmed_Bpbrs
1.91049e+06  865494  449734 449734
Ro
47021
SPR SPRFo_SPRFmed_SPRFpbrs
334714 168369 95528.3
Fref
1.005
log_Ro
10.5784
likeval ReclasPelacesDesembMPH_pf_preclas_ppelaces_ptallas_desvR_qrecl_qpela
 43.8568 77.3005 1.58575 0.00317707 378.691 168.568 113.409 0 224.529 0 0 2.31945 0 0 0
q_reclas_q_pelaces
1 1
M
1
N
 479353 20709.5 7618.62 2802.73 1631.12
 1789.14 142487 4973.97 1829.82 1064.91
 42812.1 522.763 33066.5 1154.3 671.774
 54436.7 12308.8 117.461 7429.83 410.306
 639.676 8116.61 743.832 7.09831 473.788
 310443 32.7487 57.8277 5.29952 3.42613
 742.253 82301.4 6.2566 11.0479 1.66703
 420.978 146.369 8699.53 0.661343 1.34401
 68254.2 109.075 26.7101 1587.53 0.365947
 1563.32 15245.5 14.7927 3.62241 215.349
 124063 266.381 1203.22 1.16748 17.2819
 126838 40694.9 77.9104 351.915 5.39603
 138816 32984.7 7481.07 14.3225 65.6857
 51666.8 38301.7 6825.97 1548.16 16.5572
 117035 10563.5 4352.17 775.627 177.797
 497905 31364 2062.22 849.634 186.128
 819674 141771 6912.03 454.474 228.262
 267008 284865 46545.4 2269.32 224.152
 103717 91556.3 91045.8 14876.4 796.94
 20244.8 30613 21681.9 21561.1 3711.69
 773379 4510.79 4131.21 2925.97 3410.55
 685595 224662 1034.71 947.645 1453.51
 1915.48 212597 58722.2 270.454 627.616
 482320 635.987 63707.5 17596.9 269.119
 182021 160237 190.807 19113.4 5360.12
 11143 60932.5 48810.3 58.1225 7454.97
 295010 3650.66 17778 14241.1 2192.06
 336547 92101.6 967.224 4710.18 4353.89
 8121.88 111091 27278.8 286.474 2684.62
 4602.61 2728.28 34075.2 8367.32 911.332
pred_Ctot
 59195.9 4703.71 1730.4 636.578 370.474
 237.107 34512.3 1204.76 443.208 257.937
 6032.33 133.837 8465.65 295.521 171.987
 21981.1 7443.8 71.0354 4493.23 248.135
 402.719 6428.83 589.159 5.62228 375.268
 56298.1 10.487 18.5179 1.69704 1.09713
 228.861 40848 3.10529 5.48333 0.827382
 80.9567 49.3163 2931.14 0.222827 0.45284
 17644.8 47.0917 11.5317 685.396 0.157993
 564.058 8512.28 8.25942 2.02255 120.239
 8577.32 35.1639 158.833 0.154115 2.28132
 24170.3 13603.9 26.0447 117.642 1.80384
 22454.3 9553.29 2166.73 4.1482 19.0244
 15210 18339.2 3268.35 741.274 7.92774
 20611.6 3297.35 1358.51 242.108 55.4984
 72632.6 8284.26 544.699 224.416 49.1625
 28788.4 9728.17 474.297 31.1855 15.6632
 11528.1 23899.5 3905.05 190.391 18.8058
 13194.3 21366.5 21247.3 3471.7 185.982
 5254.65 13259.8 9391.35 9338.99 1607.69
 104834 1115.17 1021.33 723.364 843.163
 69033.2 42268.2 194.673 178.291 273.466
 119.006 25339.6 6999.14 32.2356 74.8059
 29800.3 75.4025 7553.16 2086.29 31.9067
 10440.2 17689.2 21.064 2110.01 591.726
 778.192 8121.02 6505.38 7.7465 993.59
 28605.9 663.13 3229.31 2586.85 398.18
 22047.5 11548.8 121.282 590.617 545.941
 449.374 11846.3 2908.91 30.5486 286.278
 572.293 623.564 7788.08 1912.4 208.29
F
 0.213188 0.426375 0.426375 0.426375 0.426375
 0.230364 0.460728 0.460728 0.460728 0.460728
 0.246509 0.493019 0.493019 0.493019 0.493019
 0.903126 1.80625 1.80625 1.80625 1.80625
 1.9721 3.9442 3.9442 3.9442 3.9442
 0.327613 0.655225 0.655225 0.655225 0.655225
 0.62356 1.24712 1.24712 1.24712 1.24712
 0.350544 0.701088 0.701088 0.701088 0.701088
 0.498952 0.997904 0.997904 0.997904 0.997904
 0.769641 1.53928 1.53928 1.53928 1.53928
 0.114685 0.229369 0.229369 0.229369 0.229369
 0.346863 0.693727 0.693727 0.693727 0.693727
 0.287655 0.57531 0.57531 0.57531 0.57531
 0.587409 1.17482 1.17482 1.17482 1.17482
 0.316812 0.633625 0.633625 0.633625 0.633625
 0.256198 0.512396 0.512396 0.512396 0.512396
 0.0568918 0.113784 0.113784 0.113784 0.113784
 0.0703259 0.140652 0.140652 0.140652 0.140652
 0.220237 0.440474 0.440474 0.440474 0.440474
 0.501427 1.00285 1.00285 1.00285 1.00285
 0.236173 0.472347 0.472347 0.472347 0.472347
 0.170889 0.341778 0.341778 0.341778 0.341778
 0.102548 0.205096 0.205096 0.205096 0.205096
 0.101957 0.203914 0.203914 0.203914 0.203914
 0.0943553 0.188711 0.188711 0.188711 0.188711
 0.115903 0.231807 0.231807 0.231807 0.231807
 0.164116 0.328233 0.328233 0.328233 0.328233
 0.10839 0.21678 0.21678 0.21678 0.21678
 0.0908887 0.181777 0.181777 0.181777 0.181777
 0.214793 0.429586 0.429586 0.429586 0.429586
nmprior
 8 8 7 0
nm_flota  nm_reclas  nm_pelaces    nm_pelaL
inf 4.34375 4.58856 6.22317
cv_recla  cv_pelaces  cv_mph
0.613119 1.03456 1.73948
 ------------------------------------------------
Talla a la edad & desviación 
 8 13.2811 15.8009 17.003 17.5766
 0.8 1.32811 1.58009 1.7003 1.75766
