years
 1991 1992 1993 1994 1995 1996 1997 1998 1999 2000 2001 2002 2003 2004 2005 2006 2007 2008 2009 2010 2011 2012 2013 2014 2015 2016 2017 2018 2019 2020
reclasobs
 0 0 0 0 0 0 0 0 0 252601 567819 844713 477998 351125 339783 2.1784e+06 2.13404e+06 4.81314e+06 1.55562e+06 2.62356e+06 3.21686e+06 3.843e+06 1.13348e+06 3.07943e+06 1.97215e+06 2.03268e+06 2.025e+06 2.42433e+06 2.27542e+06 1.05018e+06
reclaspred
 4.98561e+06 2.91466e+06 1.49155e+06 1.73123e+06 2.09811e+06 2.97023e+06 2.24266e+06 1.93189e+06 1.32742e+06 908853 715837 790247 770590 643643 675025 1.32308e+06 1.55701e+06 2.81123e+06 2.53485e+06 2.02079e+06 3.51028e+06 2.74999e+06 2.4452e+06 3.3765e+06 2.72527e+06 2.53475e+06 2.76983e+06 2.73513e+06 2.62268e+06 1.87212e+06
pelacesobs
 0 0 0 0 0 0 0 0 0 0 0 0 0 0 0 552880 188675 0 991730 2.46772e+06 1.41603e+06 1.21717e+06 2.29649e+06 1.80582e+06 0 1.4828e+06 1.56532e+06 1.57751e+06 1.42118e+06 867257
pelacespred
 2.4809e+06 1.61663e+06 848153 867049 1.03437e+06 1.5376e+06 1.15055e+06 1.0915e+06 768659 509020 425746 383061 400519 361951 397451 652148 722205 1.50005e+06 1.40521e+06 1.03574e+06 1.68738e+06 1.50649e+06 1.27512e+06 1.96068e+06 1.52425e+06 1.38221e+06 1.75937e+06 1.7627e+06 1.30677e+06 1.04189e+06
mphobs
 0 0 0 0 0 0 0 0 0 0 0 498337 0 5186 125008 0 168611 109162 213762 579715 649985 157893 87575 83554 0 0 0 0 0 0
mphpred
 4.70436e+06 3.20012e+06 1.66869e+06 929640 1.47952e+06 1.82696e+06 2.25291e+06 1.58905e+06 1.29905e+06 862844 539736 575949 555835 485521 373809 501021 1.18108e+06 1.23689e+06 2.05972e+06 1.65539e+06 1.87476e+06 2.26914e+06 2.07036e+06 1.81883e+06 2.45677e+06 2.04649e+06 1.76142e+06 1.84103e+06 2.40972e+06 1.7336e+06
desembarqueobs
 494567 514787 250237 358949 120608 361735 552515 73892 212993 205616 52469 317467 293654 387597 252695 516296 358380 742168 942051 627588 828172 859565 418607 520667 417249 300574 407403 355545 319650 289779
desembarquepred
 494573 512601 251586 358959 120609 361752 552606 73894.6 213046 205674 52471.7 317579 293745 387715 252715 516326 358421 742143 942041 627568 828293 859694 418639 520708 417273 300588 407422 355551 319661 289795
Reclutas
 257874 151552 144823 437955 338837 441104 184189 88594.2 68310.4 84689.8 130181 163060 148359 111173 120841 498578 145213 733400 498050 390429 540090 690755 186262 456742 395296 196558 398597 418061 154799 141343
log_desv_Rt
 0.0924352 -0.439103 -0.484525 0.622082 0.365485 0.629245 -0.24407 -0.975968 -1.23597 -1.02104 -0.591106 -0.365914 -0.460397 -0.74895 -0.665562 0.751725 -0.481832 1.13766 0.750666 0.50721 0.8317 1.07775 -0.232883 0.664085 0.519599 -0.179076 0.527917 0.575592 -0.417909 -0.508842
SSB
 4.70436e+06 3.20012e+06 1.66869e+06 929640 1.47952e+06 1.82696e+06 2.25291e+06 1.58905e+06 1.29905e+06 862844 539736 575949 555835 485521 373809 501021 1.18108e+06 1.23689e+06 2.05972e+06 1.65539e+06 1.87476e+06 2.26914e+06 2.07036e+06 1.81883e+06 2.45677e+06 2.04649e+06 1.76142e+06 1.84103e+06 2.40972e+06 1.7336e+06
BT
 6.21892e+06 4.29117e+06 2.23772e+06 2.47805e+06 2.59674e+06 4.11953e+06 3.21398e+06 2.69868e+06 2.05069e+06 1.42562e+06 1.09519e+06 1.21736e+06 1.26381e+06 1.31481e+06 1.2691e+06 2.11202e+06 2.02423e+06 4.50716e+06 4.37816e+06 3.07719e+06 4.91524e+06 4.49959e+06 3.43664e+06 5.46579e+06 4.0496e+06 3.61985e+06 4.85712e+06 4.78862e+06 3.34053e+06 2.77101e+06
Ftot
 0.0892604 0.158239 0.150676 0.166447 0.0481002 0.100404 0.212138 0.0333687 0.139521 0.194217 0.0605619 0.324268 0.307783 0.471653 0.28954 0.294197 0.19027 0.206348 0.298556 0.253511 0.192297 0.252652 0.145243 0.124174 0.128161 0.100481 0.119037 0.10377 0.105856 0.133822
BD_Bspro_t
 0.98582 0.893115 0.77707 0.71334 0.767953 0.826647 0.816337 0.724433 0.757241 0.718325 0.679637 0.766721 0.643223 0.562541 0.480136 0.549097 0.646216 0.643197 0.697135 0.618025 0.601542 0.642499 0.648597 0.656594 0.746315 0.754944 0.768653 0.797422 0.828083 0.77903
BD_Bspro
 2.81096 1.91214 0.997081 0.555482 0.88405 1.09165 1.34617 0.949497 0.776211 0.515569 0.322505 0.344143 0.332124 0.29011 0.22336 0.299372 0.705725 0.739069 1.23073 0.989135 1.12021 1.35586 1.23709 1.08679 1.46798 1.22283 1.05249 1.10006 1.43987 1.03587
BD_Bo
 1.95381 1.32907 0.693038 0.386097 0.614474 0.75877 0.935675 0.659964 0.539519 0.358355 0.224163 0.239202 0.230849 0.201646 0.15525 0.208083 0.490526 0.513703 0.855441 0.687515 0.778624 0.942415 0.859858 0.755395 1.02034 0.849947 0.731553 0.764616 1.0008 0.719997
BD_Brms
 14.0818 9.57904 4.99496 2.78273 4.42872 5.46871 6.74373 4.75658 3.88849 2.58279 1.61561 1.72401 1.6638 1.45333 1.11894 1.49973 3.53539 3.70243 6.16545 4.95515 5.61181 6.7923 6.19729 5.44438 7.35395 6.12585 5.27255 5.51084 7.21313 5.18926
Sel_flota
 0.911434 1 1 1 1
 0.911434 1 1 1 1
 0.911434 1 1 1 1
 0.911434 1 1 1 1
 0.911434 1 1 1 1
 0.911434 1 1 1 1
 0.911434 1 1 1 1
 0.911434 1 1 1 1
 0.911434 1 1 1 1
 0.911434 1 1 1 1
 0.911434 1 1 1 1
 0.911434 1 1 1 1
 0.911434 1 1 1 1
 0.911434 1 1 1 1
 0.911434 1 1 1 1
 0.911434 1 1 1 1
 0.911434 1 1 1 1
 0.911434 1 1 1 1
 0.911434 1 1 1 1
 0.911434 1 1 1 1
 0.911434 1 1 1 1
 0.911434 1 1 1 1
 0.911434 1 1 1 1
 0.911434 1 1 1 1
 0.911434 1 1 1 1
 0.911434 1 1 1 1
 0.911434 1 1 1 1
 0.911434 1 1 1 1
 0.911434 1 1 1 1
 0.911434 1 1 1 1
Sel_reclas
 0.689408 0.917836 0.982523 0.996478 0.999298
 0.689408 0.917836 0.982523 0.996478 0.999298
 0.689408 0.917836 0.982523 0.996478 0.999298
 0.689408 0.917836 0.982523 0.996478 0.999298
 0.689408 0.917836 0.982523 0.996478 0.999298
 0.689408 0.917836 0.982523 0.996478 0.999298
 0.689408 0.917836 0.982523 0.996478 0.999298
 0.689408 0.917836 0.982523 0.996478 0.999298
 0.689408 0.917836 0.982523 0.996478 0.999298
 0.689408 0.917836 0.982523 0.996478 0.999298
 0.689408 0.917836 0.982523 0.996478 0.999298
 0.689408 0.917836 0.982523 0.996478 0.999298
 0.689408 0.917836 0.982523 0.996478 0.999298
 0.689408 0.917836 0.982523 0.996478 0.999298
 0.689408 0.917836 0.982523 0.996478 0.999298
 0.689408 0.917836 0.982523 0.996478 0.999298
 0.689408 0.917836 0.982523 0.996478 0.999298
 0.689408 0.917836 0.982523 0.996478 0.999298
 0.689408 0.917836 0.982523 0.996478 0.999298
 0.689408 0.917836 0.982523 0.996478 0.999298
 0.689408 0.917836 0.982523 0.996478 0.999298
 0.689408 0.917836 0.982523 0.996478 0.999298
 0.689408 0.917836 0.982523 0.996478 0.999298
 0.689408 0.917836 0.982523 0.996478 0.999298
 0.689408 0.917836 0.982523 0.996478 0.999298
 0.689408 0.917836 0.982523 0.996478 0.999298
 0.689408 0.917836 0.982523 0.996478 0.999298
 0.689408 0.917836 0.982523 0.996478 0.999298
 0.689408 0.917836 0.982523 0.996478 0.999298
 0.689408 0.917836 0.982523 0.996478 0.999298
Sel_pelaces
 0.845924 1 1 1 1
 0.845924 1 1 1 1
 0.845924 1 1 1 1
 0.845924 1 1 1 1
 0.845924 1 1 1 1
 0.845924 1 1 1 1
 0.845924 1 1 1 1
 0.845924 1 1 1 1
 0.845924 1 1 1 1
 0.845924 1 1 1 1
 0.845924 1 1 1 1
 0.845924 1 1 1 1
 0.845924 1 1 1 1
 0.845924 1 1 1 1
 0.845924 1 1 1 1
 0.845924 1 1 1 1
 0.845924 1 1 1 1
 0.845924 1 1 1 1
 0.845924 1 1 1 1
 0.845924 1 1 1 1
 0.845924 1 1 1 1
 0.845924 1 1 1 1
 0.845924 1 1 1 1
 0.845924 1 1 1 1
 0.845924 1 1 1 1
 0.845924 1 1 1 1
 0.845924 1 1 1 1
 0.845924 1 1 1 1
 0.845924 1 1 1 1
 0.845924 1 1 1 1
pf_obs 
 0.8446 0.082 0.0669 0.0065 0
 0.8095 0.147 0.0364 0.0071 0
 0.9664 0.0169 0.016 0.0007 0
 0.9276 0.0648 0.0075 0.0001 0
 0.7033 0.2144 0.0806 0.0017 0
 0.9318 0.0425 0.0243 0.0014 0
 0.5671 0.3108 0.0964 0.0239 0.0018
 0.0768 0.2599 0.5324 0.112 0.0189
 0.490249 0.384438 0.106611 0.0170017 0.00170017
 0.7925 0.1577 0.0466 0.003 0.0002
 0.840416 0.127587 0.0312969 0.00059994 9.999e-05
 0.8084 0.0986 0.0794 0.0134 0.0002
 0.7335 0.1905 0.0724 0.0035 0.0001
 0.4001 0.4547 0.1325 0.0127 0
 0.49795 0.308269 0.164784 0.0264974 0.00249975
 0.9179 0.0499 0.0305 0.0017 0
 0.2467 0.6533 0.0926 0.0074 0
 0.9418 0.0223 0.034 0.0019 0
 0.707729 0.231977 0.0356964 0.0245975 0
 0.517169 0.277429 0.184464 0.0207286 0.00020938
 0.811772 0.124168 0.05621 0.00726502 0.000585176
 0.764997 0.148141 0.077277 0.00933861 0.000247198
 0.163321 0.427699 0.378323 0.0303852 0.000271297
 0.753843 0.0900009 0.118128 0.0371064 0.000921714
 0.721811 0.176058 0.0630433 0.0369309 0.00215725
 0.143369 0.312575 0.442814 0.0836902 0.0175525
 0.692698 0.0596174 0.167031 0.0765114 0.00414204
 0.394062 0.376323 0.152708 0.0712218 0.00568511
 0.125707 0.32114 0.495352 0.0537591 0.00404204
 0.23352 0.215282 0.420074 0.123614 0.00750983
pf_pred 
 0.453071 0.0950431 0.431321 0.0205646 7.30674e-07
 0.431227 0.271473 0.0516637 0.234458 0.0111789
 0.556407 0.202352 0.115143 0.0219128 0.104185
 0.834011 0.0964542 0.0317192 0.018049 0.0197662
 0.654478 0.292861 0.0306006 0.0100631 0.0119971
 0.695611 0.205671 0.0836723 0.00874279 0.00630272
 0.449887 0.393854 0.105582 0.0429535 0.00772367
 0.407825 0.281715 0.222274 0.0595859 0.0286
 0.460246 0.232538 0.146152 0.115314 0.0457503
 0.630198 0.179421 0.0820204 0.0515505 0.0568105
 0.748678 0.16433 0.0422067 0.0192944 0.0254907
 0.717636 0.216372 0.0431501 0.0110827 0.0117597
 0.693641 0.226525 0.0611755 0.0122 0.00645832
 0.641447 0.256849 0.0752009 0.0203088 0.0061941
 0.736443 0.176115 0.0626392 0.0183397 0.00646341
 0.91054 0.0677126 0.0145321 0.00516868 0.00204663
 0.466095 0.490654 0.0327368 0.00702579 0.00348836
 0.880558 0.0587346 0.0557899 0.00372234 0.00119551
 0.646443 0.315032 0.0189441 0.0179943 0.00158619
 0.63314 0.246118 0.107585 0.00646953 0.00668688
 0.740832 0.17039 0.0595596 0.0260353 0.0031838
 0.743301 0.195115 0.0404882 0.0141526 0.00694308
 0.392143 0.463815 0.109486 0.0227193 0.0118375
 0.743602 0.106741 0.114194 0.0269559 0.00850806
 0.647681 0.268489 0.0348992 0.037336 0.0115951
 0.482162 0.346966 0.130215 0.0169258 0.0237312
 0.736957 0.13327 0.0869511 0.0326323 0.0101888
 0.687203 0.236377 0.0387182 0.0252613 0.0124406
 0.417448 0.412392 0.128588 0.0210625 0.0205097
 0.525008 0.209719 0.187788 0.0585542 0.0189305
pobs_RECLAS
 0 0 0 0 0
 0 0 0 0 0
 0 0 0 0 0
 0 0 0 0 0
 0 0 0 0 0
 0 0 0 0 0
 0 0 0 0 0
 0 0 0 0 0
 0 0 0 0 0
 0 0 0 0 0
 0.991045 0.00858322 0.000360255 1.14367e-05 0
 0.934742 0.0480273 0.0164251 0.00080598 0
 0.827803 0.169806 0.00239088 0 0
 0.941827 0.0461693 0.0120037 0 0
 0.791401 0.0380133 0.147996 0.0225897 0
 0.846168 0.0940531 0.0597789 0 0
 0.134021 0.677848 0.182769 0.00536245 0
 0.80878 0.0450904 0.141981 0.00414843 0
 0.846168 0.0940531 0.0597789 0 0
 0.905697 0.0802665 0.012482 0.00150086 5.37128e-05
 0.989698 0.0102097 9.19794e-05 0 0
 0.975433 0.0193895 0.00387452 0.00125025 5.28907e-05
 0.303575 0.632131 0.0575291 0.00676475 0
 0.966965 0.00978017 0.0227588 0.000495775 0
 0.843318 0.132988 0.00938335 0.0141283 0.000182051
 0.564624 0.303363 0.111486 0.0197234 0.00080311
 0.826376 0.0876187 0.0782897 0.00655872 0.00115652
 0.89761 0.0855135 0.0140674 0.00269457 0.000114338
 0.34875 0.467042 0.161289 0.0227151 0.000203297
 0.318654 0.224769 0.449479 0.00709798 0
ppred_RECLAS
 0.39218 0.0997584 0.484626 0.0234343 8.34993e-07
 0.374835 0.285959 0.0582559 0.26813 0.0128206
 0.497983 0.219483 0.133694 0.0258044 0.123035
 0.800507 0.112182 0.0394913 0.0227907 0.0250296
 0.606816 0.329366 0.0368405 0.0122871 0.01469
 0.64804 0.232314 0.101173 0.0107215 0.00775106
 0.39796 0.421974 0.121093 0.0499634 0.00900958
 0.353253 0.296024 0.250025 0.0679772 0.03272
 0.402372 0.246405 0.165782 0.13266 0.0527812
 0.574661 0.198198 0.09699 0.0618248 0.068326
 0.705067 0.1877 0.0516068 0.0239266 0.0317
 0.673639 0.245705 0.0524532 0.0136635 0.0145392
 0.647356 0.255797 0.0739494 0.0149569 0.00794017
 0.591975 0.286229 0.0897092 0.024571 0.00751527
 0.692575 0.200439 0.0763153 0.0226611 0.00800902
 0.891991 0.0802727 0.0184419 0.00665244 0.0026416
 0.417349 0.532242 0.0380144 0.00827432 0.00411989
 0.854486 0.0690368 0.0701973 0.00475014 0.00152993
 0.599708 0.353656 0.0227655 0.0219313 0.00193871
 0.582006 0.273905 0.12817 0.00781686 0.00810233
 0.696973 0.194196 0.0726652 0.0322153 0.00395069
 0.701391 0.222905 0.0495148 0.0175537 0.00863596
 0.343432 0.492306 0.124401 0.0261811 0.0136798
 0.696334 0.121167 0.138763 0.0332209 0.0105151
 0.598123 0.30055 0.04182 0.0453755 0.0141317
 0.428413 0.373788 0.150168 0.0197966 0.0278348
 0.690197 0.151308 0.105677 0.0402234 0.0125945
 0.640022 0.266913 0.0468013 0.0309688 0.0152945
 0.366466 0.438923 0.146506 0.0243384 0.0237666
 0.466712 0.225975 0.216605 0.068499 0.0222083
pobs_PELACES
 0 0 0 0 0
 0 0 0 0 0
 0 0 0 0 0
 0 0 0 0 0
 0 0 0 0 0
 0 0 0 0 0
 0 0 0 0 0
 0 0 0 0 0
 0 0 0 0 0
 0 0 0 0 0
 0 0 0 0 0
 0 0 0 0 0
 0 0 0 0 0
 0 0 0 0 0
 0 0 0 0 0
 0 0 0 0 0
 0.505614 0.472636 0.0217494 0 0
 0 0 0 0 0
 0.443492 0.261883 0.143347 0.151278 0
 0.227955 0.32914 0.350689 0.0885471 0.00366901
 0.970185 0.0296113 0.000203453 0 0
 0.997202 0.00247181 0.000326279 0 0
 0.445219 0.490057 0.0546422 0.010081 0
 0.90214 0.0892962 0.00764917 0.000914606 0
 0 0 0 0 0
 0.581667 0.319106 0.0959925 0.00289975 0.000334073
 0.762889 0.0836404 0.116647 0.0363945 0.000428098
 0.88444 0.0763242 0.0277011 0.0115352 0
 0.521256 0.241999 0.230069 0.00667565 0
 0.616807 0.101726 0.260614 0.0208532 0
ppred_PELACES
 0.435474 0.098101 0.445198 0.0212262 7.54182e-07
 0.414475 0.279468 0.0531853 0.241363 0.0115082
 0.539332 0.210141 0.119575 0.0227563 0.108195
 0.824335 0.102077 0.0335683 0.0191012 0.0209185
 0.637831 0.306971 0.0320749 0.0105479 0.0125751
 0.680403 0.215947 0.0878527 0.00917959 0.00661761
 0.433477 0.405603 0.108731 0.0442348 0.00795407
 0.390234 0.290084 0.228877 0.0613559 0.0294496
 0.443067 0.239939 0.150803 0.118984 0.0472063
 0.614392 0.187089 0.085526 0.0537538 0.0592386
 0.73482 0.173391 0.044534 0.0203583 0.0268963
 0.704892 0.226137 0.0450976 0.0115829 0.0122905
 0.680151 0.2365 0.0638694 0.0127372 0.00674271
 0.628486 0.266134 0.0779193 0.0210429 0.00641801
 0.72394 0.184469 0.0656108 0.0192097 0.00677003
 0.90525 0.071717 0.0153915 0.00547434 0.00216766
 0.449366 0.506028 0.0337626 0.00724594 0.00359767
 0.873354 0.062277 0.0591547 0.00394685 0.00126762
 0.63189 0.328 0.0197239 0.018735 0.00165149
 0.617936 0.256318 0.112044 0.00673765 0.006964
 0.727697 0.179025 0.0625781 0.0273548 0.00334516
 0.730714 0.204682 0.0424735 0.0148466 0.00728352
 0.375789 0.476294 0.112431 0.0233305 0.012156
 0.730039 0.112387 0.120234 0.0283819 0.00895813
 0.631593 0.280749 0.0364928 0.0390409 0.0121245
 0.4645 0.3588 0.134656 0.0175031 0.0245406
 0.723134 0.140274 0.0915204 0.0343472 0.0107242
 0.671802 0.248015 0.0406246 0.0265052 0.0130531
 0.400373 0.424479 0.132357 0.0216799 0.0211108
 0.507632 0.217391 0.194658 0.0606963 0.019623
pobs_pel_tallas
 0 0 0 0 0 0 0 0 0 0 0 0 0 0 0 0 0 0 0 0 0 0 0 0 0 0
 0 0 0 0 0 0 0 0 0 0 0 0 0 0 0 0 0 0 0 0 0 0 0 0 0 0
 0 0 0 0 0 0 0 0 0 0 0 0 0 0 0 0 0 0 0 0 0 0 0 0 0 0
 0 0 0 0 0 0 0 0 0 0 0 0 0 0 0 0 0 0 0 0 0 0 0 0 0 0
 0 0 0 0 0 0 0 0 0 0 0 0 0 0 0 0 0 0 0 0 0 0 0 0 0 0
 0 0 0 0 0 0 0 0 0 0 0 0 0 0 0 0 0 0 0 0 0 0 0 0 0 0
 0 0 0 0 0 0 0 0 0 0 0 0 0 0 0 0 0 0 0 0 0 0 0 0 0 0
 0 0 0 0 0 0 0 0 0 0 0 0 0 0 0 0 0 0 0 0 0 0 0 0 0 0
 0 0 0 0 0 0 0 0 0 0 0 0 0 0 0 0 0 0 0 0 0 0 0 0 0 0
 0 0 0 0 0 0 0 0 0 0 0 0 0 0 0 0 0 0 0 0 0 0 0 0 0 0
 0 0 0 0 0 0 0 0 0 0 0 0 0 0 0 0 0 0 0 0 0 0 0 0 0 0
 0 0 0 0 0 0 0 0 0 0 0 0 0 0 0 0 0 0 0 0 0 0 0 0 0 0
 0.00862536 0 0 0.000197151 0.00414017 0.0128641 0.00837892 0.0270097 0.101434 0.158115 0.152841 0.127902 0.109271 0.109419 0.0830992 0.0579132 0.0238553 0.00714673 0.00463305 0.00128148 0.00103504 0.000492878 0.000147863 0.000147863 4.92878e-05 0
 0 0 0 0 0 0 0 0 0 0 0 0 0 0 0 0 0 0 0 0 0 0 0 0 0 0
 0 0 0 0 0 0 0 0.0054083 0.00873648 0.0413646 0.0450493 0.0745869 0.0622846 0.0627006 0.0613931 0.0827291 0.12552 0.122667 0.0946155 0.0697135 0.0546179 0.0294188 0.0215738 0.0213955 0.0102223 0.00600262
 0 0 0 0 0.00359764 0.0251062 0.0480494 0.140153 0.205849 0.193036 0.1447 0.116669 0.0760912 0.0342217 0.00950174 0.001854 0.000860785 0 0 0 0.000165536 0 0.000143464 0 0 0
 0 0 0 0 0 0 0 0.000145254 0.000435761 0.0275982 0.070085 0.0708112 0.156366 0.174668 0.174014 0.160142 0.0824315 0.0480064 0.0283245 0.00493863 0.00203355 0 0 0 0 0
 0 0 0 0 0 0 0 0 0 0 0 0 0 0 0 0 0 0 0 0 0 0 0 0 0 0
 0 0 1.00437e-05 0.000401748 0.00122533 0.00171747 0.00176769 0.0269171 0.070346 0.194647 0.189555 0.159765 0.064822 0.0314167 0.0384472 0.0292271 0.0345202 0.0313363 0.0194345 0.0106764 0.0143323 0.0359363 0.0279516 0.0138201 0.00172751 0
 0 0.0021121 0.0136068 0.0755702 0.200478 0.177729 0.0527432 0.0373336 0.0318909 0.0142505 0.0149659 0.0166563 0.0217959 0.0798694 0.0677717 0.0528807 0.04013 0.0224614 0.0357745 0.0225083 0.00881397 0.00855152 0.00135912 0.000746735 0 0
 0 0 0 0 5.4009e-05 0.00500934 0.000945158 0.0243581 0.138947 0.33067 0.221406 0.137944 0.0707744 0.0437923 0.0131692 0.00525238 0.0047753 0.00276346 9.45158e-05 9.00151e-06 2.25038e-05 9.00151e-06 4.50075e-06 0 0 0
 0.000866109 0.00284123 0.00948549 0.0512746 0.133035 0.25785 0.225252 0.132002 0.0553304 0.0519788 0.0540692 0.017754 0.00435017 0.00159236 0.00146478 0.000404838 0.000125132 0.000115318 0.000107957 0.000100596 0 0 0 0 0 0
 0 0 0 0 0.00144013 0.00171154 0.00461396 0.0210425 0.0478622 0.0707936 0.0888783 0.103762 0.0637923 0.0337046 0.0602308 0.124433 0.169614 0.0934646 0.0462172 0.0250306 0.0313229 0.00938855 0.002487 0.000210481 0 0
 0 0.00764035 0.051015 0.0998891 0.058973 0.0496711 0.0374665 0.0718981 0.12319 0.153886 0.159021 0.0857701 0.0377988 0.023471 0.0147837 0.00900784 0.00315554 0.000888139 0.00291439 0.00214683 0.00393193 0.00274676 0.000635225 9.99891e-05 0 0
 0 0 0 0 0 0 0 0 0 0 0 0 0 0 0 0 0 0 0 0 0 0 0 0 0 0
 0 0 0 0 0 0 0 0 0 0 0 0 0 0 0 0 0 0 0 0 0 0 0 0 0 0
 0 0 0 0 0 0 0 0 0 0 0 0 0 0 0 0 0 0 0 0 0 0 0 0 0 0
 0 0 0 0 0 0 0 0 0 0 0 0 0 0 0 0 0 0 0 0 0 0 0 0 0 0
 0 0 0 0 0 0 0 0 0 0 0 0 0 0 0 0 0 0 0 0 0 0 0 0 0 0
 0 0 0 0 0 0 0 0 0 0 0 0 0 0 0 0 0 0 0 0 0 0 0 0 0 0
ppred_pel_tallas
 1.15002e-16 3.58694e-05 0.000348664 0.00231699 0.0105327 0.0327713 0.069823 0.101911 0.101921 0.0698728 0.0329404 0.0110298 0.00359698 0.0032492 0.00585532 0.0104316 0.0169003 0.0251477 0.0349304 0.0458961 0.0573725 0.0680198 0.0757915 0.0785408 0.0750394 0.0657251
 1.2776e-16 3.41398e-05 0.000331851 0.00220527 0.0100248 0.0311911 0.066457 0.0970017 0.0970287 0.0665892 0.0316353 0.0113095 0.00543626 0.00740773 0.0135433 0.0225351 0.0329666 0.042625 0.0493935 0.052588 0.0534748 0.0543831 0.0570406 0.0614005 0.065725 0.0676717
 1.24097e-16 4.44241e-05 0.000431818 0.00286958 0.0130447 0.0405871 0.0864758 0.126218 0.126239 0.0865757 0.0409229 0.0140168 0.00531807 0.00580543 0.0103354 0.0172454 0.0253912 0.0331333 0.0388671 0.0419746 0.0432084 0.0440921 0.0458004 0.0484021 0.050934 0.0520668
 1.06451e-16 6.78994e-05 0.000660006 0.00438597 0.019938 0.0620346 0.132172 0.19291 0.19292 0.13222 0.0621968 0.0204071 0.00556563 0.00324216 0.0049928 0.00820316 0.0119477 0.015326 0.0174818 0.0180579 0.017412 0.0163498 0.0155847 0.0153463 0.0153751 0.0152023
 1.04191e-16 5.25374e-05 0.000510682 0.00339366 0.0154271 0.0479996 0.102269 0.149271 0.149301 0.102414 0.0484847 0.0168281 0.00690955 0.00818366 0.0146185 0.0240681 0.0346302 0.0434784 0.0477742 0.0462253 0.0398671 0.0313732 0.0234655 0.0176502 0.0140075 0.0117966
 1.04631e-16 5.6044e-05 0.000544767 0.00362017 0.0164568 0.0512033 0.109095 0.159231 0.159252 0.109197 0.0515467 0.0174497 0.00611682 0.00600929 0.0104761 0.0173398 0.0252275 0.0322538 0.0365159 0.0371082 0.0346029 0.0305484 0.026424 0.0229052 0.0198773 0.0169418
 1.09024e-16 3.5705e-05 0.000347065 0.00230637 0.0104845 0.0326213 0.0695045 0.101452 0.101491 0.069696 0.0332646 0.0123437 0.00697792 0.0105603 0.0194775 0.0322628 0.0467546 0.0593961 0.0665778 0.0666419 0.0608284 0.0523223 0.044205 0.0379388 0.0332823 0.0292273
 1.17816e-16 3.21431e-05 0.000312443 0.00207629 0.00943854 0.029367 0.0625705 0.0913293 0.0913576 0.0627088 0.0298322 0.0107865 0.00547524 0.0077836 0.0143723 0.0241069 0.0356589 0.0468167 0.0553154 0.0600972 0.0618018 0.0619924 0.0617987 0.061146 0.0590864 0.0547371
 1.24335e-16 3.64949e-05 0.000354744 0.0023574 0.0107164 0.0333428 0.0710413 0.103692 0.103715 0.0711555 0.0337271 0.0118293 0.00516266 0.00651836 0.0118613 0.0198702 0.0293877 0.0386213 0.0458058 0.0502597 0.0527713 0.0548743 0.0575815 0.0606101 0.0626152 0.0620929
 1.17932e-16 5.06067e-05 0.000491915 0.00326895 0.0148602 0.0462357 0.0985106 0.143783 0.143801 0.0985994 0.046534 0.0157236 0.00544249 0.00525791 0.0091658 0.0152447 0.0223728 0.029049 0.0338134 0.0361009 0.0365931 0.0366859 0.0374794 0.0390866 0.0406923 0.0411567
 1.07923e-16 6.05262e-05 0.000588336 0.0039097 0.017773 0.0552983 0.11782 0.171965 0.171981 0.117901 0.0555734 0.018568 0.00590747 0.0049568 0.00837918 0.0138166 0.0200433 0.0255258 0.0287578 0.0290866 0.0271079 0.0242362 0.0217971 0.0203466 0.019624 0.0189764
 1.04601e-16 5.8061e-05 0.000564374 0.00375046 0.0170491 0.0530461 0.113021 0.164962 0.164984 0.113128 0.0534042 0.0180837 0.0063487 0.00624037 0.0108498 0.0178771 0.0258236 0.0326388 0.0362741 0.035794 0.0319246 0.0265333 0.0214735 0.0176992 0.0151646 0.013307
 1.04323e-16 5.60231e-05 0.000544565 0.00361883 0.0164507 0.0511843 0.109054 0.159173 0.159196 0.109166 0.0515593 0.0175345 0.0063418 0.00649685 0.0113841 0.0187933 0.0272117 0.0345231 0.0386008 0.038455 0.0347916 0.0294683 0.0243121 0.0202382 0.0171895 0.0146567
 1.05514e-16 5.17676e-05 0.0005032 0.00334394 0.0152011 0.0472964 0.100771 0.147083 0.147109 0.100897 0.0477186 0.0164216 0.00641081 0.00720919 0.01282 0.0211972 0.0307301 0.039065 0.0438288 0.0439197 0.0401259 0.0345059 0.0290583 0.0247445 0.0214412 0.018547
 1.05013e-16 5.963e-05 0.000579625 0.00385181 0.0175098 0.0544796 0.116075 0.169419 0.169437 0.116162 0.0547727 0.0183572 0.00598229 0.0052414 0.00894543 0.0147791 0.0214839 0.0274389 0.0310271 0.0315009 0.0293927 0.0260753 0.0228458 0.0202701 0.0181823 0.0161313
 1.01379e-16 7.45642e-05 0.000724791 0.00481649 0.0218951 0.0681237 0.145145 0.211845 0.211852 0.145179 0.0682373 0.0222233 0.00564095 0.0025262 0.00350053 0.00568169 0.00820748 0.0103852 0.0115639 0.0114467 0.0102598 0.00858696 0.0070043 0.00580335 0.00496431 0.00431272
 1.0244e-16 3.70138e-05 0.000359787 0.00239091 0.0108688 0.0338171 0.0720526 0.105173 0.105222 0.0722906 0.034616 0.0131755 0.00817802 0.012983 0.0239813 0.0395098 0.0567295 0.0709551 0.0774346 0.0739762 0.0622722 0.0467939 0.0321809 0.0211367 0.0140309 0.00983481
 1.02334e-16 7.1937e-05 0.000699253 0.00464678 0.0211236 0.0657234 0.140031 0.204381 0.204387 0.140061 0.0658236 0.0214138 0.00537893 0.00230996 0.0031673 0.00521688 0.00772765 0.0101734 0.0120529 0.0131088 0.0134269 0.0132827 0.0128763 0.0121995 0.0111247 0.00959294
 1.02812e-16 5.2048e-05 0.000505925 0.00336205 0.0152834 0.0475526 0.101317 0.147882 0.147913 0.101471 0.0480704 0.0167787 0.00711366 0.00868979 0.0155775 0.025626 0.0368084 0.0460792 0.0503782 0.0483128 0.0410063 0.0313674 0.0223819 0.0157395 0.011584 0.0091472
 1.05154e-16 5.08987e-05 0.000494753 0.00328781 0.0149459 0.0465024 0.0990793 0.144614 0.144639 0.0992006 0.0469102 0.0161252 0.00625353 0.00698746 0.0124358 0.020619 0.0300236 0.0384317 0.043588 0.0444074 0.0415416 0.0367876 0.0318608 0.0275428 0.0237147 0.0199554
 1.05162e-16 5.99395e-05 0.000582633 0.0038718 0.0176007 0.0547623 0.116677 0.170298 0.170315 0.116762 0.0550467 0.0184232 0.00593965 0.00510764 0.00868597 0.0143499 0.0208672 0.0266693 0.0301959 0.0307324 0.0288044 0.0257444 0.0227964 0.0204777 0.0185854 0.0166442
 1.04e-16 6.0188e-05 0.000585049 0.00388786 0.0176736 0.0549894 0.117161 0.171005 0.171024 0.117258 0.0553135 0.0186103 0.00624036 0.0057248 0.00983405 0.0161958 0.0234044 0.0296024 0.0329394 0.0325692 0.0291425 0.0243346 0.0198012 0.0163838 0.0140286 0.0122309
 1.07764e-16 3.09533e-05 0.000300877 0.00199944 0.00908918 0.0282801 0.0602553 0.0879541 0.0880001 0.0604801 0.0290348 0.01127 0.00747723 0.0122709 0.0227994 0.0377351 0.0545718 0.0690793 0.0769487 0.076178 0.0682192 0.0568926 0.0459902 0.0374672 0.0312779 0.0263977
 1.07861e-16 6.01323e-05 0.000584508 0.00388426 0.0176573 0.0549384 0.117053 0.170844 0.170855 0.117106 0.0551197 0.0181832 0.00521265 0.00351217 0.00570204 0.00954579 0.0142479 0.0189739 0.0228943 0.0256055 0.0272826 0.0283684 0.0290805 0.0291876 0.0282205 0.0258807
 1.07092e-16 5.20236e-05 0.000505688 0.00336047 0.0152762 0.0475302 0.101269 0.147811 0.147838 0.101401 0.0479743 0.0165592 0.00658134 0.00753898 0.0134164 0.022118 0.031911 0.0402596 0.0446338 0.0439159 0.0390856 0.0325554 0.0266923 0.022668 0.0203113 0.0187352
 1.09886e-16 3.82603e-05 0.000371904 0.00247143 0.0112348 0.0349558 0.0744784 0.108711 0.108745 0.0746481 0.035526 0.0128835 0.00661658 0.00944273 0.0173299 0.0287583 0.0418201 0.0534229 0.060419 0.0613387 0.0571965 0.0506472 0.0442173 0.0390406 0.0348523 0.0308336
 1.07937e-16 5.95636e-05 0.00057898 0.00384753 0.0174903 0.0544189 0.115946 0.169229 0.169243 0.116012 0.0546433 0.01814 0.00548455 0.00417294 0.00694523 0.0115461 0.0170013 0.022174 0.025941 0.0277911 0.0280777 0.0276469 0.0271595 0.0266765 0.0257773 0.0239978
 1.06103e-16 5.53355e-05 0.00053788 0.00357441 0.0162487 0.050556 0.107716 0.157219 0.157243 0.107833 0.0509486 0.0173828 0.00642212 0.00675783 0.0118785 0.0195788 0.0282703 0.0357127 0.0396717 0.0391489 0.0349829 0.0292663 0.0240553 0.0203726 0.0180901 0.0164771
 1.09675e-16 3.29783e-05 0.000320561 0.00213024 0.00968379 0.0301301 0.0641968 0.0937058 0.0937468 0.0643974 0.0308038 0.0116312 0.00702422 0.0110232 0.0204154 0.0338457 0.049098 0.0624679 0.0701812 0.0704813 0.0646136 0.05584 0.0473251 0.0405868 0.0354268 0.0308913
 1.15081e-16 4.1813e-05 0.000406437 0.00270092 0.012278 0.0382015 0.0813932 0.1188 0.118821 0.081497 0.0385511 0.0132911 0.00525759 0.00603277 0.0108603 0.0182381 0.0270929 0.0358117 0.0427532 0.047152 0.0494511 0.0507022 0.0515616 0.0517646 0.0504447 0.0468944
pSPR Fmed_Fpbrs
0.731957   0.188748 0.188748
Fs Fmed_Fpbrs
0.154524   1.005 1.005
SSBpbr Bo_Bmed_Bpbrs
2.40779e+06  1.64201e+06  334075 334075
Ro
235106
SPR SPRFo_SPRFmed_SPRFpbrs
1.67357e+06 1.22498e+06 315883
Fref
1.005
log_Ro
12.1878
likeval ReclasPelacesDesembMPH_pf_preclas_ppelaces_ptallas_desvR_qrecl_qpela
 28.0403 17.8051 0.237909 0.00327301 231.565 112.87 76.9679 0 18.3895 0 0 1.20043 0 0 0
q_reclas_q_pelaces
1 1
M
1
N
 257874 49465.1 224481 10702.8 0.380279
 151552 87454.2 16643.3 75530 3601.25
 144823 48265 27464 5226.64 24850.3
 437955 46440.8 15272.2 8690.24 9517.02
 338837 138436 14465 4756.84 5671.04
 441104 119305 48536.2 5071.47 3656.05
 184189 148082 39697 16149.8 2903.97
 88594.2 55847 44063.5 11812.3 5669.64
 68310.4 31615.7 19870.7 15678.1 6220.17
 84689.8 22129.2 10116.1 6358.08 7006.83
 130181 26101.1 6703.84 3064.6 4048.78
 163060 45319.2 9037.81 2321.28 2463.09
 148359 44637.4 12054.8 2404.04 1272.63
 111173 41227.9 12070.8 3259.85 994.24
 120841 26607.8 9463.68 2770.8 976.507
 498578 34143.6 7327.72 2606.27 1032
 145213 140277 9359.38 2008.66 997.316
 733400 44915.5 42663.7 2846.55 914.234
 498050 223546 13442.7 12768.7 1125.56
 390429 139573 61011.5 3668.86 3792.11
 540090 113999 39848.1 17418.8 2130.11
 690755 166746 34601.3 12094.8 5933.56
 186262 201847 47646.9 9887.17 5151.54
 456742 60025.7 64217 15158.7 4784.52
 395296 150046 19503.6 20865.4 6479.96
 196558 129389 48559.1 6311.9 8849.73
 398597 65981.7 43049.2 16156.2 5044.44
 418061 131559 21549.2 14059.6 6923.99
 154799 139917 43627.5 7146.12 6958.55
 141343 51709.7 46302.3 14437.5 4667.63
pred_Ctot
 12821.4 2689.61 12205.9 581.954 0.0206772
 13018.9 8195.87 1559.75 7078.38 337.496
 11879.4 4320.26 2458.34 467.843 2224.38
 39453.4 4562.82 1500.49 853.819 935.05
 9220.13 4125.76 431.094 141.766 169.012
 24566.7 7263.63 2955.03 308.767 222.592
 20794.4 18204.5 4880.15 1985.37 356.999
 1681.76 1161.72 916.597 245.716 117.939
 5210.04 2632.36 1654.46 1305.37 517.899
 8811.37 2508.64 1146.8 720.774 794.319
 4439.2 974.378 250.26 114.404 151.144
 27015.4 8145.31 1624.39 417.209 442.696
 23469.2 7664.45 2069.86 412.784 218.516
 25423.7 10180.2 2980.57 804.935 245.502
 18102 4328.95 1539.69 450.795 158.873
 75760.6 5633.96 1209.13 430.055 170.288
 14822.9 15603.9 1041.11 223.436 110.938
 80710 5383.48 5113.58 341.182 109.578
 76680.8 37369 2247.14 2134.48 188.154
 51883.3 20168.4 8816.2 530.152 547.963
 55676.2 12805.4 4476.12 1956.65 239.274
 91510.8 24021.4 4984.67 1742.39 854.791
 14757.5 17454.7 4120.25 854.99 445.478
 31181.7 4475.98 4788.52 1130.35 356.771
 27811.9 11529.1 1498.6 1603.24 497.901
 10955.1 7883.38 2958.6 384.57 539.194
 26136.5 4726.49 3083.76 1157.32 361.35
 24033.6 8266.82 1354.1 883.467 435.085
 9070.91 8961.05 2794.15 457.678 445.664
 10362 4139.17 3706.33 1155.67 373.626
F
 0.0813549 0.0892604 0.0892604 0.0892604 0.0892604
 0.144224 0.158239 0.158239 0.158239 0.158239
 0.137331 0.150676 0.150676 0.150676 0.150676
 0.151706 0.166447 0.166447 0.166447 0.166447
 0.0438401 0.0481002 0.0481002 0.0481002 0.0481002
 0.0915117 0.100404 0.100404 0.100404 0.100404
 0.19335 0.212138 0.212138 0.212138 0.212138
 0.0304133 0.0333687 0.0333687 0.0333687 0.0333687
 0.127164 0.139521 0.139521 0.139521 0.139521
 0.177016 0.194217 0.194217 0.194217 0.194217
 0.0551982 0.0605619 0.0605619 0.0605619 0.0605619
 0.295549 0.324268 0.324268 0.324268 0.324268
 0.280523 0.307783 0.307783 0.307783 0.307783
 0.42988 0.471653 0.471653 0.471653 0.471653
 0.263897 0.28954 0.28954 0.28954 0.28954
 0.268141 0.294197 0.294197 0.294197 0.294197
 0.173419 0.19027 0.19027 0.19027 0.19027
 0.188072 0.206348 0.206348 0.206348 0.206348
 0.272114 0.298556 0.298556 0.298556 0.298556
 0.231058 0.253511 0.253511 0.253511 0.253511
 0.175266 0.192297 0.192297 0.192297 0.192297
 0.230275 0.252652 0.252652 0.252652 0.252652
 0.13238 0.145243 0.145243 0.145243 0.145243
 0.113176 0.124174 0.124174 0.124174 0.124174
 0.11681 0.128161 0.128161 0.128161 0.128161
 0.0915817 0.100481 0.100481 0.100481 0.100481
 0.108495 0.119037 0.119037 0.119037 0.119037
 0.0945794 0.10377 0.10377 0.10377 0.10377
 0.0964805 0.105856 0.105856 0.105856 0.105856
 0.12197 0.133822 0.133822 0.133822 0.133822
nmprior
 8 8 7 0
nm_flota  nm_reclas  nm_pelaces    nm_pelaL
inf 9.67198 14.8497 25.4718
cv_recla  cv_pelaces  cv_mph
0.49025 0.49652 1.76555
 ------------------------------------------------
Talla a la edad & desviación 
 8 13.2811 15.8009 17.003 17.5766
 0.8 1.32811 1.58009 1.7003 1.75766
