years
 1991 1992 1993 1994 1995 1996 1997 1998 1999 2000 2001 2002 2003 2004 2005 2006 2007 2008 2009 2010 2011 2012 2013 2014 2015 2016 2017 2018 2019 2020
reclasobs
 0 0 0 0 0 0 0 0 0 252601 567819 844713 477998 351125 339783 2.1784e+06 2.13404e+06 4.81314e+06 1.55562e+06 2.62356e+06 3.21686e+06 3.843e+06 1.13348e+06 3.07943e+06 1.97215e+06 2.03268e+06 2.025e+06 2.42433e+06 2.27542e+06 1.05018e+06
reclaspred
 3.24511e+06 1.67716e+06 848832 761932 692764 2.08742e+06 1.00449e+06 757821 510387 280391 498414 764877 753286 524241 452796 1.50015e+06 1.03101e+06 3.60972e+06 2.67374e+06 1.91515e+06 3.20683e+06 2.72193e+06 1.76163e+06 3.11188e+06 2.18517e+06 1.79289e+06 2.34232e+06 2.75136e+06 1.96292e+06 926481
pelacesobs
 0 0 0 0 0 0 0 0 0 0 0 0 0 0 0 552880 188675 0 991730 2.46772e+06 1.41603e+06 1.21717e+06 2.29649e+06 1.80582e+06 0 1.4828e+06 1.56532e+06 1.57751e+06 1.42118e+06 867257
pelacespred
 2.27324e+06 1.18592e+06 542369 341666 381594 1.10093e+06 524326 552111 296475 125937 263261 341595 383716 245422 209838 604518 529594 1.8715e+06 1.54573e+06 986314 1.67049e+06 1.4394e+06 1.11657e+06 1.91126e+06 1.42979e+06 1.21029e+06 1.59419e+06 1.84974e+06 1.35878e+06 678038
mphobs
 0 0 0 0 0 0 0 0 0 0 0 498337 0 5186 125008 0 168611 109162 213762 579715 649985 157893 87575 83554 0 0 0 0 0 0
mphpred
 545212 342555 151340 85265.2 72859.1 89636.2 218886 92626 75508.1 37826.5 18765.6 62712.2 70462.6 54455.6 27958.8 32592.2 162137 107150 372696 226505 239604 291153 290795 193965 327182 254537 189368 227376 363050 195361
desembarqueobs
 494567 514787 250237 358949 120608 361735 552515 73892 212993 205616 52469 317467 293654 387597 252695 516296 358380 742168 942051 627588 828172 859565 418607 520667 417249 300574 407403 355545 319650 289779
desembarquepred
 494538 514450 250186 358933 120603 361665 552293 73892.8 212997 205610 52468.4 317420 293568 387319 252576 516080 358384 741842 941368 627057 828121 859213 418509 520605 417130 300513 407314 355441 319554 289713
Reclutas
 130823 88473.3 87289.9 89495.8 67167 222572 61663.1 21884.6 27191.5 36913.9 61082.4 111480 91596.1 66480 50723.8 282631 42674.5 481079 256289 221507 269440 404871 57362.4 206748 166239 65897.9 166924 192154 44978.9 30911.4
log_desv_Rt
 0.276038 -0.115104 -0.12857 -0.103613 -0.390623 0.807446 -0.476119 -1.51202 -1.2949 -0.989216 -0.48558 0.116039 -0.080416 -0.400904 -0.67141 1.04634 -0.844204 1.57823 0.948499 0.802648 0.998541 1.40576 -0.548415 0.733697 0.515619 -0.409699 0.519736 0.660495 -0.791612 -1.16668
SSB
 1.15609e+06 726370 320908 180800 154494 190069 464135 196408 160111 80209 39791.4 132978 149412 115470 59285.1 69109.9 343802 227205 790281 480292 508066 617374 616616 411291 693771 539732 401545 482139 769828 414252
BT
 1.75124e+06 1.20941e+06 560508 532942 362829 1.2215e+06 817326 443258 417641 290175 262979 531445 563510 600234 428652 943722 633132 2.26744e+06 2.01374e+06 1.24401e+06 1.98618e+06 1.8404e+06 1.08266e+06 2.01021e+06 1.34414e+06 1.07169e+06 1.66163e+06 1.79164e+06 1.09253e+06 696024
Ftot
 0.363205 0.703942 0.702719 1.1805 0.462349 0.524735 1.20334 0.249171 1.05214 1.76206 0.333231 1.12308 1.04116 1.86575 1.56422 1.07202 0.819052 0.641249 0.892704 0.86831 0.705791 0.856012 0.562653 0.490339 0.488652 0.41743 0.499382 0.378645 0.372993 0.714973
BD_Bspro_t
 0.943939 0.652502 0.393011 0.292217 0.243483 0.333431 0.464892 0.241181 0.264892 0.183419 0.132143 0.413896 0.312054 0.224865 0.125815 0.146834 0.341416 0.249762 0.458354 0.316704 0.287531 0.326444 0.3491 0.294589 0.444802 0.443277 0.429962 0.507987 0.602459 0.452771
BD_Bspro
 1.6361 1.02796 0.454148 0.255868 0.218639 0.268984 0.656843 0.277956 0.226588 0.113511 0.0563127 0.18819 0.211447 0.163413 0.0839 0.0978041 0.486547 0.321539 1.1184 0.679708 0.719013 0.873705 0.872633 0.582058 0.981823 0.763826 0.568265 0.682321 1.08946 0.586249
BD_Bo
 0.936496 0.588398 0.259953 0.146458 0.125148 0.153966 0.375974 0.159101 0.129698 0.0649735 0.0322332 0.107719 0.121032 0.0935368 0.0480241 0.0559827 0.278498 0.184048 0.640169 0.389062 0.41156 0.500105 0.499491 0.333168 0.561991 0.437211 0.325273 0.390558 0.623601 0.335566
BD_Brms
 4.56132 2.86586 1.26613 0.71334 0.609549 0.749908 1.83123 0.774922 0.631711 0.316461 0.156996 0.524659 0.5895 0.455582 0.233907 0.272671 1.35646 0.896427 3.11802 1.89497 2.00456 2.43582 2.43283 1.62273 2.73725 2.12949 1.58428 1.90226 3.03733 1.63442
Sel_flota
 0.622367 0.969053 0.998322 0.999912 0.999995
 0.622367 0.969053 0.998322 0.999912 0.999995
 0.622367 0.969053 0.998322 0.999912 0.999995
 0.622367 0.969053 0.998322 0.999912 0.999995
 0.622367 0.969053 0.998322 0.999912 0.999995
 0.622367 0.969053 0.998322 0.999912 0.999995
 0.622367 0.969053 0.998322 0.999912 0.999995
 0.622367 0.969053 0.998322 0.999912 0.999995
 0.622367 0.969053 0.998322 0.999912 0.999995
 0.622367 0.969053 0.998322 0.999912 0.999995
 0.622367 0.969053 0.998322 0.999912 0.999995
 0.622367 0.969053 0.998322 0.999912 0.999995
 0.622367 0.969053 0.998322 0.999912 0.999995
 0.622367 0.969053 0.998322 0.999912 0.999995
 0.622367 0.969053 0.998322 0.999912 0.999995
 0.622367 0.969053 0.998322 0.999912 0.999995
 0.622367 0.969053 0.998322 0.999912 0.999995
 0.622367 0.969053 0.998322 0.999912 0.999995
 0.622367 0.969053 0.998322 0.999912 0.999995
 0.622367 0.969053 0.998322 0.999912 0.999995
 0.622367 0.969053 0.998322 0.999912 0.999995
 0.622367 0.969053 0.998322 0.999912 0.999995
 0.622367 0.969053 0.998322 0.999912 0.999995
 0.622367 0.969053 0.998322 0.999912 0.999995
 0.622367 0.969053 0.998322 0.999912 0.999995
 0.622367 0.969053 0.998322 0.999912 0.999995
 0.622367 0.969053 0.998322 0.999912 0.999995
 0.622367 0.969053 0.998322 0.999912 0.999995
 0.622367 0.969053 0.998322 0.999912 0.999995
 0.622367 0.969053 0.998322 0.999912 0.999995
Sel_reclas
 0.994905 1 1 1 1
 0.994905 1 1 1 1
 0.994905 1 1 1 1
 0.994905 1 1 1 1
 0.994905 1 1 1 1
 0.994905 1 1 1 1
 0.994905 1 1 1 1
 0.994905 1 1 1 1
 0.994905 1 1 1 1
 0.994905 1 1 1 1
 0.994905 1 1 1 1
 0.994905 1 1 1 1
 0.994905 1 1 1 1
 0.994905 1 1 1 1
 0.994905 1 1 1 1
 0.994905 1 1 1 1
 0.994905 1 1 1 1
 0.994905 1 1 1 1
 0.994905 1 1 1 1
 0.994905 1 1 1 1
 0.994905 1 1 1 1
 0.994905 1 1 1 1
 0.994905 1 1 1 1
 0.994905 1 1 1 1
 0.994905 1 1 1 1
 0.994905 1 1 1 1
 0.994905 1 1 1 1
 0.994905 1 1 1 1
 0.994905 1 1 1 1
 0.994905 1 1 1 1
Sel_pelaces
 0.560275 0.865089 0.969944 0.99388 0.998778
 0.560275 0.865089 0.969944 0.99388 0.998778
 0.560275 0.865089 0.969944 0.99388 0.998778
 0.560275 0.865089 0.969944 0.99388 0.998778
 0.560275 0.865089 0.969944 0.99388 0.998778
 0.560275 0.865089 0.969944 0.99388 0.998778
 0.560275 0.865089 0.969944 0.99388 0.998778
 0.560275 0.865089 0.969944 0.99388 0.998778
 0.560275 0.865089 0.969944 0.99388 0.998778
 0.560275 0.865089 0.969944 0.99388 0.998778
 0.560275 0.865089 0.969944 0.99388 0.998778
 0.560275 0.865089 0.969944 0.99388 0.998778
 0.560275 0.865089 0.969944 0.99388 0.998778
 0.560275 0.865089 0.969944 0.99388 0.998778
 0.560275 0.865089 0.969944 0.99388 0.998778
 0.560275 0.865089 0.969944 0.99388 0.998778
 0.560275 0.865089 0.969944 0.99388 0.998778
 0.560275 0.865089 0.969944 0.99388 0.998778
 0.560275 0.865089 0.969944 0.99388 0.998778
 0.560275 0.865089 0.969944 0.99388 0.998778
 0.560275 0.865089 0.969944 0.99388 0.998778
 0.560275 0.865089 0.969944 0.99388 0.998778
 0.560275 0.865089 0.969944 0.99388 0.998778
 0.560275 0.865089 0.969944 0.99388 0.998778
 0.560275 0.865089 0.969944 0.99388 0.998778
 0.560275 0.865089 0.969944 0.99388 0.998778
 0.560275 0.865089 0.969944 0.99388 0.998778
 0.560275 0.865089 0.969944 0.99388 0.998778
 0.560275 0.865089 0.969944 0.99388 0.998778
 0.560275 0.865089 0.969944 0.99388 0.998778
pf_obs 
 0.8446 0.082 0.0669 0.0065 0
 0.8095 0.147 0.0364 0.0071 0
 0.9664 0.0169 0.016 0.0007 0
 0.9276 0.0648 0.0075 0.0001 0
 0.7033 0.2144 0.0806 0.0017 0
 0.9318 0.0425 0.0243 0.0014 0
 0.5671 0.3108 0.0964 0.0239 0.0018
 0.0768 0.2599 0.5324 0.112 0.0189
 0.490249 0.384438 0.106611 0.0170017 0.00170017
 0.7925 0.1577 0.0466 0.003 0.0002
 0.840416 0.127587 0.0312969 0.00059994 9.999e-05
 0.8084 0.0986 0.0794 0.0134 0.0002
 0.7335 0.1905 0.0724 0.0035 0.0001
 0.4001 0.4547 0.1325 0.0127 0
 0.49795 0.308269 0.164784 0.0264974 0.00249975
 0.9179 0.0499 0.0305 0.0017 0
 0.2467 0.6533 0.0926 0.0074 0
 0.9418 0.0223 0.034 0.0019 0
 0.707729 0.231977 0.0356964 0.0245975 0
 0.517169 0.277429 0.184464 0.0207286 0.00020938
 0.811772 0.124168 0.05621 0.00726502 0.000585176
 0.764997 0.148141 0.077277 0.00933861 0.000247198
 0.163321 0.427699 0.378323 0.0303852 0.000271297
 0.753843 0.0900009 0.118128 0.0371064 0.000921714
 0.721811 0.176058 0.0630433 0.0369309 0.00215725
 0.143369 0.312575 0.442814 0.0836902 0.0175525
 0.692698 0.0596174 0.167031 0.0765114 0.00414204
 0.394062 0.376323 0.152708 0.0712218 0.00568511
 0.125707 0.32114 0.495352 0.0537591 0.00404204
 0.23352 0.215282 0.420074 0.123614 0.00750983
pf_pred 
 0.514983 0.175466 0.282293 0.0272572 9.49134e-07
 0.50966 0.314225 0.0651528 0.101208 0.00975431
 0.655932 0.224265 0.0779538 0.0155039 0.0263456
 0.712371 0.222906 0.0428091 0.0142706 0.00764336
 0.707657 0.243383 0.0383842 0.00700159 0.00357398
 0.869226 0.105048 0.0215501 0.00327578 0.000900723
 0.416066 0.537035 0.0379558 0.00749356 0.00144926
 0.443529 0.326939 0.211967 0.0142236 0.0033418
 0.619665 0.214928 0.0985098 0.061787 0.00511103
 0.808736 0.146077 0.0260925 0.0113841 0.00771039
 0.891586 0.0984559 0.00772265 0.00129305 0.000942887
 0.807135 0.17958 0.0121037 0.000917013 0.000264998
 0.745309 0.227178 0.0257055 0.00164715 0.000160414
 0.716004 0.241608 0.0380062 0.00409449 0.000287154
 0.813557 0.160152 0.0225887 0.00332077 0.000381442
 0.963795 0.0328157 0.00293596 0.000389824 6.36818e-05
 0.358776 0.629086 0.0110513 0.000941134 0.000144984
 0.947357 0.0265782 0.0255927 0.000430259 4.21852e-05
 0.600752 0.387203 0.00620289 0.00573586 0.000105653
 0.683816 0.23293 0.0808546 0.00123755 0.00116259
 0.762016 0.190704 0.0352396 0.0116941 0.000346274
 0.794402 0.175079 0.0246586 0.0043702 0.00148982
 0.284851 0.627282 0.0753179 0.0101445 0.00240493
 0.795122 0.0833531 0.107097 0.0123705 0.00205683
 0.638929 0.314124 0.0195273 0.0241702 0.00324944
 0.426707 0.429806 0.125445 0.0075129 0.0105281
 0.772833 0.126039 0.0764985 0.0215385 0.00309141
 0.711457 0.246352 0.0238038 0.0139164 0.00447153
 0.304126 0.558706 0.117719 0.0109816 0.00846682
 0.410977 0.247513 0.276092 0.0561578 0.00925991
pobs_RECLAS
 0 0 0 0 0
 0 0 0 0 0
 0 0 0 0 0
 0 0 0 0 0
 0 0 0 0 0
 0 0 0 0 0
 0 0 0 0 0
 0 0 0 0 0
 0 0 0 0 0
 0 0 0 0 0
 0.991045 0.00858322 0.000360255 1.14367e-05 0
 0.934742 0.0480273 0.0164251 0.00080598 0
 0.827803 0.169806 0.00239088 0 0
 0.941827 0.0461693 0.0120037 0 0
 0.791401 0.0380133 0.147996 0.0225897 0
 0.846168 0.0940531 0.0597789 0 0
 0.134021 0.677848 0.182769 0.00536245 0
 0.80878 0.0450904 0.141981 0.00414843 0
 0.846168 0.0940531 0.0597789 0 0
 0.905697 0.0802665 0.012482 0.00150086 5.37128e-05
 0.989698 0.0102097 9.19794e-05 0 0
 0.975433 0.0193895 0.00387452 0.00125025 5.28907e-05
 0.303575 0.632131 0.0575291 0.00676475 0
 0.966965 0.00978017 0.0227588 0.000495775 0
 0.843318 0.132988 0.00938335 0.0141283 0.000182051
 0.564624 0.303363 0.111486 0.0197234 0.00080311
 0.826376 0.0876187 0.0782897 0.00655872 0.00115652
 0.89761 0.0855135 0.0140674 0.00269457 0.000114338
 0.34875 0.467042 0.161289 0.0227151 0.000203297
 0.318654 0.224769 0.449479 0.00709798 0
ppred_RECLAS
 0.629603 0.136668 0.213179 0.0205498 7.15508e-07
 0.626863 0.241992 0.0485697 0.0753168 0.00725825
 0.75487 0.161612 0.0543781 0.0107962 0.0183442
 0.804544 0.152696 0.0283012 0.00941633 0.0050429
 0.793258 0.173022 0.0264455 0.00481579 0.00245802
 0.913632 0.0698085 0.0138751 0.00210555 0.000578901
 0.541311 0.423054 0.0288512 0.00568513 0.0010994
 0.557685 0.263143 0.165481 0.0110862 0.00260445
 0.72987 0.154995 0.068621 0.0429603 0.00355334
 0.880891 0.091845 0.0157581 0.00686038 0.00464595
 0.928203 0.0653861 0.00497315 0.000831316 0.000606138
 0.873205 0.118343 0.00770093 0.000582349 0.00016827
 0.827393 0.154531 0.0168911 0.00108034 0.000105203
 0.816114 0.157394 0.0237594 0.00255398 0.000179094
 0.881853 0.102035 0.0138474 0.0020315 0.000233323
 0.977619 0.0203512 0.00175854 0.000233056 3.80683e-05
 0.473781 0.516579 0.00877868 0.000746269 0.000114954
 0.966773 0.0170429 0.0158909 0.000266695 2.61459e-05
 0.708765 0.282739 0.00437963 0.00404259 7.44566e-05
 0.778729 0.164435 0.0551997 0.000843365 0.000792209
 0.837334 0.131195 0.0234668 0.00777381 0.000230169
 0.862239 0.117893 0.0160588 0.00284099 0.000968413
 0.387885 0.538996 0.0626914 0.00842947 0.00199818
 0.861942 0.0572261 0.0712501 0.00821603 0.00136595
 0.737219 0.229567 0.0138289 0.0170881 0.00229712
 0.541343 0.34654 0.0980412 0.00586189 0.00821378
 0.844969 0.0872357 0.0513049 0.0144208 0.00206962
 0.795528 0.175374 0.0164286 0.00958869 0.00308071
 0.408451 0.477839 0.0976108 0.00909069 0.00700833
 0.531921 0.200456 0.216431 0.0439459 0.00724561
pobs_PELACES
 0 0 0 0 0
 0 0 0 0 0
 0 0 0 0 0
 0 0 0 0 0
 0 0 0 0 0
 0 0 0 0 0
 0 0 0 0 0
 0 0 0 0 0
 0 0 0 0 0
 0 0 0 0 0
 0 0 0 0 0
 0 0 0 0 0
 0 0 0 0 0
 0 0 0 0 0
 0 0 0 0 0
 0 0 0 0 0
 0.505614 0.472636 0.0217494 0 0
 0 0 0 0 0
 0.443492 0.261883 0.143347 0.151278 0
 0.227955 0.32914 0.350689 0.0885471 0.00366901
 0.970185 0.0296113 0.000203453 0 0
 0.997202 0.00247181 0.000326279 0 0
 0.445219 0.490057 0.0546422 0.010081 0
 0.90214 0.0892962 0.00764917 0.000914606 0
 0 0 0 0 0
 0.581667 0.319106 0.0959925 0.00289975 0.000334073
 0.762889 0.0836404 0.116647 0.0363945 0.000428098
 0.88444 0.0763242 0.0277011 0.0115352 0
 0.521256 0.241999 0.230069 0.00667565 0
 0.616807 0.101726 0.260614 0.0208532 0
ppred_PELACES
 0.517483 0.165535 0.28849 0.0284904 9.96867e-07
 0.531214 0.290646 0.0649623 0.103185 0.00999267
 0.675765 0.20508 0.0768444 0.0156274 0.0266833
 0.749355 0.190876 0.0392161 0.0133616 0.00719083
 0.720812 0.229076 0.0390818 0.00729076 0.00373955
 0.877264 0.09697 0.0215005 0.00334231 0.000923452
 0.466354 0.487885 0.0368743 0.0074407 0.00144594
 0.446024 0.314211 0.221014 0.0151699 0.00358137
 0.653579 0.189032 0.0928853 0.0595533 0.00494991
 0.85162 0.111499 0.021087 0.00939819 0.00639565
 0.89634 0.0933684 0.00793658 0.00135919 0.000995901
 0.834985 0.152878 0.0110337 0.000854461 0.000248107
 0.776509 0.19777 0.0239951 0.00157172 0.000153803
 0.778946 0.186416 0.0309878 0.00340985 0.000240277
 0.851335 0.126524 0.0189635 0.00284838 0.000328742
 0.969529 0.0274257 0.00262972 0.000356911 5.8585e-05
 0.391106 0.596485 0.0112757 0.000981768 0.000151972
 0.950747 0.0239257 0.024858 0.000427339 4.21007e-05
 0.636127 0.351977 0.00606048 0.00572945 0.000106043
 0.710905 0.208795 0.0779299 0.00121947 0.00115112
 0.780216 0.173224 0.034504 0.0117078 0.000348349
 0.815456 0.155299 0.0235229 0.00426225 0.00146001
 0.302531 0.605535 0.0785392 0.0108178 0.00257691
 0.800725 0.0772109 0.107275 0.0126722 0.00211716
 0.655114 0.296342 0.0199208 0.0252168 0.0034065
 0.439096 0.411664 0.130056 0.00796624 0.0112173
 0.780962 0.11698 0.0767658 0.022104 0.00318789
 0.721983 0.234134 0.0245017 0.0146507 0.0047302
 0.314306 0.541257 0.123521 0.0117853 0.00913041
 0.429138 0.228922 0.275216 0.0572397 0.00948375
pobs_pel_tallas
 0 0 0 0 0 0 0 0 0 0 0 0 0 0 0 0 0 0 0 0 0 0 0 0 0 0
 0 0 0 0 0 0 0 0 0 0 0 0 0 0 0 0 0 0 0 0 0 0 0 0 0 0
 0 0 0 0 0 0 0 0 0 0 0 0 0 0 0 0 0 0 0 0 0 0 0 0 0 0
 0 0 0 0 0 0 0 0 0 0 0 0 0 0 0 0 0 0 0 0 0 0 0 0 0 0
 0 0 0 0 0 0 0 0 0 0 0 0 0 0 0 0 0 0 0 0 0 0 0 0 0 0
 0 0 0 0 0 0 0 0 0 0 0 0 0 0 0 0 0 0 0 0 0 0 0 0 0 0
 0 0 0 0 0 0 0 0 0 0 0 0 0 0 0 0 0 0 0 0 0 0 0 0 0 0
 0 0 0 0 0 0 0 0 0 0 0 0 0 0 0 0 0 0 0 0 0 0 0 0 0 0
 0 0 0 0 0 0 0 0 0 0 0 0 0 0 0 0 0 0 0 0 0 0 0 0 0 0
 0 0 0 0 0 0 0 0 0 0 0 0 0 0 0 0 0 0 0 0 0 0 0 0 0 0
 0 0 0 0 0 0 0 0 0 0 0 0 0 0 0 0 0 0 0 0 0 0 0 0 0 0
 0 0 0 0 0 0 0 0 0 0 0 0 0 0 0 0 0 0 0 0 0 0 0 0 0 0
 0.00862536 0 0 0.000197151 0.00414017 0.0128641 0.00837892 0.0270097 0.101434 0.158115 0.152841 0.127902 0.109271 0.109419 0.0830992 0.0579132 0.0238553 0.00714673 0.00463305 0.00128148 0.00103504 0.000492878 0.000147863 0.000147863 4.92878e-05 0
 0 0 0 0 0 0 0 0 0 0 0 0 0 0 0 0 0 0 0 0 0 0 0 0 0 0
 0 0 0 0 0 0 0 0.0054083 0.00873648 0.0413646 0.0450493 0.0745869 0.0622846 0.0627006 0.0613931 0.0827291 0.12552 0.122667 0.0946155 0.0697135 0.0546179 0.0294188 0.0215738 0.0213955 0.0102223 0.00600262
 0 0 0 0 0.00359764 0.0251062 0.0480494 0.140153 0.205849 0.193036 0.1447 0.116669 0.0760912 0.0342217 0.00950174 0.001854 0.000860785 0 0 0 0.000165536 0 0.000143464 0 0 0
 0 0 0 0 0 0 0 0.000145254 0.000435761 0.0275982 0.070085 0.0708112 0.156366 0.174668 0.174014 0.160142 0.0824315 0.0480064 0.0283245 0.00493863 0.00203355 0 0 0 0 0
 0 0 0 0 0 0 0 0 0 0 0 0 0 0 0 0 0 0 0 0 0 0 0 0 0 0
 0 0 1.00437e-05 0.000401748 0.00122533 0.00171747 0.00176769 0.0269171 0.070346 0.194647 0.189555 0.159765 0.064822 0.0314167 0.0384472 0.0292271 0.0345202 0.0313363 0.0194345 0.0106764 0.0143323 0.0359363 0.0279516 0.0138201 0.00172751 0
 0 0.0021121 0.0136068 0.0755702 0.200478 0.177729 0.0527432 0.0373336 0.0318909 0.0142505 0.0149659 0.0166563 0.0217959 0.0798694 0.0677717 0.0528807 0.04013 0.0224614 0.0357745 0.0225083 0.00881397 0.00855152 0.00135912 0.000746735 0 0
 0 0 0 0 5.4009e-05 0.00500934 0.000945158 0.0243581 0.138947 0.33067 0.221406 0.137944 0.0707744 0.0437923 0.0131692 0.00525238 0.0047753 0.00276346 9.45158e-05 9.00151e-06 2.25038e-05 9.00151e-06 4.50075e-06 0 0 0
 0.000866109 0.00284123 0.00948549 0.0512746 0.133035 0.25785 0.225252 0.132002 0.0553304 0.0519788 0.0540692 0.017754 0.00435017 0.00159236 0.00146478 0.000404838 0.000125132 0.000115318 0.000107957 0.000100596 0 0 0 0 0 0
 0 0 0 0 0.00144013 0.00171154 0.00461396 0.0210425 0.0478622 0.0707936 0.0888783 0.103762 0.0637923 0.0337046 0.0602308 0.124433 0.169614 0.0934646 0.0462172 0.0250306 0.0313229 0.00938855 0.002487 0.000210481 0 0
 0 0.00764035 0.051015 0.0998891 0.058973 0.0496711 0.0374665 0.0718981 0.12319 0.153886 0.159021 0.0857701 0.0377988 0.023471 0.0147837 0.00900784 0.00315554 0.000888139 0.00291439 0.00214683 0.00393193 0.00274676 0.000635225 9.99891e-05 0 0
 0 0 0 0 0 0 0 0 0 0 0 0 0 0 0 0 0 0 0 0 0 0 0 0 0 0
 0 0 0 0 0 0 0 0 0 0 0 0 0 0 0 0 0 0 0 0 0 0 0 0 0 0
 0 0 0 0 0 0 0 0 0 0 0 0 0 0 0 0 0 0 0 0 0 0 0 0 0 0
 0 0 0 0 0 0 0 0 0 0 0 0 0 0 0 0 0 0 0 0 0 0 0 0 0 0
 0 0 0 0 0 0 0 0 0 0 0 0 0 0 0 0 0 0 0 0 0 0 0 0 0 0
 0 0 0 0 0 0 0 0 0 0 0 0 0 0 0 0 0 0 0 0 0 0 0 0 0 0
ppred_pel_tallas
 1.11225e-16 4.26245e-05 0.000414325 0.00275334 0.0125163 0.0389429 0.0829725 0.121104 0.121121 0.0830527 0.0392133 0.0133028 0.00474765 0.0048342 0.00863067 0.0147058 0.0223544 0.0305538 0.0382015 0.0446533 0.0498506 0.05386 0.0563013 0.0562969 0.0530477 0.0465267
 1.13989e-16 4.37555e-05 0.000425319 0.00282639 0.0128484 0.0399763 0.0851747 0.124321 0.124349 0.085312 0.0404374 0.0141813 0.0061762 0.00775172 0.0140001 0.0231916 0.0336914 0.0430119 0.0486868 0.049688 0.0470624 0.0431703 0.0401225 0.0386351 0.0380025 0.0369141
 1.08353e-16 5.56619e-05 0.000541053 0.00359549 0.0163446 0.0508542 0.108351 0.158146 0.158165 0.108448 0.0511802 0.0172873 0.00596591 0.0057293 0.00994942 0.016467 0.0239692 0.030682 0.0348357 0.035631 0.0336886 0.0305502 0.0276459 0.0255544 0.0240004 0.0223625
 1.03738e-16 6.17234e-05 0.000599974 0.00398704 0.0181245 0.0563922 0.12015 0.175367 0.175385 0.12024 0.0566945 0.018998 0.0061807 0.00539257 0.00917509 0.0151008 0.0218194 0.0275935 0.030696 0.0303379 0.027127 0.0226284 0.0183898 0.0151997 0.01301 0.0113495
 1.02551e-16 5.93724e-05 0.000577121 0.00383517 0.0174341 0.0542442 0.115574 0.168688 0.16871 0.115682 0.0546067 0.0184812 0.00646392 0.00631738 0.0109661 0.0180479 0.0260225 0.0327852 0.0362282 0.0353743 0.0309453 0.0248499 0.0190209 0.0145146 0.0113917 0.00918035
 1.01137e-16 7.22591e-05 0.000702384 0.00466759 0.0212182 0.0660177 0.140658 0.205296 0.205306 0.140704 0.0661713 0.021662 0.00578212 0.00313731 0.00470218 0.00767368 0.0110805 0.0140027 0.0155517 0.0153132 0.0135799 0.0111335 0.00875901 0.00687507 0.0054967 0.00443692
 1.0218e-16 3.84131e-05 0.000373389 0.0024813 0.0112797 0.0350955 0.0747764 0.109148 0.109195 0.0750059 0.0358659 0.0135041 0.00806239 0.0125482 0.023135 0.0381186 0.0547485 0.0685115 0.0748296 0.0715863 0.0603987 0.0455524 0.0314911 0.0207997 0.0138329 0.00962105
 1.08586e-16 3.67385e-05 0.000357111 0.00237313 0.0107879 0.0335654 0.0715157 0.104386 0.104416 0.0716652 0.034068 0.0122431 0.00603888 0.00840284 0.0154437 0.0258028 0.0379304 0.049283 0.0572249 0.0604354 0.0595159 0.0562396 0.0521398 0.0476628 0.0424224 0.0360434
 1.09539e-16 5.38345e-05 0.00052329 0.00347745 0.015808 0.0491846 0.104794 0.152953 0.152972 0.104883 0.0494861 0.0166804 0.00567337 0.00533756 0.00925819 0.0153829 0.0225416 0.0291756 0.0337372 0.0355418 0.0351351 0.0337941 0.0325767 0.0316991 0.0306363 0.0286948
 1.02662e-16 7.01468e-05 0.000681852 0.00453115 0.020598 0.0640879 0.136547 0.199296 0.199307 0.136599 0.0642645 0.0211081 0.00581218 0.00348038 0.00539118 0.00881821 0.0127364 0.0161046 0.0179161 0.0177178 0.0158775 0.0133224 0.0109646 0.00925978 0.00815842 0.00735092
 1.00558e-16 7.38304e-05 0.000717657 0.00476909 0.0216796 0.0674533 0.143717 0.20976 0.209769 0.143761 0.0676007 0.0221054 0.00583751 0.00304861 0.00449655 0.00730585 0.0104913 0.0131383 0.014369 0.0137799 0.01168 0.00888627 0.00624354 0.00423948 0.00293547 0.00214162
 1.00486e-16 6.87767e-05 0.000668534 0.00444264 0.0201956 0.0628361 0.13388 0.195404 0.195419 0.133951 0.0630775 0.0208925 0.00619114 0.00448253 0.00730342 0.0119419 0.0171409 0.0214378 0.0233908 0.0223328 0.0187689 0.0140441 0.00955809 0.00613264 0.00389271 0.00254624
 1.00927e-16 6.39601e-05 0.000621715 0.00413151 0.0187813 0.0584356 0.124504 0.181721 0.18174 0.124597 0.0587482 0.019684 0.00639694 0.0055657 0.00944906 0.015508 0.0223046 0.0279845 0.0306991 0.0295867 0.0252782 0.0194644 0.0138906 0.00956109 0.00660946 0.00467315
 1.01325e-16 6.41608e-05 0.000623665 0.00414448 0.0188402 0.058619 0.124895 0.182291 0.182309 0.124982 0.0589139 0.0196921 0.00628302 0.00529293 0.00893423 0.0146742 0.0211446 0.0266124 0.0293507 0.0285524 0.0247957 0.0196327 0.0146483 0.0107292 0.00796415 0.00601121
 1.00921e-16 7.01234e-05 0.000681624 0.00452963 0.0205911 0.0640665 0.136501 0.19923 0.199242 0.136561 0.0642666 0.021169 0.00598042 0.00384881 0.00608543 0.00994993 0.014327 0.0180163 0.0198424 0.0192588 0.016664 0.0131223 0.00972147 0.00707217 0.00523494 0.00396859
 1.00129e-16 7.98588e-05 0.000776256 0.0051585 0.0234498 0.072961 0.155451 0.226886 0.226889 0.155464 0.0730043 0.0235749 0.00547242 0.00146119 0.00137962 0.00215155 0.00308487 0.00386468 0.00422959 0.00406025 0.0034461 0.00262518 0.00184379 0.00124438 0.000846027 0.000595867
 1.00603e-16 3.2215e-05 0.000313141 0.00208093 0.00945966 0.0294328 0.0627119 0.0915418 0.0915992 0.0629922 0.0303735 0.0121752 0.00889145 0.015161 0.0281732 0.0463733 0.0664431 0.0828027 0.0897887 0.0847902 0.0698463 0.0503632 0.0320176 0.0182172 0.00955616 0.00486328
 1.00774e-16 7.83118e-05 0.000761218 0.00505856 0.0229955 0.0715475 0.15244 0.222491 0.222493 0.152451 0.0715861 0.0231072 0.00534047 0.00138181 0.00127206 0.00201825 0.00299054 0.00394819 0.00469597 0.00513163 0.00528031 0.00523617 0.00506482 0.00475807 0.00427232 0.00360066
 1.00858e-16 5.2397e-05 0.000509318 0.0033846 0.0153859 0.0478715 0.101996 0.148874 0.148908 0.102162 0.0484266 0.0169884 0.00740365 0.00927164 0.0166605 0.0273734 0.0392243 0.0488996 0.0530642 0.0501881 0.0414846 0.0301471 0.019516 0.0115774 0.00664428 0.00398645
 1.0262e-16 5.85563e-05 0.000569189 0.00378246 0.0171945 0.0534986 0.113985 0.166369 0.166389 0.114084 0.0538303 0.0181534 0.00619292 0.00584251 0.0101063 0.0166996 0.0242454 0.0308887 0.0347561 0.0349434 0.0319947 0.0274322 0.0227524 0.0187076 0.0152972 0.0122262
 1.02274e-16 6.42654e-05 0.000624682 0.00415124 0.0188709 0.0587145 0.125098 0.182588 0.182605 0.12518 0.0589888 0.0196634 0.00614127 0.00497178 0.0083286 0.0136892 0.0197655 0.0249651 0.0277075 0.0272614 0.0241651 0.0198328 0.0156779 0.0124433 0.0101315 0.00837065
 1.01394e-16 6.7168e-05 0.000652897 0.00433873 0.0197233 0.0613665 0.130748 0.190834 0.190849 0.130821 0.0616121 0.0204327 0.00611968 0.00454103 0.00745229 0.012216 0.0175956 0.0221356 0.0243979 0.0237157 0.0205817 0.0163028 0.0122106 0.00904563 0.00686904 0.0053702
 1.03943e-16 2.49192e-05 0.000242224 0.00160967 0.00731734 0.0227673 0.0485102 0.0708143 0.0708727 0.0487953 0.0237245 0.010082 0.00854845 0.015387 0.0287796 0.0475172 0.0683948 0.0858908 0.0943771 0.0912344 0.0783973 0.0610215 0.0444019 0.0315441 0.0227849 0.0169604
 1.04745e-16 6.59547e-05 0.000641103 0.00426035 0.019367 0.0602578 0.128386 0.187385 0.187392 0.128423 0.0603831 0.0197308 0.0051809 0.002675 0.00399995 0.00669412 0.0100694 0.013564 0.0166233 0.0189483 0.0205799 0.0216903 0.0222838 0.0221074 0.0208513 0.0184402
 1.03757e-16 5.3961e-05 0.00052452 0.00348562 0.0158451 0.0493003 0.10504 0.153316 0.153344 0.10518 0.0497683 0.0171966 0.00687676 0.00792332 0.014094 0.0231857 0.0333298 0.041786 0.0458108 0.0441681 0.0378861 0.0295863 0.0219312 0.0163836 0.012993 0.0109908
 1.06556e-16 3.61679e-05 0.000351565 0.00233627 0.0106204 0.0330442 0.0704055 0.102767 0.102807 0.0706 0.0336974 0.0125087 0.00708138 0.0107276 0.0197928 0.0327959 0.0475455 0.0604216 0.0677265 0.0677079 0.0615254 0.0523157 0.0431705 0.0356526 0.0297233 0.024639
 1.05002e-16 6.43268e-05 0.00062528 0.0041552 0.018889 0.0587706 0.125217 0.182761 0.182772 0.125273 0.0589577 0.0194306 0.00551962 0.00362005 0.00579972 0.00961169 0.0141341 0.0183931 0.0214302 0.0227921 0.0227472 0.021988 0.0210796 0.0201241 0.018856 0.0169882
 1.03037e-16 5.94688e-05 0.000578058 0.0038414 0.0174625 0.0543323 0.115762 0.168962 0.168985 0.115872 0.0547024 0.0185311 0.00652342 0.00643152 0.0111723 0.0183662 0.0264303 0.0331973 0.0365049 0.0353705 0.0305824 0.0241711 0.0181957 0.0137836 0.0109772 0.00920595
 1.0643e-16 2.58891e-05 0.000251651 0.00167231 0.00760212 0.0236533 0.0503978 0.073568 0.0736202 0.0506531 0.0245107 0.0100794 0.00789411 0.013845 0.0258745 0.0428186 0.0618727 0.0782049 0.0868778 0.0855742 0.0759183 0.0622632 0.0489839 0.0384228 0.0306805 0.024735
 1.15346e-16 3.53476e-05 0.000343591 0.00228329 0.0103795 0.0322946 0.0688079 0.100432 0.100454 0.0689178 0.0326648 0.0114539 0.00499936 0.00633627 0.0116029 0.0196139 0.0293921 0.0393523 0.0478385 0.0540105 0.0581307 0.0609323 0.0626605 0.0626971 0.0600675 0.0542991
pSPR Fmed_Fpbrs
0.3603   0.255313 0.255313
Fs Fmed_Fpbrs
0.701795   1.005 1.005
SSBpbr Bo_Bmed_Bpbrs
1.23449e+06  383061  253456 253456
Ro
99266.2
SPR SPRFo_SPRFmed_SPRFpbrs
706616 254593 180408
Fref
1.005
log_Ro
11.3256
likeval ReclasPelacesDesembMPH_pf_preclas_ppelaces_ptallas_desvR_qrecl_qpela
 11.3655 15.663 0.0188663 0.000839116 233.989 103.48 80.4225 0 27.4154 3.39114e-05 0.000111563 0.0110663 0 0 0
q_reclas_q_pelaces
2.28232 4.49381
M
1
N
 130823 30088.9 47183.8 4549.68 0.158415
 88473.3 38390 7784.95 12078.8 1164.07
 87289.9 21001.4 7139.47 1418.26 2409.88
 89495.8 20736.3 3910.32 1302.26 697.457
 67167 15791.8 2430.08 442.686 225.955
 222572 18530.7 3711.55 563.464 154.922
 61663.1 59067.1 4099.79 808.637 156.383
 21884.6 10727 6770.51 453.671 106.581
 27191.5 6894.38 3099.71 1942.2 160.651
 36913.9 5197.05 914.966 398.893 270.157
 61082.4 4535.52 346.65 57.9616 42.2622
 111480 18262.2 1208.07 91.4363 26.4219
 91596.1 20386.5 2262.58 144.832 14.1042
 66480 17626.5 2734.46 294.373 20.6441
 50723.8 7657.76 1063.32 156.189 17.94
 282631 7048.94 618.727 82.0687 13.4061
 42674.5 53354.2 917.628 78.0577 12.0243
 481079 9429.56 8875.09 149.025 14.6104
 256289 118740 1863.48 1721.29 31.704
 221507 54093.5 18391 281.18 264.134
 269440 47467.5 8578.65 2843.43 84.1914
 404871 63885 8811.85 1559.98 531.772
 57362.4 87427.9 10252.9 1379.22 326.948
 206748 14868 18644.9 2150.83 357.593
 166239 56054.8 3400.93 4204.09 565.16
 65897.9 45119 12843 768.14 1076.35
 166924 18696 11076.1 3114.51 446.994
 192154 45003.6 4239.24 2475.02 795.201
 44978.9 55848.5 11470.9 1068.63 823.854
 30911.4 13118.9 14313.4 2907.95 479.465
pred_Ctot
 17041.9 5806.52 9341.65 901.998 0.0314088
 20554.8 12672.9 2627.65 4081.79 393.396
 20250.6 6923.72 2406.67 478.652 813.366
 31216 9767.72 1875.89 625.336 334.931
 10867.9 3737.77 589.487 107.527 54.8876
 40251.8 4864.5 997.932 151.693 41.7103
 21811.7 28153.3 1989.78 392.839 75.9755
 2012.52 1483.49 961.802 64.5399 15.1635
 8703.28 3018.69 1383.58 867.807 71.7852
 16935.5 3058.95 546.395 238.391 161.461
 7355.18 812.217 63.7084 10.6671 7.77839
 37476.5 8338.16 561.992 42.5784 12.3043
 29084.6 8865.29 1003.12 64.2777 6.25992
 31604.6 10664.7 1677.6 180.732 12.6751
 21544.4 4241.11 598.187 87.9398 10.1012
 91753.5 3124.06 279.504 37.1113 6.06252
 11224.8 19681.8 345.754 29.4446 4.53602
 103357 2899.71 2792.19 46.9417 4.60244
 72215.3 46545 745.637 689.497 12.7004
 61056.6 20797.9 7219.35 110.498 103.806
 62735.2 15700.3 2901.2 962.751 28.508
 110337 24317.3 3424.9 606.989 206.925
 11021.2 24270.2 2914.13 392.501 93.0493
 35234.6 3693.66 4745.85 548.179 91.1453
 28245.1 13886.4 863.242 1068.49 143.648
 9733.95 9804.65 2861.63 171.383 240.165
 28908.2 4714.54 2861.46 805.657 115.636
 25995.4 9001.25 869.749 508.48 163.382
 6002.51 11027.1 2323.41 216.743 167.109
 7274.93 4381.37 4887.25 994.08 163.915
F
 0.226047 0.351965 0.362596 0.363173 0.363203
 0.43811 0.682157 0.702761 0.70388 0.703939
 0.437349 0.680972 0.70154 0.702657 0.702716
 0.734701 1.14396 1.17851 1.18039 1.18049
 0.287751 0.448041 0.461574 0.462308 0.462347
 0.326578 0.508496 0.523854 0.524688 0.524732
 0.748917 1.1661 1.20132 1.20323 1.20333
 0.155076 0.24146 0.248753 0.249149 0.24917
 0.654815 1.01958 1.05037 1.05204 1.05213
 1.09665 1.70753 1.75911 1.76191 1.76205
 0.207392 0.322919 0.332672 0.333202 0.33323
 0.69897 1.08833 1.1212 1.12298 1.12308
 0.647983 1.00894 1.03941 1.04107 1.04115
 1.16118 1.80801 1.86262 1.86559 1.86574
 0.973517 1.51581 1.56159 1.56408 1.56421
 0.667187 1.03884 1.07022 1.07192 1.07201
 0.509751 0.793705 0.817678 0.818979 0.819048
 0.399092 0.621405 0.640173 0.641193 0.641246
 0.555589 0.865077 0.891206 0.892625 0.8927
 0.540407 0.841438 0.866853 0.868233 0.868306
 0.439261 0.683949 0.704606 0.705728 0.705787
 0.532754 0.829521 0.854576 0.855937 0.856008
 0.350176 0.54524 0.561708 0.562603 0.56265
 0.305171 0.475164 0.489516 0.490295 0.490337
 0.304121 0.47353 0.487832 0.488609 0.48865
 0.259795 0.404512 0.416729 0.417393 0.417428
 0.310799 0.483927 0.498544 0.499337 0.499379
 0.235656 0.366927 0.37801 0.378611 0.378643
 0.232139 0.36145 0.372367 0.37296 0.372991
 0.444976 0.692847 0.713773 0.71491 0.71497
nmprior
 8 8 7 0
nm_flota  nm_reclas  nm_pelaces    nm_pelaL
inf 17.4232 10.1244 16.0858
cv_recla  cv_pelaces  cv_mph
0.31212 0.465695 0.893957
 ------------------------------------------------
Talla a la edad & desviación 
 8 13.2811 15.8009 17.003 17.5766
 0.8 1.32811 1.58009 1.7003 1.75766
