years
 1991 1992 1993 1994 1995 1996 1997 1998 1999 2000 2001 2002 2003 2004 2005 2006 2007 2008 2009 2010 2011 2012 2013 2014 2015 2016 2017 2018 2019 2020
reclasobs
 0 0 0 0 0 0 0 0 0 252601 567819 844713 477998 351125 339783 2.1784e+06 2.13404e+06 4.81314e+06 1.55562e+06 2.62356e+06 3.21686e+06 3.843e+06 1.13348e+06 3.07943e+06 1.97215e+06 2.03268e+06 2.025e+06 2.42433e+06 2.27542e+06 1.05018e+06
reclaspred
 3.26734e+06 1.87013e+06 948408 938188 933327 1.41679e+06 971156 879313 649763 489749 508732 627436 626338 512915 520771 1.23324e+06 1.24844e+06 2.61593e+06 2.20817e+06 1.71948e+06 3.03932e+06 2.43913e+06 1.98754e+06 2.99622e+06 2.27042e+06 2.0091e+06 2.36227e+06 2.46516e+06 2.0531e+06 1.32969e+06
pelacesobs
 0 0 0 0 0 0 0 0 0 0 0 0 0 0 0 552880 188675 0 991730 2.46772e+06 1.41603e+06 1.21717e+06 2.29649e+06 1.80582e+06 0 1.4828e+06 1.56532e+06 1.57751e+06 1.42118e+06 867257
pelacespred
 1.8694e+06 1.20472e+06 622354 500371 504591 790352 525909 554741 409634 297106 311444 325415 354135 313610 321947 625588 630297 1.4967e+06 1.32987e+06 967501 1.60906e+06 1.44671e+06 1.153e+06 1.87702e+06 1.38661e+06 1.21576e+06 1.62177e+06 1.67365e+06 1.14803e+06 850438
mphobs
 0 0 0 0 0 0 0 0 0 0 0 498337 0 5186 125008 0 168611 109162 213762 579715 649985 157893 87575 83554 0 0 0 0 0 0
mphpred
 488521 327975 168116 90824.3 100527 110848 145432 100622 87494.9 63231.5 43213.4 59191 64105.8 56298 41570.3 51004.6 143981 142351 260031 205835 228691 278078 261194 219224 297634 246388 203475 216038 293901 204069
desembarqueobs
 494567 514787 250237 358949 120608 361735 552515 73892 212993 205616 52469 317467 293654 387597 252695 516296 358380 742168 942051 627588 828172 859565 418607 520667 417249 300574 407403 355545 319650 289779
desembarquepred
 494573 513211 251044 358968 120611 361746 552558 73894.8 213027 205648 52470.8 317523 293702 387651 252700 516285 358401 742115 941947 627517 828221 859588 418615 520683 417250 300576 407404 355537 319648 289787
Reclutas
 247609 145441 141507 261969 209718 347571 147489 71060.8 65189.5 85206 154253 190011 159807 112177 117039 608890 138964 924006 544680 435062 635596 837625 185110 547357 459654 207576 468326 515280 148177 115647
log_desv_Rt
 0.051815 -0.480265 -0.507688 0.108193 -0.114272 0.390933 -0.466284 -1.1965 -1.28274 -1.01496 -0.421439 -0.212953 -0.386065 -0.739953 -0.697529 0.951602 -0.525823 1.36868 0.840163 0.615453 0.994529 1.27054 -0.239087 0.845067 0.670438 -0.124537 0.68913 0.784676 -0.46163 -0.709494
SSB
 4.97651e+06 3.34105e+06 1.71258e+06 925216 1.02406e+06 1.12919e+06 1.4815e+06 1.02502e+06 891300 644132 440210 602971 653038 573501 423471 519578 1.46672e+06 1.45012e+06 2.64891e+06 2.09682e+06 2.32965e+06 2.83274e+06 2.66075e+06 2.2332e+06 3.03196e+06 2.50992e+06 2.07277e+06 2.20075e+06 2.99394e+06 2.07883e+06
BT
 6.51479e+06 4.44022e+06 2.28463e+06 1.937e+06 1.74051e+06 2.88656e+06 2.21268e+06 1.87312e+06 1.54723e+06 1.16882e+06 1.06158e+06 1.33035e+06 1.42334e+06 1.42761e+06 1.30425e+06 2.46137e+06 2.33658e+06 5.53681e+06 5.24791e+06 3.71945e+06 5.91863e+06 5.5287e+06 4.12695e+06 6.60523e+06 4.9059e+06 4.23169e+06 5.70389e+06 5.81302e+06 4.0077e+06 3.05499e+06
Ftot
 0.0856101 0.153812 0.148998 0.221342 0.0748027 0.149754 0.317671 0.0485297 0.187879 0.239229 0.061404 0.290949 0.269273 0.429544 0.284489 0.250868 0.163501 0.169067 0.24461 0.210161 0.158771 0.204159 0.119898 0.103052 0.105961 0.0859977 0.101998 0.085753 0.0878745 0.123765
BD_Bspro_t
 0.986396 0.89711 0.782775 0.711493 0.704328 0.760468 0.751957 0.629724 0.677928 0.650482 0.627614 0.769629 0.672291 0.597621 0.508582 0.560321 0.692397 0.678878 0.745957 0.670928 0.653017 0.693272 0.704857 0.703081 0.785207 0.791912 0.798259 0.825894 0.85698 0.808688
BD_Bspro
 2.97358 1.99635 1.02331 0.552838 0.611898 0.674718 0.885231 0.612476 0.532573 0.384884 0.263036 0.36029 0.390206 0.34268 0.253034 0.31046 0.876399 0.866479 1.58278 1.2529 1.39202 1.69263 1.58986 1.33439 1.81167 1.49974 1.23853 1.315 1.78895 1.24215
BD_Bo
 1.94088 1.30303 0.667919 0.360841 0.39939 0.440393 0.577796 0.399767 0.347614 0.251216 0.171685 0.235163 0.25469 0.22367 0.165157 0.202639 0.572031 0.565556 1.03309 0.817775 0.908581 1.10479 1.03771 0.870967 1.18249 0.97889 0.808396 0.85831 1.16766 0.810759
BD_Brms
 13.6469 9.16202 4.69634 2.53718 2.80823 3.09654 4.06266 2.81088 2.44418 1.76638 1.20717 1.65351 1.7908 1.57269 1.16127 1.42482 4.02213 3.9766 7.264 5.75002 6.38851 7.76813 7.29647 6.12403 8.31443 6.88287 5.68408 6.03504 8.21016 5.70069
Sel_flota
 0.893288 1 1 1 1
 0.893288 1 1 1 1
 0.893288 1 1 1 1
 0.893288 1 1 1 1
 0.893288 1 1 1 1
 0.893288 1 1 1 1
 0.893288 1 1 1 1
 0.893288 1 1 1 1
 0.893288 1 1 1 1
 0.893288 1 1 1 1
 0.893288 1 1 1 1
 0.893288 1 1 1 1
 0.893288 1 1 1 1
 0.893288 1 1 1 1
 0.893288 1 1 1 1
 0.893288 1 1 1 1
 0.893288 1 1 1 1
 0.893288 1 1 1 1
 0.893288 1 1 1 1
 0.893288 1 1 1 1
 0.893288 1 1 1 1
 0.893288 1 1 1 1
 0.893288 1 1 1 1
 0.893288 1 1 1 1
 0.893288 1 1 1 1
 0.893288 1 1 1 1
 0.893288 1 1 1 1
 0.893288 1 1 1 1
 0.893288 1 1 1 1
 0.893288 1 1 1 1
Sel_reclas
 1 1 1 1 1
 1 1 1 1 1
 1 1 1 1 1
 1 1 1 1 1
 1 1 1 1 1
 1 1 1 1 1
 1 1 1 1 1
 1 1 1 1 1
 1 1 1 1 1
 1 1 1 1 1
 1 1 1 1 1
 1 1 1 1 1
 1 1 1 1 1
 1 1 1 1 1
 1 1 1 1 1
 1 1 1 1 1
 1 1 1 1 1
 1 1 1 1 1
 1 1 1 1 1
 1 1 1 1 1
 1 1 1 1 1
 1 1 1 1 1
 1 1 1 1 1
 1 1 1 1 1
 1 1 1 1 1
 1 1 1 1 1
 1 1 1 1 1
 1 1 1 1 1
 1 1 1 1 1
 1 1 1 1 1
Sel_pelaces
 1 1 1 1 1
 1 1 1 1 1
 1 1 1 1 1
 1 1 1 1 1
 1 1 1 1 1
 1 1 1 1 1
 1 1 1 1 1
 1 1 1 1 1
 1 1 1 1 1
 1 1 1 1 1
 1 1 1 1 1
 1 1 1 1 1
 1 1 1 1 1
 1 1 1 1 1
 1 1 1 1 1
 1 1 1 1 1
 1 1 1 1 1
 1 1 1 1 1
 1 1 1 1 1
 1 1 1 1 1
 1 1 1 1 1
 1 1 1 1 1
 1 1 1 1 1
 1 1 1 1 1
 1 1 1 1 1
 1 1 1 1 1
 1 1 1 1 1
 1 1 1 1 1
 1 1 1 1 1
 1 1 1 1 1
pf_obs 
 0.8446 0.082 0.0669 0.0065 0
 0.8095 0.147 0.0364 0.0071 0
 0.9664 0.0169 0.016 0.0007 0
 0.9276 0.0648 0.0075 0.0001 0
 0.7033 0.2144 0.0806 0.0017 0
 0.9318 0.0425 0.0243 0.0014 0
 0.5671 0.3108 0.0964 0.0239 0.0018
 0.0768 0.2599 0.5324 0.112 0.0189
 0.490249 0.384438 0.106611 0.0170017 0.00170017
 0.7925 0.1577 0.0466 0.003 0.0002
 0.840416 0.127587 0.0312969 0.00059994 9.999e-05
 0.8084 0.0986 0.0794 0.0134 0.0002
 0.7335 0.1905 0.0724 0.0035 0.0001
 0.4001 0.4547 0.1325 0.0127 0
 0.49795 0.308269 0.164784 0.0264974 0.00249975
 0.9179 0.0499 0.0305 0.0017 0
 0.2467 0.6533 0.0926 0.0074 0
 0.9418 0.0223 0.034 0.0019 0
 0.707729 0.231977 0.0356964 0.0245975 0
 0.517169 0.277429 0.184464 0.0207286 0.00020938
 0.811772 0.124168 0.05621 0.00726502 0.000585176
 0.764997 0.148141 0.077277 0.00933861 0.000247198
 0.163321 0.427699 0.378323 0.0303852 0.000271297
 0.753843 0.0900009 0.118128 0.0371064 0.000921714
 0.721811 0.176058 0.0630433 0.0369309 0.00215725
 0.143369 0.312575 0.442814 0.0836902 0.0175525
 0.692698 0.0596174 0.167031 0.0765114 0.00414204
 0.394062 0.376323 0.152708 0.0712218 0.00568511
 0.125707 0.32114 0.495352 0.0537591 0.00404204
 0.23352 0.215282 0.420074 0.123614 0.00750983
pf_pred 
 0.422404 0.110889 0.442771 0.0239354 7.26936e-07
 0.411686 0.265613 0.0619535 0.247375 0.0133731
 0.546463 0.20031 0.114327 0.0266664 0.112233
 0.749311 0.144537 0.0468833 0.0267585 0.0325099
 0.647359 0.27238 0.0462749 0.0150101 0.0189753
 0.744733 0.171974 0.0643351 0.0109299 0.00802723
 0.478061 0.400476 0.0818303 0.0306125 0.00902037
 0.443302 0.284688 0.208709 0.042646 0.0206547
 0.525406 0.224035 0.128133 0.0939359 0.0284905
 0.678455 0.178903 0.067335 0.038511 0.0367959
 0.7939 0.145455 0.0337418 0.0126997 0.0142032
 0.722113 0.225739 0.0368038 0.00853751 0.00680709
 0.667005 0.248991 0.06824 0.0111257 0.00463861
 0.605407 0.274344 0.0899144 0.0246425 0.00569271
 0.70615 0.187634 0.0738476 0.0242031 0.00816561
 0.923436 0.0560919 0.0130724 0.00514495 0.00225512
 0.39426 0.564591 0.0301465 0.00702573 0.00397715
 0.888656 0.0472136 0.0597735 0.00319162 0.00116488
 0.602305 0.358048 0.0168116 0.0212838 0.00155124
 0.606383 0.249021 0.130181 0.00611245 0.0083025
 0.732709 0.170018 0.0615395 0.0321712 0.00356231
 0.737722 0.198304 0.0406927 0.0147291 0.00855258
 0.330142 0.509987 0.120876 0.0248041 0.0141913
 0.741489 0.0923639 0.126494 0.0299812 0.00967216
 0.631727 0.281249 0.0310931 0.0425824 0.0133488
 0.443661 0.366666 0.144853 0.016014 0.0288065
 0.737587 0.124123 0.0911422 0.0360061 0.011141
 0.690649 0.235109 0.0351168 0.0257858 0.0133388
 0.351213 0.464093 0.140369 0.020966 0.0233588
 0.438317 0.212673 0.249656 0.0755105 0.0238442
pobs_RECLAS
 0 0 0 0 0
 0 0 0 0 0
 0 0 0 0 0
 0 0 0 0 0
 0 0 0 0 0
 0 0 0 0 0
 0 0 0 0 0
 0 0 0 0 0
 0 0 0 0 0
 0 0 0 0 0
 0.991045 0.00858322 0.000360255 1.14367e-05 0
 0.934742 0.0480273 0.0164251 0.00080598 0
 0.827803 0.169806 0.00239088 0 0
 0.941827 0.0461693 0.0120037 0 0
 0.791401 0.0380133 0.147996 0.0225897 0
 0.846168 0.0940531 0.0597789 0 0
 0.134021 0.677848 0.182769 0.00536245 0
 0.80878 0.0450904 0.141981 0.00414843 0
 0.846168 0.0940531 0.0597789 0 0
 0.905697 0.0802665 0.012482 0.00150086 5.37128e-05
 0.989698 0.0102097 9.19794e-05 0 0
 0.975433 0.0193895 0.00387452 0.00125025 5.28907e-05
 0.303575 0.632131 0.0575291 0.00676475 0
 0.966965 0.00978017 0.0227588 0.000495775 0
 0.843318 0.132988 0.00938335 0.0141283 0.000182051
 0.564624 0.303363 0.111486 0.0197234 0.00080311
 0.826376 0.0876187 0.0782897 0.00655872 0.00115652
 0.89761 0.0855135 0.0140674 0.00269457 0.000114338
 0.34875 0.467042 0.161289 0.0227151 0.000203297
 0.318654 0.224769 0.449479 0.00709798 0
ppred_RECLAS
 0.45035 0.105524 0.421348 0.0227774 6.91765e-07
 0.43964 0.252992 0.0590097 0.235621 0.0127376
 0.574618 0.187876 0.10723 0.025011 0.105266
 0.770319 0.132425 0.0429545 0.0245162 0.0297855
 0.672827 0.252709 0.042933 0.0139261 0.017605
 0.765855 0.157745 0.0590118 0.0100256 0.00736303
 0.507152 0.378155 0.0772694 0.0289063 0.00851761
 0.471411 0.270314 0.198171 0.0404927 0.0196118
 0.55391 0.21058 0.120437 0.0882941 0.0267793
 0.703094 0.165194 0.0621754 0.0355601 0.0339764
 0.81184 0.132794 0.0308048 0.0115942 0.0129669
 0.744792 0.207316 0.0338002 0.00784074 0.00625154
 0.692204 0.230149 0.0630759 0.0102837 0.00428759
 0.633229 0.255 0.0835746 0.022905 0.00529133
 0.729627 0.172643 0.0679475 0.0222694 0.00751322
 0.931215 0.0503925 0.0117441 0.00462218 0.00202598
 0.421906 0.538823 0.0287706 0.00670507 0.00379563
 0.899496 0.0426171 0.0539542 0.0028809 0.00105147
 0.629609 0.333466 0.0156574 0.0198226 0.00144474
 0.633478 0.231879 0.12122 0.00569168 0.00773098
 0.754517 0.156147 0.0565187 0.0295464 0.00327167
 0.759351 0.181951 0.0373369 0.0135144 0.00784728
 0.355824 0.490434 0.116241 0.0238531 0.0136472
 0.762703 0.0847844 0.116113 0.0275209 0.00887845
 0.657798 0.261339 0.0288919 0.0395679 0.0124038
 0.471865 0.348078 0.137509 0.0152022 0.0273461
 0.759015 0.113988 0.0836998 0.0330659 0.0102313
 0.714392 0.217065 0.0324216 0.0238067 0.012315
 0.377533 0.445266 0.134675 0.0201155 0.0224112
 0.466564 0.201978 0.237101 0.0717131 0.0226451
pobs_PELACES
 0 0 0 0 0
 0 0 0 0 0
 0 0 0 0 0
 0 0 0 0 0
 0 0 0 0 0
 0 0 0 0 0
 0 0 0 0 0
 0 0 0 0 0
 0 0 0 0 0
 0 0 0 0 0
 0 0 0 0 0
 0 0 0 0 0
 0 0 0 0 0
 0 0 0 0 0
 0 0 0 0 0
 0 0 0 0 0
 0.505614 0.472636 0.0217494 0 0
 0 0 0 0 0
 0.443492 0.261883 0.143347 0.151278 0
 0.227955 0.32914 0.350689 0.0885471 0.00366901
 0.970185 0.0296113 0.000203453 0 0
 0.997202 0.00247181 0.000326279 0 0
 0.445219 0.490057 0.0546422 0.010081 0
 0.90214 0.0892962 0.00764917 0.000914606 0
 0 0 0 0 0
 0.581667 0.319106 0.0959925 0.00289975 0.000334073
 0.762889 0.0836404 0.116647 0.0363945 0.000428098
 0.88444 0.0763242 0.0277011 0.0115352 0
 0.521256 0.241999 0.230069 0.00667565 0
 0.616807 0.101726 0.260614 0.0208532 0
ppred_PELACES
 0.451096 0.105381 0.420776 0.0227464 6.90826e-07
 0.440975 0.252389 0.0588691 0.23506 0.0127073
 0.5759 0.187309 0.106906 0.0249357 0.104949
 0.771695 0.131631 0.0426971 0.0243693 0.0296071
 0.673406 0.252262 0.0428569 0.0139014 0.0175738
 0.766799 0.157108 0.0587738 0.00998513 0.00733333
 0.509947 0.37601 0.0768311 0.0287423 0.00846929
 0.471837 0.270096 0.198011 0.0404601 0.019596
 0.555544 0.209808 0.119996 0.0879706 0.0266812
 0.704849 0.164217 0.0618078 0.0353498 0.0337755
 0.81217 0.132561 0.0307507 0.0115739 0.0129441
 0.746734 0.205738 0.0335429 0.00778106 0.00620396
 0.694221 0.228641 0.0626627 0.0102163 0.00425949
 0.636735 0.252562 0.0827757 0.022686 0.00524075
 0.731599 0.171384 0.067452 0.022107 0.00745842
 0.931779 0.0499795 0.0116479 0.0045843 0.00200938
 0.423311 0.537513 0.0287007 0.00668878 0.0037864
 0.900033 0.0423894 0.0536659 0.00286551 0.00104585
 0.631615 0.33166 0.0155725 0.0197152 0.00143691
 0.635195 0.230793 0.120652 0.00566503 0.00769477
 0.755551 0.155489 0.0562806 0.029422 0.00325789
 0.760662 0.180959 0.0371335 0.0134408 0.00780452
 0.356793 0.489697 0.116067 0.0238173 0.0136267
 0.763359 0.08455 0.115792 0.0274448 0.0088539
 0.658637 0.260698 0.0288211 0.0394709 0.0123734
 0.47262 0.34758 0.137313 0.0151804 0.027307
 0.759671 0.113677 0.0834718 0.0329759 0.0102034
 0.715008 0.216597 0.0323517 0.0237554 0.0122885
 0.37826 0.444746 0.134517 0.020092 0.022385
 0.467648 0.201567 0.236618 0.0715672 0.0225991
pobs_pel_tallas
 0 0 0 0 0 0 0 0 0 0 0 0 0 0 0 0 0 0 0 0 0 0 0 0 0 0
 0 0 0 0 0 0 0 0 0 0 0 0 0 0 0 0 0 0 0 0 0 0 0 0 0 0
 0 0 0 0 0 0 0 0 0 0 0 0 0 0 0 0 0 0 0 0 0 0 0 0 0 0
 0 0 0 0 0 0 0 0 0 0 0 0 0 0 0 0 0 0 0 0 0 0 0 0 0 0
 0 0 0 0 0 0 0 0 0 0 0 0 0 0 0 0 0 0 0 0 0 0 0 0 0 0
 0 0 0 0 0 0 0 0 0 0 0 0 0 0 0 0 0 0 0 0 0 0 0 0 0 0
 0 0 0 0 0 0 0 0 0 0 0 0 0 0 0 0 0 0 0 0 0 0 0 0 0 0
 0 0 0 0 0 0 0 0 0 0 0 0 0 0 0 0 0 0 0 0 0 0 0 0 0 0
 0 0 0 0 0 0 0 0 0 0 0 0 0 0 0 0 0 0 0 0 0 0 0 0 0 0
 0 0 0 0 0 0 0 0 0 0 0 0 0 0 0 0 0 0 0 0 0 0 0 0 0 0
 0 0 0 0 0 0 0 0 0 0 0 0 0 0 0 0 0 0 0 0 0 0 0 0 0 0
 0 0 0 0 0 0 0 0 0 0 0 0 0 0 0 0 0 0 0 0 0 0 0 0 0 0
 0.00862536 0 0 0.000197151 0.00414017 0.0128641 0.00837892 0.0270097 0.101434 0.158115 0.152841 0.127902 0.109271 0.109419 0.0830992 0.0579132 0.0238553 0.00714673 0.00463305 0.00128148 0.00103504 0.000492878 0.000147863 0.000147863 4.92878e-05 0
 0 0 0 0 0 0 0 0 0 0 0 0 0 0 0 0 0 0 0 0 0 0 0 0 0 0
 0 0 0 0 0 0 0 0.0054083 0.00873648 0.0413646 0.0450493 0.0745869 0.0622846 0.0627006 0.0613931 0.0827291 0.12552 0.122667 0.0946155 0.0697135 0.0546179 0.0294188 0.0215738 0.0213955 0.0102223 0.00600262
 0 0 0 0 0.00359764 0.0251062 0.0480494 0.140153 0.205849 0.193036 0.1447 0.116669 0.0760912 0.0342217 0.00950174 0.001854 0.000860785 0 0 0 0.000165536 0 0.000143464 0 0 0
 0 0 0 0 0 0 0 0.000145254 0.000435761 0.0275982 0.070085 0.0708112 0.156366 0.174668 0.174014 0.160142 0.0824315 0.0480064 0.0283245 0.00493863 0.00203355 0 0 0 0 0
 0 0 0 0 0 0 0 0 0 0 0 0 0 0 0 0 0 0 0 0 0 0 0 0 0 0
 0 0 1.00437e-05 0.000401748 0.00122533 0.00171747 0.00176769 0.0269171 0.070346 0.194647 0.189555 0.159765 0.064822 0.0314167 0.0384472 0.0292271 0.0345202 0.0313363 0.0194345 0.0106764 0.0143323 0.0359363 0.0279516 0.0138201 0.00172751 0
 0 0.0021121 0.0136068 0.0755702 0.200478 0.177729 0.0527432 0.0373336 0.0318909 0.0142505 0.0149659 0.0166563 0.0217959 0.0798694 0.0677717 0.0528807 0.04013 0.0224614 0.0357745 0.0225083 0.00881397 0.00855152 0.00135912 0.000746735 0 0
 0 0 0 0 5.4009e-05 0.00500934 0.000945158 0.0243581 0.138947 0.33067 0.221406 0.137944 0.0707744 0.0437923 0.0131692 0.00525238 0.0047753 0.00276346 9.45158e-05 9.00151e-06 2.25038e-05 9.00151e-06 4.50075e-06 0 0 0
 0.000866109 0.00284123 0.00948549 0.0512746 0.133035 0.25785 0.225252 0.132002 0.0553304 0.0519788 0.0540692 0.017754 0.00435017 0.00159236 0.00146478 0.000404838 0.000125132 0.000115318 0.000107957 0.000100596 0 0 0 0 0 0
 0 0 0 0 0.00144013 0.00171154 0.00461396 0.0210425 0.0478622 0.0707936 0.0888783 0.103762 0.0637923 0.0337046 0.0602308 0.124433 0.169614 0.0934646 0.0462172 0.0250306 0.0313229 0.00938855 0.002487 0.000210481 0 0
 0 0.00764035 0.051015 0.0998891 0.058973 0.0496711 0.0374665 0.0718981 0.12319 0.153886 0.159021 0.0857701 0.0377988 0.023471 0.0147837 0.00900784 0.00315554 0.000888139 0.00291439 0.00214683 0.00393193 0.00274676 0.000635225 9.99891e-05 0 0
 0 0 0 0 0 0 0 0 0 0 0 0 0 0 0 0 0 0 0 0 0 0 0 0 0 0
 0 0 0 0 0 0 0 0 0 0 0 0 0 0 0 0 0 0 0 0 0 0 0 0 0 0
 0 0 0 0 0 0 0 0 0 0 0 0 0 0 0 0 0 0 0 0 0 0 0 0 0 0
 0 0 0 0 0 0 0 0 0 0 0 0 0 0 0 0 0 0 0 0 0 0 0 0 0 0
 0 0 0 0 0 0 0 0 0 0 0 0 0 0 0 0 0 0 0 0 0 0 0 0 0 0
 0 0 0 0 0 0 0 0 0 0 0 0 0 0 0 0 0 0 0 0 0 0 0 0 0 0
ppred_pel_tallas
 1.14451e-16 3.71562e-05 0.000361172 0.00240011 0.0109106 0.0339469 0.0723278 0.105567 0.105578 0.0723809 0.0341267 0.0114381 0.0037546 0.00341827 0.00613618 0.0108478 0.0173932 0.0255475 0.034965 0.0452626 0.0558533 0.0655869 0.0726445 0.075056 0.0716536 0.0628064
 1.27487e-16 3.63226e-05 0.000353069 0.00234627 0.0106658 0.0331854 0.0707059 0.103202 0.103227 0.0708254 0.033587 0.0118277 0.00526977 0.00675963 0.0122799 0.0204574 0.0300058 0.038967 0.0454805 0.0489708 0.0505896 0.0523914 0.0558213 0.0606723 0.0652026 0.0671698
 1.23395e-16 4.74361e-05 0.000461096 0.00306415 0.0139292 0.043339 0.0923389 0.134775 0.134793 0.0924279 0.0436383 0.0147959 0.00524762 0.00525397 0.00922903 0.0153949 0.0226864 0.0296516 0.0348833 0.0378598 0.0392801 0.0405162 0.0426013 0.0455426 0.0483908 0.0498521
 1.08721e-16 6.35635e-05 0.00061786 0.0041059 0.0186648 0.0580733 0.123732 0.180593 0.180605 0.123794 0.0582825 0.0192698 0.00562701 0.00394739 0.00641388 0.0105757 0.0154061 0.0197645 0.022551 0.0233108 0.0225125 0.021203 0.0203064 0.0201158 0.020283 0.0201813
 1.0567e-16 5.54676e-05 0.000539165 0.00358294 0.0162876 0.0506768 0.107973 0.157595 0.157619 0.108092 0.051076 0.0174409 0.00647898 0.0068642 0.0120769 0.0199023 0.0287251 0.0362573 0.0402116 0.0395546 0.0351251 0.0290509 0.023446 0.0194009 0.0168517 0.0151162
 1.03979e-16 6.31603e-05 0.00061394 0.00407985 0.0185464 0.0577049 0.122947 0.179448 0.179463 0.123021 0.0579546 0.0192683 0.00589485 0.00458568 0.00763436 0.0125949 0.0183099 0.0233873 0.0264445 0.0268348 0.0249983 0.0220921 0.0192181 0.0168715 0.0149415 0.0130821
 1.0663e-16 4.20038e-05 0.000408292 0.00271324 0.012334 0.0383759 0.0817654 0.119347 0.119383 0.0819427 0.0389715 0.0140546 0.00703434 0.00984859 0.0179926 0.0297367 0.0429702 0.0543305 0.0604148 0.0596608 0.0532571 0.0442781 0.0357699 0.0292923 0.0247702 0.0213071
 1.13158e-16 3.88646e-05 0.000377778 0.00251047 0.0114122 0.0355079 0.0756542 0.110425 0.110451 0.0757828 0.0359404 0.012665 0.00566786 0.00731268 0.0133339 0.0223082 0.0328966 0.0429748 0.0503674 0.0540353 0.0545625 0.0534654 0.0519379 0.050115 0.04733 0.0429263
 1.16854e-16 4.57595e-05 0.000444798 0.00295584 0.0134368 0.0418071 0.0890752 0.130012 0.130033 0.089175 0.0421425 0.014408 0.00540231 0.00581525 0.0103343 0.0172502 0.025416 0.0331951 0.0389713 0.0420806 0.0431775 0.0436348 0.0444584 0.0456037 0.0461414 0.0449833
 1.11087e-16 5.80575e-05 0.00056434 0.00375024 0.0170481 0.0530429 0.113014 0.164951 0.164967 0.113092 0.0533042 0.0178038 0.00565124 0.0047277 0.00800545 0.0132515 0.0193469 0.0249042 0.0285693 0.0297784 0.0290965 0.027781 0.0269163 0.0268001 0.026959 0.0266175
 1.04273e-16 6.68974e-05 0.000650266 0.00432125 0.0196438 0.0611192 0.130221 0.190064 0.190077 0.130284 0.0613293 0.020251 0.00584662 0.00398426 0.00641106 0.0105259 0.0152364 0.0193343 0.0216417 0.0216336 0.0197475 0.0170673 0.0146386 0.0129514 0.0118941 0.0110587
 1.02851e-16 6.15076e-05 0.000597875 0.00397309 0.0180611 0.0561949 0.11973 0.174754 0.174773 0.119827 0.0565205 0.0190014 0.00633375 0.00575257 0.00985529 0.0162063 0.0233658 0.0294388 0.0325365 0.0317902 0.027861 0.0224762 0.0173788 0.0135109 0.0109036 0.00909597
 1.03613e-16 5.71821e-05 0.00055583 0.00369369 0.016791 0.0522431 0.11131 0.162465 0.162487 0.111418 0.0526057 0.0178388 0.00632618 0.00631026 0.0110084 0.0181674 0.0263022 0.0333609 0.0372811 0.0370962 0.0334776 0.0282123 0.0230659 0.0189365 0.0157968 0.0131916
 1.05616e-16 5.24471e-05 0.000509804 0.00338783 0.0154006 0.0479171 0.102093 0.149013 0.149038 0.102213 0.0483181 0.0165599 0.00630166 0.00688347 0.0121947 0.0201759 0.0292904 0.0373205 0.0420305 0.0423792 0.0390963 0.0340893 0.02919 0.0252466 0.0221039 0.0191943
 1.0547e-16 6.02609e-05 0.000585757 0.00389256 0.017695 0.0550559 0.117303 0.171211 0.171227 0.117384 0.0553285 0.0184832 0.00587469 0.00492488 0.00833691 0.0137817 0.0200703 0.0257112 0.0292215 0.0299186 0.0282918 0.0255863 0.0229534 0.0208537 0.0190764 0.0171721
 1.01149e-16 7.67494e-05 0.000746032 0.00495764 0.0225367 0.0701201 0.149399 0.218053 0.218057 0.149422 0.0701993 0.0227656 0.00553264 0.00200268 0.0024676 0.00396927 0.00573738 0.00727264 0.00812343 0.00808563 0.00731729 0.0062215 0.00519171 0.00441992 0.00388088 0.00344456
 1.02278e-16 3.48677e-05 0.000338926 0.00225229 0.0102386 0.0318564 0.0678753 0.0990768 0.0991285 0.068128 0.0327047 0.012688 0.00839682 0.01374 0.0254492 0.041921 0.0601593 0.0751764 0.0819124 0.0780364 0.0653611 0.0486719 0.032947 0.0211056 0.013567 0.00923351
 1.02024e-16 7.41346e-05 0.000720614 0.00478874 0.0217689 0.0677312 0.144309 0.210623 0.210628 0.144329 0.0677997 0.0219679 0.00529188 0.00183072 0.00221676 0.00363671 0.00543889 0.00726964 0.00880666 0.00987634 0.0105065 0.0108174 0.0108565 0.0105382 0.00973795 0.00843628
 1.02755e-16 5.20254e-05 0.000505705 0.00336059 0.0152768 0.0475319 0.101273 0.147817 0.147849 0.101429 0.0480554 0.0167883 0.00715257 0.00877662 0.0157396 0.025886 0.0371643 0.0464883 0.0507585 0.0485674 0.0410618 0.0312046 0.0220417 0.0153037 0.0111432 0.00877212
 1.05412e-16 5.23202e-05 0.000508571 0.00337964 0.0153633 0.0478012 0.101846 0.148652 0.148675 0.101956 0.048169 0.0164274 0.0060571 0.00637503 0.0112567 0.0186902 0.0272981 0.0351148 0.0401398 0.0413999 0.0394383 0.0357763 0.0318288 0.0281822 0.0246708 0.0209411
 1.05166e-16 6.22337e-05 0.000604934 0.00402 0.0182743 0.0568584 0.121143 0.176815 0.17683 0.121217 0.0571055 0.0189891 0.00581722 0.00453868 0.007564 0.0124881 0.0181779 0.0232742 0.0264353 0.0270533 0.0255903 0.0231952 0.0209209 0.0191733 0.0177261 0.016125
 1.03787e-16 6.26548e-05 0.000609027 0.0040472 0.018398 0.057243 0.121963 0.178012 0.17803 0.122048 0.0575297 0.0192261 0.006127 0.00515296 0.00870351 0.0143191 0.0206921 0.0261739 0.0291301 0.0288165 0.0258131 0.0216058 0.0176602 0.0147168 0.0127178 0.0112022
 1.0817e-16 2.93887e-05 0.000285668 0.00189837 0.00862973 0.0268506 0.0572097 0.0835091 0.0835564 0.0574407 0.0276265 0.010872 0.00753052 0.0125932 0.0234402 0.0388009 0.0561165 0.0710415 0.0791484 0.0783809 0.0702335 0.0586334 0.0474768 0.0387685 0.0324544 0.027473
 1.07614e-16 6.28769e-05 0.000611186 0.00406154 0.0184632 0.0574459 0.122395 0.178641 0.178649 0.122436 0.0575832 0.0188619 0.00507061 0.00284166 0.00438036 0.00735559 0.0110907 0.0149997 0.0185097 0.0213366 0.0235678 0.0254132 0.0268535 0.0275268 0.0269535 0.0248905
 1.06951e-16 5.42511e-05 0.00052734 0.00350436 0.0159303 0.0495653 0.105605 0.154139 0.154164 0.105728 0.0499776 0.0171212 0.00649376 0.00705425 0.0124539 0.0205153 0.029584 0.0372968 0.0413045 0.0405782 0.0360476 0.0299805 0.0246 0.0210028 0.0190117 0.0177603
 1.10195e-16 3.89291e-05 0.000378405 0.00251464 0.0114312 0.0355668 0.0757802 0.11061 0.110644 0.0759446 0.0361195 0.0130291 0.00653263 0.00917268 0.0168084 0.0279029 0.0406059 0.0519343 0.0588513 0.0599378 0.0561664 0.0500809 0.0440875 0.0392436 0.0352651 0.0313527
 1.07472e-16 6.25732e-05 0.000608233 0.00404192 0.018374 0.0571684 0.121804 0.177778 0.17779 0.121858 0.0573506 0.0189018 0.00537244 0.00353198 0.00567217 0.00942833 0.0139307 0.0182718 0.0215663 0.0234149 0.0240942 0.0242462 0.024332 0.0243135 0.0237769 0.0223112
 1.05451e-16 5.88943e-05 0.000572473 0.00380429 0.0172938 0.0538074 0.114643 0.167329 0.16735 0.114745 0.0541501 0.0182839 0.00629024 0.00600161 0.010377 0.0170822 0.0246534 0.0311216 0.034533 0.0340187 0.0303215 0.0252866 0.0207284 0.0175526 0.015645 0.0143496
 1.09799e-16 3.11569e-05 0.000302856 0.00201259 0.00914895 0.028466 0.0606514 0.0885315 0.0885745 0.0608615 0.0291717 0.0111888 0.00713852 0.0115116 0.0213738 0.0354305 0.0513752 0.0653187 0.0732963 0.073462 0.0671272 0.0577306 0.0486219 0.0414297 0.0359749 0.0312681
 1.17882e-16 3.85196e-05 0.000374425 0.00248818 0.0113109 0.0351926 0.0749823 0.109443 0.109463 0.0750791 0.0355186 0.0122571 0.00488041 0.00565361 0.0102325 0.017297 0.0259521 0.0348286 0.0425233 0.0483727 0.0526916 0.0561821 0.059043 0.0606027 0.0597665 0.0558261
pSPR Fmed_Fpbrs
0.738629   0.192221 0.192221
Fs Fmed_Fpbrs
0.151235   1.005 1.005
SSBpbr Bo_Bmed_Bpbrs
2.56405e+06  1.76568e+06  364662 364662
Ro
235106
SPR SPRFo_SPRFmed_SPRFpbrs
1.67357e+06 1.23615e+06 321696
Fref
1.005
log_Ro
12.1878
likeval ReclasPelacesDesembMPH_pf_preclas_ppelaces_ptallas_desvR_qrecl_qpela
 15.8792 16.9191 0.0997093 0.000809004 229.18 106.977 76.5455 0 22.4807 1.43591e-05 5.98654e-06 0.50748 0 0 0
q_reclas_q_pelaces
0.58452 0.70603
M
1
N
 247609 58284.2 232724 12580.6 0.382084
 145441 84383.8 19682.3 78589.9 4248.56
 141507 46635.9 26617.4 6208.43 26129.9
 261969 45570 14781.5 8436.49 10249.8
 209718 79083.6 13435.6 4358.08 5509.35
 347571 72164.1 26996.4 4586.44 3368.4
 147489 111854 22855.4 8550.15 2519.41
 71060.8 40852.9 29949.8 6119.73 2963.97
 65189.5 25032.7 14317 10496 3183.4
 85206 20276.6 7631.66 4364.79 4170.4
 154253 25314.3 5872.25 2210.18 2471.85
 190011 53717.8 8757.99 2031.62 1619.84
 159807 53902.7 14772.9 2408.53 1004.19
 112177 46220.9 15148.6 4151.72 959.097
 117039 28117 11066.1 3626.85 1223.62
 608890 33393.9 7782.56 3063.01 1342.57
 138964 179028 9559.22 2227.81 1261.12
 924006 44175 55926.5 2986.21 1089.91
 544680 292274 13723.3 17373.9 1266.27
 435062 161046 84190.5 3953.03 5369.37
 635596 132655 48015.7 25101.3 2779.47
 837625 202904 41636.7 15070.8 8750.99
 185110 256774 60860 12488.7 7145.2
 547357 61181.4 83788.8 19859.4 6406.79
 459654 183653 20303.5 27805.9 8716.62
 207576 153826 60769.4 6718.28 12085
 468326 70716.4 51926.1 20513.6 6347.34
 515280 157284 23492.4 17250.2 8923.38
 148177 175582 53106.4 7932.17 8837.44
 115647 50395.8 59159.3 17893.2 5650.21
pred_Ctot
 11595.8 3044.1 12154.8 657.07 0.0199557
 11935.7 7700.69 1796.17 7171.95 387.715
 11269.1 4130.77 2357.63 549.911 2314.45
 30191.1 5823.66 1889.01 1078.15 1309.88
 8615.69 3625.1 615.871 199.769 252.542
 27812.1 6422.37 2402.59 408.179 299.777
 23571.3 19745.9 4034.73 1509.38 444.759
 1912.46 1228.18 900.393 183.98 89.1069
 6454.49 2752.22 1574.08 1153.98 349.999
 10545.3 2780.71 1046.6 598.582 571.924
 5227.77 957.813 222.187 83.6262 93.527
 28077.4 8777.24 1431.02 331.958 264.675
 22024.3 8221.59 2253.26 367.365 153.165
 23310.3 10563.2 3462.01 948.821 219.189
 16949.4 4503.68 1772.53 580.935 195.995
 78695.6 4780.18 1114.04 438.455 192.182
 12079.9 17298.7 923.671 215.264 121.858
 82889.4 4403.85 5575.37 297.698 108.654
 68794.7 40895.9 1920.2 2431.01 177.181
 47798.6 19629.3 10261.6 481.819 654.451
 53745.4 12471.1 4514.02 2359.81 261.301
 89592.1 24082.9 4941.89 1788.76 1038.66
 11989.1 18520.1 4389.59 900.759 515.355
 30658.5 3818.99 5230.16 1239.64 399.916
 26444.6 11773.3 1301.58 1782.54 558.791
 9763.62 8069.19 3187.77 352.419 633.942
 25973.7 4370.94 3209.52 1267.93 392.325
 24170.1 8227.94 1228.95 902.405 466.807
 7116.87 9404.23 2844.39 424.848 473.335
 7720.77 3746.14 4397.58 1330.09 420.006
F
 0.0764745 0.0856101 0.0856101 0.0856101 0.0856101
 0.137398 0.153812 0.153812 0.153812 0.153812
 0.133098 0.148998 0.148998 0.148998 0.148998
 0.197722 0.221342 0.221342 0.221342 0.221342
 0.0668204 0.0748027 0.0748027 0.0748027 0.0748027
 0.133773 0.149754 0.149754 0.149754 0.149754
 0.283772 0.317671 0.317671 0.317671 0.317671
 0.043351 0.0485297 0.0485297 0.0485297 0.0485297
 0.167831 0.187879 0.187879 0.187879 0.187879
 0.2137 0.239229 0.239229 0.239229 0.239229
 0.0548515 0.061404 0.061404 0.061404 0.061404
 0.259901 0.290949 0.290949 0.290949 0.290949
 0.240539 0.269273 0.269273 0.269273 0.269273
 0.383707 0.429544 0.429544 0.429544 0.429544
 0.254131 0.284489 0.284489 0.284489 0.284489
 0.224098 0.250868 0.250868 0.250868 0.250868
 0.146053 0.163501 0.163501 0.163501 0.163501
 0.151026 0.169067 0.169067 0.169067 0.169067
 0.218508 0.24461 0.24461 0.24461 0.24461
 0.187734 0.210161 0.210161 0.210161 0.210161
 0.141829 0.158771 0.158771 0.158771 0.158771
 0.182373 0.204159 0.204159 0.204159 0.204159
 0.107104 0.119898 0.119898 0.119898 0.119898
 0.0920548 0.103052 0.103052 0.103052 0.103052
 0.0946536 0.105961 0.105961 0.105961 0.105961
 0.0768208 0.0859977 0.0859977 0.0859977 0.0859977
 0.0911139 0.101998 0.101998 0.101998 0.101998
 0.0766022 0.085753 0.085753 0.085753 0.085753
 0.0784973 0.0878745 0.0878745 0.0878745 0.0878745
 0.110558 0.123765 0.123765 0.123765 0.123765
nmprior
 8 8 7 0
nm_flota  nm_reclas  nm_pelaces    nm_pelaL
inf 11.4647 15.1521 26.0955
cv_recla  cv_pelaces  cv_mph
0.368928 0.484008 0.87777
 ------------------------------------------------
Talla a la edad & desviación 
 8 13.2811 15.8009 17.003 17.5766
 0.8 1.32811 1.58009 1.7003 1.75766
