years
 1991 1992 1993 1994 1995 1996 1997 1998 1999 2000 2001 2002 2003 2004 2005 2006 2007 2008 2009 2010 2011 2012 2013 2014 2015 2016 2017 2018 2019 2020
reclasobs
 0 0 0 0 0 0 0 0 0 252601 567819 844713 477998 351125 339783 2.1784e+06 2.13404e+06 4.81314e+06 1.55562e+06 2.62356e+06 3.21686e+06 3.843e+06 1.13348e+06 3.07943e+06 1.97215e+06 2.03268e+06 2.025e+06 2.42433e+06 2.27542e+06 1.05018e+06
reclaspred
 6.62028e+06 1.70126e+06 1.04651e+06 840020 142502 3.31101e+06 1.36797e+06 352700 996465 238529 357530 880924 730788 584656 390103 1.92004e+06 789976 4.6238e+06 2.53724e+06 2.22543e+06 2.96526e+06 3.31263e+06 1.59191e+06 3.34576e+06 2.4985e+06 1.46076e+06 2.10551e+06 3.79549e+06 2.87094e+06 589415
pelacesobs
 0 0 0 0 0 0 0 0 0 0 0 0 0 0 0 552880 188675 0 991730 2.46772e+06 1.41603e+06 1.21717e+06 2.29649e+06 1.80582e+06 0 1.4828e+06 1.56532e+06 1.57751e+06 1.42118e+06 867257
pelacespred
 7.54335e+06 1.78975e+06 561791 343480 58584.5 1.76017e+06 809043 322590 515177 97385.1 182629 363706 343288 247780 153415 780846 384984 2.46029e+06 1.42282e+06 1.00914e+06 1.48904e+06 1.62509e+06 1.00945e+06 2.0763e+06 1.65376e+06 1.024e+06 1.39214e+06 2.57401e+06 2.24479e+06 456668
mphobs
 0 0 0 0 0 0 0 0 0 0 0 498337 0 5186 125008 0 168611 109162 213762 579715 649985 157893 87575 83554 0 0 0 0 0 0
mphpred
 1.7035e+06 660683 99640.1 144234 57401.1 7539.08 474502 97660.4 29750.1 100270 9579.3 49931.1 88203.3 48892.8 28466.7 26191.6 236569 57518.2 584040 189593 307382 274190 415514 150909 424970 317553 136121 240666 655558 249732
desembarqueobs
 494567 514787 250237 358949 120608 361735 552515 73892 212993 205616 52469 317467 293654 387597 252695 516296 358380 742168 942051 627588 828172 859565 418607 520667 417249 300574 407403 355545 319650 289779
desembarquepred
 494491 514310 250031 358385 120476 361511 551749 73857.2 212803 205346 52445.8 317072 293204 386754 252287 515651 358035 741377 940072 626333 827390 858261 418105 520231 416693 300184 406941 355226 319222 289029
Reclutas
 8432.75 5190.48 176397 52516.7 5624.93 287050 6855.06 1888.57 56199.6 7688.09 34845.3 116913 71478.4 69654.1 40928.7 260650 8857.37 460631 142515 242887 181268 425982 11180.8 178123 139636 23172.7 128919 198379 17119.6 6049.24
log_desv_Rt
 -1.71847 -2.20377 1.32214 0.110536 -2.12339 1.80906 -1.92561 -3.21478 0.178315 -1.81092 -0.299678 0.910839 0.418801 0.392947 -0.138764 1.71259 -1.66935 2.282 1.10885 1.642 1.34938 2.2038 -1.43639 1.33188 1.08845 -0.707621 1.00859 1.43958 -1.01037 -2.05066
SSB
 1.68461e+06 653354 98534.8 142634 56764.4 7455.45 469239 96577.1 29420.1 99158 9473.05 49377.3 87224.9 48350.5 28150.9 25901.1 233945 56880.2 577561 187490 303973 271149 410905 149235 420256 314031 134611 237996 648287 246962
BT
 2.09758e+06 932937 420602 380417 113569 1.27261e+06 709891 147013 445519 209512 134484 437608 412782 525287 324476 819481 390524 1.96469e+06 1.38306e+06 926408 1.32179e+06 1.45058e+06 623892 1.48054e+06 946081 560602 1.07293e+06 1.53098e+06 870003 409174
Ftot
 0.309728 1.1247 1.12183 1.64028 2.50819 0.574368 1.42857 0.830914 1.05629 2.54743 0.745963 1.6272 1.6842 2.63302 2.62198 1.31774 1.59249 0.81928 1.45727 1.29355 1.21961 1.20116 1.01104 0.76868 0.739281 0.840542 0.932537 0.468421 0.458229 1.68567
BD_Bspro_t
 0.951651 0.614466 0.205418 0.278293 0.10284 0.0202086 0.45563 0.137058 0.0690885 0.207973 0.0373535 0.238095 0.213439 0.111307 0.0641735 0.0620958 0.254687 0.0803206 0.373525 0.15838 0.19496 0.179402 0.255327 0.126224 0.316166 0.305495 0.201406 0.338971 0.552538 0.316532
BD_Bspro
 5.03297 1.95198 0.294385 0.426137 0.169591 0.0222741 1.40191 0.288536 0.0878963 0.296247 0.0283019 0.147521 0.260595 0.144453 0.0841044 0.0773826 0.698941 0.169937 1.72554 0.56015 0.908156 0.810091 1.22763 0.445858 1.25557 0.938205 0.402168 0.711043 1.93684 0.73783
BD_Bo
 1.12813 0.437532 0.0659859 0.0955179 0.0380134 0.0049927 0.314236 0.0646748 0.0197018 0.0664032 0.00634382 0.0330665 0.058412 0.0323789 0.0188518 0.0173452 0.156666 0.038091 0.386776 0.125557 0.203562 0.18158 0.275171 0.0999382 0.281433 0.210297 0.0901453 0.159379 0.434138 0.165383
BD_Brms
 5.54703 2.15135 0.324453 0.469662 0.186912 0.0245491 1.5451 0.318007 0.0968739 0.326505 0.0311926 0.162588 0.287212 0.159207 0.0926947 0.0852864 0.770329 0.187294 1.90178 0.617363 1.00091 0.892833 1.35302 0.491397 1.38381 1.03403 0.443245 0.783668 2.13466 0.813191
Sel_flota
 0.618436 1 1 1 1
 0.618436 1 1 1 1
 0.618436 1 1 1 1
 0.618436 1 1 1 1
 0.618436 1 1 1 1
 0.618436 1 1 1 1
 0.618436 1 1 1 1
 0.618436 1 1 1 1
 0.618436 1 1 1 1
 0.618436 1 1 1 1
 0.618436 1 1 1 1
 0.618436 1 1 1 1
 0.618436 1 1 1 1
 0.618436 1 1 1 1
 0.618436 1 1 1 1
 0.618436 1 1 1 1
 0.618436 1 1 1 1
 0.618436 1 1 1 1
 0.618436 1 1 1 1
 0.618436 1 1 1 1
 0.618436 1 1 1 1
 0.618436 1 1 1 1
 0.618436 1 1 1 1
 0.618436 1 1 1 1
 0.618436 1 1 1 1
 0.618436 1 1 1 1
 0.618436 1 1 1 1
 0.618436 1 1 1 1
 0.618436 1 1 1 1
 0.618436 1 1 1 1
Sel_reclas
 0.793122 1 1 1 1
 0.793122 1 1 1 1
 0.793122 1 1 1 1
 0.793122 1 1 1 1
 0.793122 1 1 1 1
 0.793122 1 1 1 1
 0.793122 1 1 1 1
 0.793122 1 1 1 1
 0.793122 1 1 1 1
 0.793122 1 1 1 1
 0.793122 1 1 1 1
 0.793122 1 1 1 1
 0.793122 1 1 1 1
 0.793122 1 1 1 1
 0.793122 1 1 1 1
 0.793122 1 1 1 1
 0.793122 1 1 1 1
 0.793122 1 1 1 1
 0.793122 1 1 1 1
 0.793122 1 1 1 1
 0.793122 1 1 1 1
 0.793122 1 1 1 1
 0.793122 1 1 1 1
 0.793122 1 1 1 1
 0.793122 1 1 1 1
 0.793122 1 1 1 1
 0.793122 1 1 1 1
 0.793122 1 1 1 1
 0.793122 1 1 1 1
 0.793122 1 1 1 1
Sel_pelaces
 0.36623 0.744124 0.936044 0.986605 0.99731
 0.36623 0.744124 0.936044 0.986605 0.99731
 0.36623 0.744124 0.936044 0.986605 0.99731
 0.36623 0.744124 0.936044 0.986605 0.99731
 0.36623 0.744124 0.936044 0.986605 0.99731
 0.36623 0.744124 0.936044 0.986605 0.99731
 0.36623 0.744124 0.936044 0.986605 0.99731
 0.36623 0.744124 0.936044 0.986605 0.99731
 0.36623 0.744124 0.936044 0.986605 0.99731
 0.36623 0.744124 0.936044 0.986605 0.99731
 0.36623 0.744124 0.936044 0.986605 0.99731
 0.36623 0.744124 0.936044 0.986605 0.99731
 0.36623 0.744124 0.936044 0.986605 0.99731
 0.36623 0.744124 0.936044 0.986605 0.99731
 0.36623 0.744124 0.936044 0.986605 0.99731
 0.36623 0.744124 0.936044 0.986605 0.99731
 0.36623 0.744124 0.936044 0.986605 0.99731
 0.36623 0.744124 0.936044 0.986605 0.99731
 0.36623 0.744124 0.936044 0.986605 0.99731
 0.36623 0.744124 0.936044 0.986605 0.99731
 0.36623 0.744124 0.936044 0.986605 0.99731
 0.36623 0.744124 0.936044 0.986605 0.99731
 0.36623 0.744124 0.936044 0.986605 0.99731
 0.36623 0.744124 0.936044 0.986605 0.99731
 0.36623 0.744124 0.936044 0.986605 0.99731
 0.36623 0.744124 0.936044 0.986605 0.99731
 0.36623 0.744124 0.936044 0.986605 0.99731
 0.36623 0.744124 0.936044 0.986605 0.99731
 0.36623 0.744124 0.936044 0.986605 0.99731
 0.36623 0.744124 0.936044 0.986605 0.99731
pf_obs 
 0.8446 0.082 0.0669 0.0065 0
 0.8095 0.147 0.0364 0.0071 0
 0.9664 0.0169 0.016 0.0007 0
 0.9276 0.0648 0.0075 0.0001 0
 0.7033 0.2144 0.0806 0.0017 0
 0.9318 0.0425 0.0243 0.0014 0
 0.5671 0.3108 0.0964 0.0239 0.0018
 0.0768 0.2599 0.5324 0.112 0.0189
 0.490249 0.384438 0.106611 0.0170017 0.00170017
 0.7925 0.1577 0.0466 0.003 0.0002
 0.840416 0.127587 0.0312969 0.00059994 9.999e-05
 0.8084 0.0986 0.0794 0.0134 0.0002
 0.7335 0.1905 0.0724 0.0035 0.0001
 0.4001 0.4547 0.1325 0.0127 0
 0.49795 0.308269 0.164784 0.0264974 0.00249975
 0.9179 0.0499 0.0305 0.0017 0
 0.2467 0.6533 0.0926 0.0074 0
 0.9418 0.0223 0.034 0.0019 0
 0.707729 0.231977 0.0356964 0.0245975 0
 0.517169 0.277429 0.184464 0.0207286 0.00020938
 0.811772 0.124168 0.05621 0.00726502 0.000585176
 0.764997 0.148141 0.077277 0.00933861 0.000247198
 0.163321 0.427699 0.378323 0.0303852 0.000271297
 0.753843 0.0900009 0.118128 0.0371064 0.000921714
 0.721811 0.176058 0.0630433 0.0369309 0.00215725
 0.143369 0.312575 0.442814 0.0836902 0.0175525
 0.692698 0.0596174 0.167031 0.0765114 0.00414204
 0.394062 0.376323 0.152708 0.0712218 0.00568511
 0.125707 0.32114 0.495352 0.0537591 0.00404204
 0.23352 0.215282 0.420074 0.123614 0.00750983
pf_pred 
 0.050948 0.167621 0.686559 0.0948709 7.95163e-07
 0.110436 0.0758398 0.14372 0.588661 0.0813437
 0.965399 0.00725595 0.0023313 0.00441792 0.0205958
 0.546456 0.446058 0.00156977 0.00050436 0.00541154
 0.326996 0.503841 0.166371 0.000585494 0.00220651
 0.996289 0.00226428 0.001083 0.000357611 6.00137e-06
 0.0641338 0.933987 0.00114649 0.000548362 0.000184111
 0.147513 0.1172 0.733811 0.000900766 0.000575486
 0.960905 0.0099634 0.00400507 0.0250764 5.04478e-05
 0.362276 0.625593 0.00309163 0.00124277 0.00779683
 0.963749 0.0235448 0.0124645 6.15984e-05 0.000180107
 0.914685 0.0836867 0.00105737 0.000559766 1.08547e-05
 0.768856 0.222709 0.00827416 0.000104543 5.64176e-05
 0.845185 0.13822 0.0159895 0.000594049 1.15563e-05
 0.862684 0.130201 0.00635159 0.000734766 2.78294e-05
 0.983956 0.0153143 0.000691906 3.37531e-05 4.05253e-06
 0.13497 0.858818 0.00592916 0.000267882 1.4637e-05
 0.986368 0.00375663 0.00980487 6.76914e-05 3.22543e-06
 0.507571 0.488999 0.000945116 0.00246677 1.78417e-05
 0.855152 0.102459 0.0420936 8.13568e-05 0.000213879
 0.752909 0.229714 0.0122913 0.00504971 3.54176e-05
 0.895394 0.0909937 0.0126553 0.000677147 0.000280147
 0.0917372 0.862117 0.0401409 0.00558275 0.0004223
 0.906177 0.016242 0.0736393 0.00342871 0.000512933
 0.690937 0.293441 0.00270428 0.0122609 0.000656279
 0.286917 0.578925 0.127376 0.00117387 0.00560705
 0.888055 0.0496584 0.0505678 0.011126 0.000592298
 0.822933 0.166714 0.00459249 0.00467659 0.00108373
 0.156372 0.753717 0.0846546 0.00233199 0.00292499
 0.194985 0.201328 0.539348 0.0605774 0.00376181
pobs_RECLAS
 0 0 0 0 0
 0 0 0 0 0
 0 0 0 0 0
 0 0 0 0 0
 0 0 0 0 0
 0 0 0 0 0
 0 0 0 0 0
 0 0 0 0 0
 0 0 0 0 0
 0 0 0 0 0
 0.991045 0.00858322 0.000360255 1.14367e-05 0
 0.934742 0.0480273 0.0164251 0.00080598 0
 0.827803 0.169806 0.00239088 0 0
 0.941827 0.0461693 0.0120037 0 0
 0.791401 0.0380133 0.147996 0.0225897 0
 0.846168 0.0940531 0.0597789 0 0
 0.134021 0.677848 0.182769 0.00536245 0
 0.80878 0.0450904 0.141981 0.00414843 0
 0.846168 0.0940531 0.0597789 0 0
 0.905697 0.0802665 0.012482 0.00150086 5.37128e-05
 0.989698 0.0102097 9.19794e-05 0 0
 0.975433 0.0193895 0.00387452 0.00125025 5.28907e-05
 0.303575 0.632131 0.0575291 0.00676475 0
 0.966965 0.00978017 0.0227588 0.000495775 0
 0.843318 0.132988 0.00938335 0.0141283 0.000182051
 0.564624 0.303363 0.111486 0.0197234 0.00080311
 0.826376 0.0876187 0.0782897 0.00655872 0.00115652
 0.89761 0.0855135 0.0140674 0.00269457 0.000114338
 0.34875 0.467042 0.161289 0.0227151 0.000203297
 0.318654 0.224769 0.449479 0.00709798 0
ppred_RECLAS
 0.0651394 0.165115 0.676293 0.0934523 7.83273e-07
 0.145162 0.0728792 0.138109 0.565681 0.0781683
 0.97446 0.00535573 0.00172077 0.00326094 0.0152021
 0.633366 0.360583 0.00126897 0.000407712 0.00437456
 0.434807 0.423129 0.139719 0.000491701 0.00185304
 0.997178 0.00172207 0.000823661 0.000271977 4.56427e-06
 0.0878077 0.910361 0.00111748 0.000534491 0.000179453
 0.187975 0.111637 0.698981 0.000858012 0.000548171
 0.97096 0.00740076 0.00297494 0.0186267 3.74724e-05
 0.47478 0.515229 0.00254622 0.00102352 0.00642136
 0.972499 0.0178618 0.00945597 4.67306e-05 0.000136636
 0.938845 0.0599878 0.000757937 0.000401248 7.78083e-06
 0.827304 0.166394 0.00618192 7.81076e-05 4.21516e-05
 0.897788 0.0912558 0.0105567 0.000392205 7.62972e-06
 0.909857 0.0854729 0.00416961 0.000482349 1.8269e-05
 0.98841 0.0110629 0.000499828 2.4383e-05 2.92752e-06
 0.182103 0.812023 0.00560609 0.000253285 1.38395e-05
 0.989766 0.00282002 0.00736031 5.08145e-05 2.42126e-06
 0.592129 0.40503 0.000782825 0.00204319 1.4778e-05
 0.89121 0.0769534 0.0316152 6.11045e-05 0.000160637
 0.807732 0.178747 0.00956423 0.00392932 2.75594e-05
 0.92177 0.0680498 0.00946429 0.000506405 0.000209508
 0.120428 0.834884 0.038873 0.0054064 0.00040896
 0.927882 0.0124845 0.0566033 0.0026355 0.000394269
 0.748257 0.239018 0.00220273 0.0099869 0.000534563
 0.350075 0.52765 0.116095 0.0010699 0.00511043
 0.914459 0.037946 0.0386409 0.00850186 0.000452598
 0.858762 0.13298 0.00366321 0.0037303 0.000864441
 0.195082 0.719132 0.0807701 0.00222498 0.00279078
 0.258647 0.185407 0.496695 0.0557868 0.00346432
pobs_PELACES
 0 0 0 0 0
 0 0 0 0 0
 0 0 0 0 0
 0 0 0 0 0
 0 0 0 0 0
 0 0 0 0 0
 0 0 0 0 0
 0 0 0 0 0
 0 0 0 0 0
 0 0 0 0 0
 0 0 0 0 0
 0 0 0 0 0
 0 0 0 0 0
 0 0 0 0 0
 0 0 0 0 0
 0 0 0 0 0
 0.505614 0.472636 0.0217494 0 0
 0 0 0 0 0
 0.443492 0.261883 0.143347 0.151278 0
 0.227955 0.32914 0.350689 0.0885471 0.00366901
 0.970185 0.0296113 0.000203453 0 0
 0.997202 0.00247181 0.000326279 0 0
 0.445219 0.490057 0.0546422 0.010081 0
 0.90214 0.0892962 0.00764917 0.000914606 0
 0 0 0 0 0
 0.581667 0.319106 0.0959925 0.00289975 0.000334073
 0.762889 0.0836404 0.116647 0.0363945 0.000428098
 0.88444 0.0763242 0.0277011 0.0115352 0
 0.521256 0.241999 0.230069 0.00667565 0
 0.616807 0.101726 0.260614 0.0208532 0
ppred_PELACES
 0.0355646 0.139719 0.719869 0.104847 8.88313e-07
 0.0861144 0.0604721 0.144154 0.622331 0.0869294
 0.955783 0.00735021 0.00297067 0.00593364 0.027962
 0.567278 0.42333 0.00187402 0.000634638 0.00688324
 0.380663 0.435301 0.18081 0.000670681 0.00255497
 0.995324 0.00257671 0.00155029 0.000539567 9.15315e-06
 0.0666973 0.930895 0.0014374 0.000724644 0.000245936
 0.1154 0.0994738 0.783458 0.00101366 0.000654636
 0.950437 0.0102204 0.00516797 0.0341054 6.93564e-05
 0.434528 0.551382 0.00342767 0.00145227 0.00921009
 0.956702 0.0257782 0.0171666 8.94182e-05 0.000264286
 0.920824 0.0772494 0.00122777 0.000685082 1.3429e-05
 0.784506 0.205684 0.00961251 0.000128013 6.98332e-05
 0.880768 0.103561 0.0150699 0.000590127 1.16045e-05
 0.895783 0.0974783 0.00598171 0.000729356 2.79241e-05
 0.98406 0.0150358 0.000854531 4.39382e-05 5.33261e-06
 0.144219 0.848046 0.00736481 0.000350719 1.93711e-05
 0.982471 0.00406882 0.0133587 9.72081e-05 4.68213e-06
 0.519231 0.476401 0.00115825 0.00318634 2.32963e-05
 0.847607 0.100216 0.0517911 0.000105507 0.000280376
 0.748831 0.229031 0.0154154 0.00667529 4.7327e-05
 0.891588 0.0911834 0.0159524 0.000899673 0.000376248
 0.0869294 0.855086 0.050082 0.00734159 0.00056137
 0.878521 0.0172914 0.0986163 0.00483969 0.000731869
 0.665851 0.312293 0.00362028 0.0173005 0.000936081
 0.261508 0.571395 0.158144 0.00153614 0.00741707
 0.866368 0.0515158 0.0659892 0.0153034 0.000823517
 0.79732 0.18757 0.00649964 0.00697618 0.00163417
 0.134195 0.75249 0.106315 0.00308686 0.00391383
 0.182524 0.170526 0.574651 0.0680289 0.00427038
pobs_pel_tallas
 0 0 0 0 0 0 0 0 0 0 0 0 0 0 0 0 0 0 0 0 0 0 0 0 0 0
 0 0 0 0 0 0 0 0 0 0 0 0 0 0 0 0 0 0 0 0 0 0 0 0 0 0
 0 0 0 0 0 0 0 0 0 0 0 0 0 0 0 0 0 0 0 0 0 0 0 0 0 0
 0 0 0 0 0 0 0 0 0 0 0 0 0 0 0 0 0 0 0 0 0 0 0 0 0 0
 0 0 0 0 0 0 0 0 0 0 0 0 0 0 0 0 0 0 0 0 0 0 0 0 0 0
 0 0 0 0 0 0 0 0 0 0 0 0 0 0 0 0 0 0 0 0 0 0 0 0 0 0
 0 0 0 0 0 0 0 0 0 0 0 0 0 0 0 0 0 0 0 0 0 0 0 0 0 0
 0 0 0 0 0 0 0 0 0 0 0 0 0 0 0 0 0 0 0 0 0 0 0 0 0 0
 0 0 0 0 0 0 0 0 0 0 0 0 0 0 0 0 0 0 0 0 0 0 0 0 0 0
 0 0 0 0 0 0 0 0 0 0 0 0 0 0 0 0 0 0 0 0 0 0 0 0 0 0
 0 0 0 0 0 0 0 0 0 0 0 0 0 0 0 0 0 0 0 0 0 0 0 0 0 0
 0 0 0 0 0 0 0 0 0 0 0 0 0 0 0 0 0 0 0 0 0 0 0 0 0 0
 0.00862536 0 0 0.000197151 0.00414017 0.0128641 0.00837892 0.0270097 0.101434 0.158115 0.152841 0.127902 0.109271 0.109419 0.0830992 0.0579132 0.0238553 0.00714673 0.00463305 0.00128148 0.00103504 0.000492878 0.000147863 0.000147863 4.92878e-05 0
 0 0 0 0 0 0 0 0 0 0 0 0 0 0 0 0 0 0 0 0 0 0 0 0 0 0
 0 0 0 0 0 0 0 0.0054083 0.00873648 0.0413646 0.0450493 0.0745869 0.0622846 0.0627006 0.0613931 0.0827291 0.12552 0.122667 0.0946155 0.0697135 0.0546179 0.0294188 0.0215738 0.0213955 0.0102223 0.00600262
 0 0 0 0 0.00359764 0.0251062 0.0480494 0.140153 0.205849 0.193036 0.1447 0.116669 0.0760912 0.0342217 0.00950174 0.001854 0.000860785 0 0 0 0.000165536 0 0.000143464 0 0 0
 0 0 0 0 0 0 0 0.000145254 0.000435761 0.0275982 0.070085 0.0708112 0.156366 0.174668 0.174014 0.160142 0.0824315 0.0480064 0.0283245 0.00493863 0.00203355 0 0 0 0 0
 0 0 0 0 0 0 0 0 0 0 0 0 0 0 0 0 0 0 0 0 0 0 0 0 0 0
 0 0 1.00437e-05 0.000401748 0.00122533 0.00171747 0.00176769 0.0269171 0.070346 0.194647 0.189555 0.159765 0.064822 0.0314167 0.0384472 0.0292271 0.0345202 0.0313363 0.0194345 0.0106764 0.0143323 0.0359363 0.0279516 0.0138201 0.00172751 0
 0 0.0021121 0.0136068 0.0755702 0.200478 0.177729 0.0527432 0.0373336 0.0318909 0.0142505 0.0149659 0.0166563 0.0217959 0.0798694 0.0677717 0.0528807 0.04013 0.0224614 0.0357745 0.0225083 0.00881397 0.00855152 0.00135912 0.000746735 0 0
 0 0 0 0 5.4009e-05 0.00500934 0.000945158 0.0243581 0.138947 0.33067 0.221406 0.137944 0.0707744 0.0437923 0.0131692 0.00525238 0.0047753 0.00276346 9.45158e-05 9.00151e-06 2.25038e-05 9.00151e-06 4.50075e-06 0 0 0
 0.000866109 0.00284123 0.00948549 0.0512746 0.133035 0.25785 0.225252 0.132002 0.0553304 0.0519788 0.0540692 0.017754 0.00435017 0.00159236 0.00146478 0.000404838 0.000125132 0.000115318 0.000107957 0.000100596 0 0 0 0 0 0
 0 0 0 0 0.00144013 0.00171154 0.00461396 0.0210425 0.0478622 0.0707936 0.0888783 0.103762 0.0637923 0.0337046 0.0602308 0.124433 0.169614 0.0934646 0.0462172 0.0250306 0.0313229 0.00938855 0.002487 0.000210481 0 0
 0 0.00764035 0.051015 0.0998891 0.058973 0.0496711 0.0374665 0.0718981 0.12319 0.153886 0.159021 0.0857701 0.0377988 0.023471 0.0147837 0.00900784 0.00315554 0.000888139 0.00291439 0.00214683 0.00393193 0.00274676 0.000635225 9.99891e-05 0 0
 0 0 0 0 0 0 0 0 0 0 0 0 0 0 0 0 0 0 0 0 0 0 0 0 0 0
 0 0 0 0 0 0 0 0 0 0 0 0 0 0 0 0 0 0 0 0 0 0 0 0 0 0
 0 0 0 0 0 0 0 0 0 0 0 0 0 0 0 0 0 0 0 0 0 0 0 0 0 0
 0 0 0 0 0 0 0 0 0 0 0 0 0 0 0 0 0 0 0 0 0 0 0 0 0 0
 0 0 0 0 0 0 0 0 0 0 0 0 0 0 0 0 0 0 0 0 0 0 0 0 0 0
 0 0 0 0 0 0 0 0 0 0 0 0 0 0 0 0 0 0 0 0 0 0 0 0 0 0
ppred_pel_tallas
 1.31325e-16 2.92944e-06 2.84752e-05 0.000189228 0.000860214 0.00267652 0.00570315 0.00832695 0.00834153 0.00577492 0.00292076 0.00157994 0.00204973 0.00426832 0.00857792 0.0155406 0.025567 0.0387871 0.055122 0.0742343 0.0950869 0.115345 0.131338 0.139094 0.136076 0.122509
 1.81298e-16 7.09314e-06 6.89479e-05 0.000458183 0.00208284 0.00648051 0.0138076 0.020154 0.0201603 0.0138385 0.00658566 0.00239303 0.00126219 0.00191179 0.00377701 0.00697972 0.011917 0.0191914 0.0297428 0.044831 0.065563 0.0919697 0.122089 0.151733 0.175332 0.187663
 1.05415e-16 7.87266e-05 0.000765251 0.00508536 0.0231173 0.0719265 0.153247 0.223669 0.22367 0.153251 0.0719384 0.0231517 0.00517236 0.000957534 0.000451377 0.000642997 0.000974118 0.00135586 0.00177579 0.00227781 0.0029597 0.00392567 0.00521062 0.00672134 0.0082323 0.00944318
 1.01391e-16 4.6726e-05 0.000454193 0.00301828 0.0137207 0.0426903 0.0909578 0.132764 0.132805 0.0911566 0.0433578 0.0156473 0.00784994 0.0109867 0.0200056 0.0328837 0.0470954 0.0586576 0.0635516 0.0599393 0.0492991 0.0355109 0.022644 0.0131322 0.00736988 0.00445554
 1.05829e-16 3.13548e-05 0.00030478 0.00202537 0.00920708 0.0286469 0.0610367 0.0890937 0.0891358 0.0612427 0.0293389 0.0112083 0.00705713 0.011317 0.0210263 0.03492 0.0507815 0.0648468 0.0732397 0.0740728 0.0684348 0.0594071 0.0499934 0.0416646 0.0343845 0.0275827
 1.00102e-16 8.19835e-05 0.000796909 0.00529574 0.0240737 0.0749021 0.159587 0.232922 0.232922 0.159588 0.0749063 0.0240856 0.00532575 0.000862736 0.000207956 0.000216531 0.000309799 0.000401678 0.000465965 0.000492395 0.000487138 0.000466045 0.000442359 0.000419047 0.000390631 0.000350688
 1.00394e-16 5.49396e-06 5.34034e-05 0.000354888 0.00161333 0.00502014 0.0106992 0.0156346 0.0157241 0.0111365 0.00648773 0.00584947 0.0109778 0.0232087 0.0438798 0.0722664 0.103475 0.128804 0.139392 0.131161 0.10733 0.0764179 0.0473925 0.025671 0.0122292 0.00521624
 1.22847e-16 9.50539e-06 9.23958e-05 0.000614003 0.00279118 0.00868444 0.0185035 0.0270087 0.0270194 0.0185567 0.00886649 0.00333204 0.00202831 0.00336678 0.00677397 0.0126012 0.0214363 0.0337587 0.0497736 0.0691062 0.0902624 0.110213 0.124744 0.129849 0.123558 0.10705
 1.03584e-16 7.82862e-05 0.00076097 0.00505691 0.022988 0.0715242 0.15239 0.222418 0.222419 0.152395 0.0715407 0.023036 0.00517855 0.00103015 0.000600828 0.000900949 0.00136975 0.00190354 0.00247147 0.00310119 0.003872 0.00485394 0.00602435 0.00722439 0.00819373 0.00866903
 1.01945e-16 3.57916e-05 0.000347907 0.00231197 0.0105099 0.0327005 0.0696738 0.101702 0.101755 0.0699328 0.0335699 0.0130195 0.00860556 0.0140676 0.0260352 0.0428366 0.0613579 0.0764342 0.0828358 0.0781704 0.064363 0.0464628 0.0297617 0.0174197 0.0099418 0.00614861
 1.00556e-16 7.88022e-05 0.000765986 0.00509025 0.0231395 0.0719956 0.153394 0.223884 0.223887 0.153407 0.0720368 0.0232588 0.00539053 0.00142475 0.00133932 0.0021138 0.00309364 0.00400629 0.0046273 0.00484553 0.00471061 0.00437272 0.003967 0.00354217 0.00307796 0.0025507
 1.00127e-16 7.58471e-05 0.000737261 0.00489936 0.0222718 0.0692958 0.147642 0.21549 0.215497 0.147679 0.0694176 0.0226234 0.00578134 0.00266009 0.00372014 0.00601043 0.00860473 0.0107235 0.0116295 0.0109857 0.0090575 0.00654628 0.00418732 0.00242026 0.00131848 0.000725827
 1.00355e-16 6.46188e-05 0.000628117 0.00417406 0.0189747 0.0590374 0.125786 0.183593 0.183613 0.125883 0.059362 0.0199117 0.00652453 0.00575382 0.00978337 0.0160297 0.0229863 0.0286965 0.0312121 0.0296326 0.0246475 0.0180921 0.0118867 0.00717406 0.0041454 0.0024084
 1.00523e-16 7.25477e-05 0.000705189 0.00468623 0.0213029 0.0662814 0.14122 0.206117 0.206127 0.141269 0.0664451 0.0217759 0.00587337 0.00329654 0.00499339 0.00813842 0.0117116 0.0147148 0.0161809 0.015658 0.01347 0.0104896 0.00761481 0.00535827 0.00378558 0.00271365
 1.00276e-16 7.37845e-05 0.000717211 0.00476612 0.0216661 0.0674113 0.143627 0.20963 0.20964 0.143673 0.0675652 0.0221104 0.00588063 0.00314805 0.00468403 0.00761014 0.010916 0.0136433 0.0148694 0.0141691 0.0118666 0.00882485 0.00594261 0.0037495 0.0023274 0.00148801
 1.00034e-16 8.10558e-05 0.000787891 0.00523581 0.0238012 0.0740545 0.157781 0.230286 0.230288 0.157788 0.0740782 0.0238698 0.00540769 0.00116275 0.000791943 0.00117818 0.00168278 0.00210201 0.00228913 0.00217818 0.00181924 0.00134572 0.000896904 0.000555244 0.000334064 0.000204695
 1.00468e-16 1.18793e-05 0.000115471 0.000767349 0.00348831 0.0108539 0.0231283 0.0337735 0.0338551 0.0235267 0.012191 0.00734811 0.0104469 0.021216 0.0399971 0.0658721 0.0943442 0.11749 0.127246 0.119895 0.0983558 0.070357 0.0440294 0.024275 0.0119705 0.00544475
 1.00398e-16 8.09248e-05 0.000786618 0.00522735 0.0237628 0.0739348 0.157526 0.229914 0.229914 0.157528 0.0739417 0.0237828 0.00527855 0.000901485 0.000308143 0.000404861 0.000629829 0.000904601 0.00120533 0.00151514 0.00181687 0.00208058 0.00225712 0.00229158 0.00215233 0.00185424
 1.00479e-16 4.27685e-05 0.000415725 0.00276264 0.0125586 0.0390747 0.0832544 0.121522 0.121568 0.0834782 0.0398258 0.0147266 0.00819949 0.012267 0.0224995 0.0369946 0.0529742 0.0659573 0.071412 0.0672575 0.0551445 0.0394302 0.0246942 0.0136911 0.00689873 0.00335073
 1.01579e-16 6.98163e-05 0.000678639 0.0045098 0.0205009 0.0637859 0.135903 0.198356 0.198366 0.13595 0.0639456 0.0209627 0.00567182 0.0032242 0.00493007 0.00810654 0.0118246 0.0151858 0.017308 0.0177567 0.0167576 0.0149685 0.0130139 0.0111743 0.00941699 0.00763171
 1.01181e-16 6.16803e-05 0.000599554 0.00398425 0.0181118 0.0563527 0.120066 0.175245 0.175267 0.120174 0.0567144 0.0191559 0.0066038 0.00631374 0.0109013 0.0178912 0.0256894 0.0321423 0.0351003 0.0335749 0.0283333 0.0213959 0.0148531 0.00991389 0.00672983 0.00482445
 1.00638e-16 7.3439e-05 0.000713853 0.0047438 0.0215646 0.0670957 0.142955 0.208648 0.208657 0.142998 0.0672399 0.0219814 0.00579007 0.0029984 0.00441375 0.00718437 0.0103504 0.0130312 0.0143798 0.0140002 0.0121728 0.00965314 0.0072132 0.00528552 0.00391552 0.00294072
 1.02496e-16 7.16044e-06 6.96021e-05 0.000462534 0.00210266 0.00654261 0.0139428 0.0203671 0.0204494 0.0143448 0.00789231 0.00599951 0.0102383 0.0213909 0.0404431 0.0666991 0.0957277 0.119631 0.130354 0.124169 0.103931 0.0772202 0.0519351 0.0327289 0.0203172 0.013034
 1.0346e-16 7.23626e-05 0.00070339 0.00467428 0.0212486 0.0661122 0.140859 0.205588 0.20559 0.140868 0.0661427 0.0213385 0.0049072 0.00123564 0.0011527 0.00197192 0.00325348 0.0049632 0.00708702 0.0095681 0.0122442 0.0147792 0.0166767 0.0174321 0.016763 0.0147676
 1.02078e-16 5.48453e-05 0.000533116 0.00354274 0.0161048 0.0501082 0.106762 0.155829 0.155859 0.106909 0.0506008 0.0175268 0.00710922 0.00830934 0.0147959 0.024303 0.0348404 0.0434757 0.0472706 0.0448953 0.0374526 0.0277869 0.0188426 0.0123219 0.00840985 0.00635773
 1.0612e-16 2.15402e-05 0.000209378 0.00139139 0.00632511 0.01968 0.0419325 0.0612132 0.0612684 0.0422022 0.020586 0.00894315 0.00796838 0.0145845 0.0273732 0.0453498 0.0656253 0.0831368 0.0926889 0.0918093 0.0821241 0.0680843 0.0541535 0.042709 0.0338808 0.0267392
 1.03592e-16 7.13616e-05 0.00069366 0.00460962 0.0209546 0.0651977 0.138911 0.202745 0.202751 0.138936 0.0652812 0.0211969 0.00522243 0.00204684 0.00268653 0.0044468 0.00667578 0.00897512 0.0109767 0.0124935 0.013576 0.0143663 0.0148869 0.0149655 0.0143623 0.012972
 1.01212e-16 6.56743e-05 0.000638377 0.00424224 0.0192846 0.0600017 0.127841 0.186591 0.186609 0.127929 0.0602977 0.0201391 0.00638562 0.00531258 0.00892875 0.0146205 0.0209702 0.0261947 0.0285291 0.0271701 0.0227669 0.0170081 0.011642 0.00768145 0.00524495 0.00390618
 1.04233e-16 1.10536e-05 0.000107445 0.000714014 0.00324585 0.0100994 0.0215206 0.0314251 0.0314976 0.0218749 0.0112892 0.0066821 0.00933893 0.0189337 0.0357593 0.0590816 0.0850607 0.106854 0.117464 0.113615 0.0976756 0.0760102 0.0551671 0.0388855 0.0276345 0.020053
 1.24172e-16 1.50343e-05 0.000146139 0.000971145 0.0044147 0.0137358 0.0292663 0.0427187 0.042736 0.0293513 0.0140237 0.00525731 0.00312826 0.00499423 0.0096299 0.0169589 0.0269031 0.0389887 0.0525681 0.0670898 0.0819152 0.0957275 0.106205 0.110595 0.107025 0.0956354
pSPR Fmed_Fpbrs
0.223657   0.253376 0.253376
Fs Fmed_Fpbrs
1.1227   1.005 1.005
SSBpbr Bo_Bmed_Bpbrs
1.49327e+06  259317  303695 303695
Ro
47021
SPR SPRFo_SPRFmed_SPRFpbrs
334714 74861.1 84808.4
Fref
1.005
log_Ro
10.5784
likeval ReclasPelacesDesembMPH_pf_preclas_ppelaces_ptallas_desvR_qrecl_qpela
 15.8666 18.6096 0.265993 0.000947005 313.461 108.873 98.6833 0 99.0872 0.000110504 0.000295633 0.00378336 0 0 0
q_reclas_q_pelaces
4.43535 11.5443
M
1
N
 8432.75 17985.2 73665.2 10179.3 0.0853181
 5190.48 2561.46 4854.07 19881.8 2747.35
 176397 952.437 306.013 579.909 2703.46
 52516.7 32426 114.114 36.6643 393.39
 5624.93 7005.68 2313.31 8.14103 30.6805
 287050 438.697 209.828 69.2862 1.16275
 6855.06 74028.3 90.871 43.4634 14.5927
 1888.57 1042.38 6526.53 8.01143 5.11838
 56199.6 415.593 167.059 1045.99 2.10428
 7688.09 10758.1 53.1657 21.3714 134.08
 34845.3 585.232 309.819 1.5311 4.47678
 116913 8081.57 102.109 54.0562 1.04824
 71478.4 15722.9 584.142 7.38054 3.98299
 69654.1 9279.7 1073.5 39.8829 0.775857
 40928.7 5028.85 245.321 28.3793 1.07487
 260650 2975.19 134.42 6.55739 0.787304
 8857.37 42446.5 293.044 13.2399 0.723424
 460631 1217.01 3176.43 21.9296 1.04492
 142515 102097 197.329 515.034 3.72514
 242887 21289.7 8746.55 16.905 44.4415
 181268 40149.9 2148.3 882.597 6.19034
 425982 31366 4362.34 233.416 96.568
 11180.8 74556.4 3471.41 482.8 36.5208
 178123 2201.05 9979.28 464.645 69.5105
 139636 40735.4 375.407 1702.05 91.1044
 23172.7 32519.6 7155.03 65.939 314.961
 128919 5069.05 5161.88 1135.73 60.4607
 198379 26641.6 733.898 747.338 173.185
 17119.6 54624.9 6135.26 169.009 211.986
 6049.24 4743.79 12708.4 1427.35 88.6376
pred_Ctot
 943.84 3105.28 12718.9 1757.54 0.0147308
 1738.54 1193.91 2262.51 9267 1280.56
 58971.1 443.228 142.407 269.867 1258.09
 22918.3 18707.6 65.836 21.1528 226.959
 3153.33 4858.71 1604.37 5.64612 21.2782
 55834.4 126.895 60.6938 20.0414 0.336331
 2726.54 39706.9 48.7409 23.3127 7.82715
 499.986 397.242 2487.2 3.05309 1.95057
 17955.3 186.175 74.8381 468.575 0.94266
 4344.92 7502.97 37.0791 14.905 93.5104
 8449.08 206.414 109.275 0.540027 1.57898
 50754.6 4643.66 58.6719 31.0606 0.602314
 31732.6 9191.73 341.495 4.31473 2.32849
 40037.5 6547.63 757.444 28.1409 0.547435
 23475.8 3543.11 172.843 19.9949 0.757308
 97977.2 1524.92 68.8964 3.36096 0.403529
 3791.02 24122.4 166.538 7.52424 0.411123
 120570 459.196 1198.51 8.27434 0.394264
 57463.7 55361.1 107 279.271 2.01992
 90103.7 10795.6 4435.23 8.57222 22.5355
 64451.1 19664.2 1052.17 432.269 3.03184
 149786 15221.9 2117.04 113.277 46.8644
 3454.67 32465.9 1511.64 210.237 15.9031
 44267.5 793.438 3597.34 167.496 25.0572
 33608 14273.3 131.539 596.382 31.9222
 6191.95 12493.8 2748.91 25.3332 121.005
 37410.2 2091.91 2130.22 468.695 24.9511
 32289.8 6541.44 180.198 183.498 42.5229
 2732.71 13171.7 1479.4 40.7531 51.1163
 2687.05 2774.46 7432.65 834.806 51.8408
F
 0.191547 0.309728 0.309728 0.309728 0.309728
 0.695556 1.1247 1.1247 1.1247 1.1247
 0.693777 1.12183 1.12183 1.12183 1.12183
 1.01441 1.64028 1.64028 1.64028 1.64028
 1.55115 2.50819 2.50819 2.50819 2.50819
 0.35521 0.574368 0.574368 0.574368 0.574368
 0.88348 1.42857 1.42857 1.42857 1.42857
 0.513867 0.830914 0.830914 0.830914 0.830914
 0.65325 1.05629 1.05629 1.05629 1.05629
 1.57542 2.54743 2.54743 2.54743 2.54743
 0.461331 0.745963 0.745963 0.745963 0.745963
 1.00632 1.6272 1.6272 1.6272 1.6272
 1.04157 1.6842 1.6842 1.6842 1.6842
 1.62835 2.63302 2.63302 2.63302 2.63302
 1.62152 2.62198 2.62198 2.62198 2.62198
 0.814937 1.31774 1.31774 1.31774 1.31774
 0.984851 1.59249 1.59249 1.59249 1.59249
 0.506672 0.81928 0.81928 0.81928 0.81928
 0.901226 1.45727 1.45727 1.45727 1.45727
 0.799975 1.29355 1.29355 1.29355 1.29355
 0.754251 1.21961 1.21961 1.21961 1.21961
 0.742842 1.20116 1.20116 1.20116 1.20116
 0.625266 1.01104 1.01104 1.01104 1.01104
 0.475379 0.76868 0.76868 0.76868 0.76868
 0.457198 0.739281 0.739281 0.739281 0.739281
 0.519821 0.840542 0.840542 0.840542 0.840542
 0.576714 0.932537 0.932537 0.932537 0.932537
 0.289688 0.468421 0.468421 0.468421 0.468421
 0.283385 0.458229 0.458229 0.458229 0.458229
 1.04248 1.68567 1.68567 1.68567 1.68567
nmprior
 8 8 7 0
nm_flota  nm_reclas  nm_pelaces    nm_pelaL
inf 19.8982 3.47345 4.45568
cv_recla  cv_pelaces  cv_mph
0.368781 0.507614 0.949689
 ------------------------------------------------
Talla a la edad & desviación 
 8 13.2811 15.8009 17.003 17.5766
 0.8 1.32811 1.58009 1.7003 1.75766
