years
 1991 1992 1993 1994 1995 1996 1997 1998 1999 2000 2001 2002 2003 2004 2005 2006 2007 2008 2009 2010 2011 2012 2013 2014 2015 2016 2017 2018 2019 2020
reclasobs
 0 0 0 0 0 0 0 0 0 252601 567819 844713 477998 351125 339783 2.1784e+06 2.13404e+06 4.81314e+06 1.55562e+06 2.62356e+06 3.21686e+06 3.843e+06 1.13348e+06 3.07943e+06 1.97215e+06 2.03268e+06 2.025e+06 2.42433e+06 2.27542e+06 1.05018e+06
reclaspred
 3.13832e+06 1.68949e+06 855162 867526 877652 1.69225e+06 891988 746777 518842 332791 503557 709639 696721 496388 468682 1.37892e+06 1.14295e+06 3.21763e+06 2.5155e+06 1.84801e+06 3.17475e+06 2.57645e+06 1.86931e+06 3.0554e+06 2.22031e+06 1.92532e+06 2.38922e+06 2.61788e+06 1.99582e+06 1.13025e+06
pelacesobs
 0 0 0 0 0 0 0 0 0 0 0 0 0 0 0 552880 188675 0 991730 2.46772e+06 1.41603e+06 1.21717e+06 2.29649e+06 1.80582e+06 0 1.4828e+06 1.56532e+06 1.57751e+06 1.42118e+06 867257
pelacespred
 1.93546e+06 1.12032e+06 540917 416272 480921 919419 444584 500915 307647 172010 282052 333365 366696 254275 244038 604739 573748 1.7414e+06 1.45113e+06 973791 1.66575e+06 1.41459e+06 1.12193e+06 1.89321e+06 1.39391e+06 1.22469e+06 1.63348e+06 1.76391e+06 1.23642e+06 769127
mphobs
 0 0 0 0 0 0 0 0 0 0 0 498337 0 5186 125008 0 168611 109162 213762 579715 649985 157893 87575 83554 0 0 0 0 0 0
mphpred
 489349 327804 153723 85793.6 90730.3 112641 169331 83160 74441 43529.1 25426.5 62330 67306.2 53763.8 30295.1 37765.3 153353 125968 325254 220085 237128 289899 274535 208861 315051 253905 203011 227398 332080 202504
desembarqueobs
 494567 514787 250237 358949 120608 361735 552515 73892 212993 205616 52469 317467 293654 387597 252695 516296 358380 742168 942051 627588 828172 859565 418607 520667 417249 300574 407403 355545 319650 289779
desembarquepred
 494564 514068 250520 358980 120612 361726 552482 73897.1 213048 205664 52471.3 317505 293660 387507 252648 516193 358416 741981 941673 627297 828232 859462 418586 520675 417215 300561 407381 355501 319618 289777
Reclutas
 159529 89188.1 88971.6 123097 100123 204410 74637 29979.8 30924.2 42158.2 77627.2 119399 99705.1 69765.6 60324.3 327780 60966.1 538474 300730 250640 323864 449895 81976.3 251845 209465 90748 210439 233712 63114.1 47487.3
log_desv_Rt
 0.283359 -0.298117 -0.300547 0.0241089 -0.182465 0.531262 -0.476228 -1.38834 -1.35733 -1.04744 -0.436947 -0.0063975 -0.186648 -0.543724 -0.689129 1.00348 -0.678547 1.49987 0.917348 0.735154 0.99146 1.32015 -0.382434 0.739948 0.555693 -0.280779 0.560333 0.665224 -0.643921 -0.928403
SSB
 1.58984e+06 1.065e+06 499427 278734 294772 365958 550137 270177 241850 141421 82607.8 202503 218670 174672 98425.3 122695 498227 409256 1.05671e+06 715031 770401 941849 891932 678567 1.02356e+06 824906 659559 738789 1.07889e+06 657911
BT
 2.32783e+06 1.60846e+06 774771 749357 610057 1.35782e+06 945908 604818 540456 385738 372000 640282 678237 693584 540259 1.14614e+06 884843 2.7255e+06 2.48741e+06 1.60097e+06 2.56273e+06 2.34154e+06 1.52831e+06 2.6529e+06 1.85178e+06 1.55471e+06 2.26744e+06 2.35313e+06 1.50792e+06 1.05811e+06
Ftot
 0.261433 0.485368 0.479218 0.740374 0.249342 0.414006 0.970639 0.175987 0.714639 1.05664 0.216844 0.819018 0.765422 1.36531 1.0446 0.784365 0.527806 0.475173 0.659237 0.613114 0.484798 0.6119 0.375054 0.333928 0.331323 0.270416 0.329301 0.267034 0.258823 0.420402
BD_Bspro_t
 0.959245 0.733301 0.503363 0.401076 0.389238 0.493099 0.515726 0.308563 0.358629 0.286968 0.239952 0.519933 0.40139 0.306736 0.193404 0.232649 0.43067 0.372599 0.533613 0.408947 0.381001 0.426266 0.441265 0.413223 0.547198 0.553109 0.555475 0.613584 0.682517 0.571298
BD_Bspro
 1.85863 1.24505 0.583866 0.325859 0.344609 0.42783 0.643149 0.315856 0.28274 0.165331 0.0965743 0.23674 0.25564 0.204204 0.115066 0.143439 0.582462 0.478449 1.23537 0.835921 0.900652 1.10109 1.04273 0.793292 1.19662 0.964373 0.771071 0.863696 1.2613 0.769144
BD_Bo
 1.15969 0.776846 0.3643 0.203318 0.215018 0.266943 0.40129 0.197077 0.176414 0.103158 0.0602571 0.147713 0.159506 0.127412 0.0717949 0.0894981 0.363424 0.298526 0.770805 0.521569 0.561958 0.687018 0.650607 0.494971 0.746623 0.601716 0.481106 0.538899 0.78698 0.479904
BD_Brms
 2.10852 1.41245 0.662364 0.36967 0.390941 0.485351 0.729618 0.358322 0.320753 0.187559 0.109558 0.268569 0.29001 0.231659 0.130536 0.162724 0.660771 0.542774 1.40146 0.948308 1.02174 1.24912 1.18292 0.899947 1.3575 1.09403 0.874738 0.979817 1.43087 0.872553
Sel_flota
 0.661115 0.97373 0.998582 0.999925 0.999996
 0.661115 0.97373 0.998582 0.999925 0.999996
 0.661115 0.97373 0.998582 0.999925 0.999996
 0.661115 0.97373 0.998582 0.999925 0.999996
 0.661115 0.97373 0.998582 0.999925 0.999996
 0.661115 0.97373 0.998582 0.999925 0.999996
 0.661115 0.97373 0.998582 0.999925 0.999996
 0.661115 0.97373 0.998582 0.999925 0.999996
 0.661115 0.97373 0.998582 0.999925 0.999996
 0.661115 0.97373 0.998582 0.999925 0.999996
 0.661115 0.97373 0.998582 0.999925 0.999996
 0.661115 0.97373 0.998582 0.999925 0.999996
 0.661115 0.97373 0.998582 0.999925 0.999996
 0.661115 0.97373 0.998582 0.999925 0.999996
 0.661115 0.97373 0.998582 0.999925 0.999996
 0.661115 0.97373 0.998582 0.999925 0.999996
 0.661115 0.97373 0.998582 0.999925 0.999996
 0.661115 0.97373 0.998582 0.999925 0.999996
 0.661115 0.97373 0.998582 0.999925 0.999996
 0.661115 0.97373 0.998582 0.999925 0.999996
 0.661115 0.97373 0.998582 0.999925 0.999996
 0.661115 0.97373 0.998582 0.999925 0.999996
 0.661115 0.97373 0.998582 0.999925 0.999996
 0.661115 0.97373 0.998582 0.999925 0.999996
 0.661115 0.97373 0.998582 0.999925 0.999996
 0.661115 0.97373 0.998582 0.999925 0.999996
 0.661115 0.97373 0.998582 0.999925 0.999996
 0.661115 0.97373 0.998582 0.999925 0.999996
 0.661115 0.97373 0.998582 0.999925 0.999996
 0.661115 0.97373 0.998582 0.999925 0.999996
Sel_reclas
 1 1 1 1 1
 1 1 1 1 1
 1 1 1 1 1
 1 1 1 1 1
 1 1 1 1 1
 1 1 1 1 1
 1 1 1 1 1
 1 1 1 1 1
 1 1 1 1 1
 1 1 1 1 1
 1 1 1 1 1
 1 1 1 1 1
 1 1 1 1 1
 1 1 1 1 1
 1 1 1 1 1
 1 1 1 1 1
 1 1 1 1 1
 1 1 1 1 1
 1 1 1 1 1
 1 1 1 1 1
 1 1 1 1 1
 1 1 1 1 1
 1 1 1 1 1
 1 1 1 1 1
 1 1 1 1 1
 1 1 1 1 1
 1 1 1 1 1
 1 1 1 1 1
 1 1 1 1 1
 1 1 1 1 1
Sel_pelaces
 0.743154 0.935738 0.986538 0.997296 0.999462
 0.743154 0.935738 0.986538 0.997296 0.999462
 0.743154 0.935738 0.986538 0.997296 0.999462
 0.743154 0.935738 0.986538 0.997296 0.999462
 0.743154 0.935738 0.986538 0.997296 0.999462
 0.743154 0.935738 0.986538 0.997296 0.999462
 0.743154 0.935738 0.986538 0.997296 0.999462
 0.743154 0.935738 0.986538 0.997296 0.999462
 0.743154 0.935738 0.986538 0.997296 0.999462
 0.743154 0.935738 0.986538 0.997296 0.999462
 0.743154 0.935738 0.986538 0.997296 0.999462
 0.743154 0.935738 0.986538 0.997296 0.999462
 0.743154 0.935738 0.986538 0.997296 0.999462
 0.743154 0.935738 0.986538 0.997296 0.999462
 0.743154 0.935738 0.986538 0.997296 0.999462
 0.743154 0.935738 0.986538 0.997296 0.999462
 0.743154 0.935738 0.986538 0.997296 0.999462
 0.743154 0.935738 0.986538 0.997296 0.999462
 0.743154 0.935738 0.986538 0.997296 0.999462
 0.743154 0.935738 0.986538 0.997296 0.999462
 0.743154 0.935738 0.986538 0.997296 0.999462
 0.743154 0.935738 0.986538 0.997296 0.999462
 0.743154 0.935738 0.986538 0.997296 0.999462
 0.743154 0.935738 0.986538 0.997296 0.999462
 0.743154 0.935738 0.986538 0.997296 0.999462
 0.743154 0.935738 0.986538 0.997296 0.999462
 0.743154 0.935738 0.986538 0.997296 0.999462
 0.743154 0.935738 0.986538 0.997296 0.999462
 0.743154 0.935738 0.986538 0.997296 0.999462
 0.743154 0.935738 0.986538 0.997296 0.999462
pf_obs 
 0.8446 0.082 0.0669 0.0065 0
 0.8095 0.147 0.0364 0.0071 0
 0.9664 0.0169 0.016 0.0007 0
 0.9276 0.0648 0.0075 0.0001 0
 0.7033 0.2144 0.0806 0.0017 0
 0.9318 0.0425 0.0243 0.0014 0
 0.5671 0.3108 0.0964 0.0239 0.0018
 0.0768 0.2599 0.5324 0.112 0.0189
 0.490249 0.384438 0.106611 0.0170017 0.00170017
 0.7925 0.1577 0.0466 0.003 0.0002
 0.840416 0.127587 0.0312969 0.00059994 9.999e-05
 0.8084 0.0986 0.0794 0.0134 0.0002
 0.7335 0.1905 0.0724 0.0035 0.0001
 0.4001 0.4547 0.1325 0.0127 0
 0.49795 0.308269 0.164784 0.0264974 0.00249975
 0.9179 0.0499 0.0305 0.0017 0
 0.2467 0.6533 0.0926 0.0074 0
 0.9418 0.0223 0.034 0.0019 0
 0.707729 0.231977 0.0356964 0.0245975 0
 0.517169 0.277429 0.184464 0.0207286 0.00020938
 0.811772 0.124168 0.05621 0.00726502 0.000585176
 0.764997 0.148141 0.077277 0.00933861 0.000247198
 0.163321 0.427699 0.378323 0.0303852 0.000271297
 0.753843 0.0900009 0.118128 0.0371064 0.000921714
 0.721811 0.176058 0.0630433 0.0369309 0.00215725
 0.143369 0.312575 0.442814 0.0836902 0.0175525
 0.692698 0.0596174 0.167031 0.0765114 0.00414204
 0.394062 0.376323 0.152708 0.0712218 0.00568511
 0.125707 0.32114 0.495352 0.0537591 0.00404204
 0.23352 0.215282 0.420074 0.123614 0.00750983
pf_pred 
 0.506878 0.151384 0.317826 0.0239101 9.00515e-07
 0.443861 0.341245 0.0672635 0.137316 0.0103152
 0.601534 0.223669 0.108606 0.0207424 0.0454485
 0.730106 0.191119 0.0448428 0.0210973 0.0128353
 0.674464 0.266904 0.041959 0.0094995 0.00717425
 0.780062 0.166887 0.0437153 0.00668392 0.00265203
 0.455941 0.461606 0.063027 0.0160117 0.00341382
 0.46179 0.320649 0.185699 0.0243677 0.00749424
 0.567447 0.244109 0.113492 0.0639886 0.0109631
 0.757694 0.167087 0.0431208 0.0193463 0.0127519
 0.856456 0.121944 0.0150885 0.00373644 0.00277504
 0.764151 0.212322 0.0200695 0.00241596 0.00104105
 0.710203 0.245419 0.0400994 0.00365151 0.0006277
 0.665876 0.269371 0.0551427 0.00868603 0.000925099
 0.778278 0.176188 0.0370445 0.00723231 0.00125734
 0.949772 0.0433684 0.00549671 0.00110892 0.000253568
 0.373328 0.607693 0.0164694 0.00201236 0.000497821
 0.922717 0.0376959 0.0384252 0.00100832 0.000153415
 0.591759 0.388029 0.0100176 0.0098949 0.000298652
 0.643128 0.251438 0.100387 0.00250372 0.00254299
 0.739211 0.194893 0.0468877 0.0181 0.000908248
 0.75677 0.199235 0.033143 0.00772543 0.00312656
 0.306037 0.579839 0.0940512 0.0151285 0.00494446
 0.754898 0.0996878 0.122094 0.0192238 0.00409625
 0.622807 0.312257 0.0268716 0.0319682 0.00609639
 0.424998 0.412752 0.135002 0.0112857 0.0159615
 0.738717 0.138569 0.0887877 0.0282364 0.00569005
 0.68216 0.258891 0.0316944 0.0197282 0.00752651
 0.319854 0.520711 0.13055 0.0155413 0.013344
 0.419981 0.242103 0.260402 0.0634877 0.0140256
pobs_RECLAS
 0 0 0 0 0
 0 0 0 0 0
 0 0 0 0 0
 0 0 0 0 0
 0 0 0 0 0
 0 0 0 0 0
 0 0 0 0 0
 0 0 0 0 0
 0 0 0 0 0
 0 0 0 0 0
 0.991045 0.00858322 0.000360255 1.14367e-05 0
 0.934742 0.0480273 0.0164251 0.00080598 0
 0.827803 0.169806 0.00239088 0 0
 0.941827 0.0461693 0.0120037 0 0
 0.791401 0.0380133 0.147996 0.0225897 0
 0.846168 0.0940531 0.0597789 0 0
 0.134021 0.677848 0.182769 0.00536245 0
 0.80878 0.0450904 0.141981 0.00414843 0
 0.846168 0.0940531 0.0597789 0 0
 0.905697 0.0802665 0.012482 0.00150086 5.37128e-05
 0.989698 0.0102097 9.19794e-05 0 0
 0.975433 0.0193895 0.00387452 0.00125025 5.28907e-05
 0.303575 0.632131 0.0575291 0.00676475 0
 0.966965 0.00978017 0.0227588 0.000495775 0
 0.843318 0.132988 0.00938335 0.0141283 0.000182051
 0.564624 0.303363 0.111486 0.0197234 0.00080311
 0.826376 0.0876187 0.0782897 0.00655872 0.00115652
 0.89761 0.0855135 0.0140674 0.00269457 0.000114338
 0.34875 0.467042 0.161289 0.0227151 0.000203297
 0.318654 0.224769 0.449479 0.00709798 0
ppred_RECLAS
 0.608428 0.122383 0.250378 0.01881 7.0838e-07
 0.547207 0.280788 0.0538919 0.109862 0.00825224
 0.695875 0.172744 0.0816761 0.0155769 0.0341279
 0.80538 0.13895 0.0317105 0.0148968 0.00906235
 0.755462 0.201433 0.0308591 0.00697687 0.00526872
 0.842057 0.12061 0.030771 0.00469817 0.00186399
 0.564137 0.371431 0.0492696 0.0124974 0.00266432
 0.562067 0.263623 0.148812 0.0195006 0.00599694
 0.668002 0.189659 0.0857759 0.0482904 0.00827293
 0.82992 0.118371 0.0296637 0.0132878 0.0087578
 0.898782 0.0863229 0.0104096 0.00257425 0.00191174
 0.831967 0.151694 0.0139412 0.00167571 0.000722015
 0.788995 0.179451 0.0285155 0.0025928 0.000445671
 0.760054 0.194615 0.038612 0.00607194 0.000646631
 0.845095 0.123835 0.0252847 0.00492867 0.000856778
 0.966521 0.0290173 0.00357644 0.000720442 0.000164725
 0.472299 0.512132 0.0135124 0.0016487 0.000407827
 0.947711 0.0258527 0.0256612 0.000672422 0.000102301
 0.686812 0.298091 0.00748799 0.00738549 0.000222895
 0.732483 0.18999 0.0738212 0.00183849 0.00186718
 0.810449 0.142617 0.0334093 0.0128786 0.000646194
 0.824948 0.144096 0.0233285 0.00542985 0.00219735
 0.397766 0.505367 0.0798492 0.0128261 0.00419165
 0.823237 0.0730185 0.0871266 0.0136991 0.00291882
 0.71176 0.239713 0.0200976 0.0238761 0.00455288
 0.525133 0.343371 0.109439 0.00913601 0.0129203
 0.809916 0.102061 0.0637119 0.0202336 0.00407706
 0.76207 0.194747 0.0232325 0.0144411 0.00550905
 0.412606 0.452434 0.110537 0.0131406 0.0112819
 0.523514 0.201991 0.211599 0.0515164 0.0113801
pobs_PELACES
 0 0 0 0 0
 0 0 0 0 0
 0 0 0 0 0
 0 0 0 0 0
 0 0 0 0 0
 0 0 0 0 0
 0 0 0 0 0
 0 0 0 0 0
 0 0 0 0 0
 0 0 0 0 0
 0 0 0 0 0
 0 0 0 0 0
 0 0 0 0 0
 0 0 0 0 0
 0 0 0 0 0
 0 0 0 0 0
 0.505614 0.472636 0.0217494 0 0
 0 0 0 0 0
 0.443492 0.261883 0.143347 0.151278 0
 0.227955 0.32914 0.350689 0.0885471 0.00366901
 0.970185 0.0296113 0.000203453 0 0
 0.997202 0.00247181 0.000326279 0 0
 0.445219 0.490057 0.0546422 0.010081 0
 0.90214 0.0892962 0.00764917 0.000914606 0
 0 0 0 0 0
 0.581667 0.319106 0.0959925 0.00289975 0.000334073
 0.762889 0.0836404 0.116647 0.0363945 0.000428098
 0.88444 0.0763242 0.0277011 0.0115352 0
 0.521256 0.241999 0.230069 0.00667565 0
 0.616807 0.101726 0.260614 0.0208532 0
ppred_PELACES
 0.550225 0.135648 0.291956 0.0221702 8.36733e-07
 0.496817 0.305318 0.0615359 0.126785 0.00954401
 0.650959 0.193656 0.0961557 0.0185344 0.0406953
 0.7775 0.156481 0.0374222 0.0177659 0.010831
 0.713714 0.233532 0.0376418 0.00860221 0.00651019
 0.813586 0.140596 0.0376891 0.00581612 0.00231252
 0.530092 0.397587 0.0551615 0.0141384 0.00302064
 0.503953 0.292265 0.173685 0.0230065 0.00709041
 0.627177 0.208278 0.09873 0.0561716 0.00964385
 0.809765 0.130407 0.0341568 0.0154601 0.0102114
 0.877339 0.103753 0.0131673 0.00329139 0.00244962
 0.809836 0.17086 0.0164443 0.00199741 0.000862475
 0.761358 0.201485 0.0335437 0.00308221 0.000530936
 0.74175 0.207728 0.0429672 0.00682637 0.00072853
 0.826999 0.136999 0.0292395 0.00575906 0.00100328
 0.961084 0.0335074 0.00432614 0.000880659 0.000201791
 0.428393 0.553905 0.0153415 0.00189183 0.00046898
 0.936472 0.0306275 0.0319263 0.000845537 0.000128916
 0.65027 0.332005 0.00874524 0.00871704 0.000263648
 0.695468 0.213214 0.0869045 0.00218733 0.00222626
 0.778919 0.16417 0.0403852 0.015734 0.000791173
 0.797992 0.164772 0.0279833 0.00658252 0.00266956
 0.350912 0.54007 0.0896885 0.0145612 0.004769
 0.78779 0.0850028 0.10664 0.0169476 0.00361879
 0.66773 0.273647 0.0241224 0.0289659 0.0055354
 0.470838 0.376987 0.126395 0.0106653 0.0151157
 0.773469 0.118627 0.0778631 0.0249937 0.00504713
 0.721275 0.225781 0.0283349 0.0178027 0.00680613
 0.361391 0.485821 0.124872 0.015005 0.0129105
 0.469239 0.218292 0.24026 0.0591212 0.0130882
pobs_pel_tallas
 0 0 0 0 0 0 0 0 0 0 0 0 0 0 0 0 0 0 0 0 0 0 0 0 0 0
 0 0 0 0 0 0 0 0 0 0 0 0 0 0 0 0 0 0 0 0 0 0 0 0 0 0
 0 0 0 0 0 0 0 0 0 0 0 0 0 0 0 0 0 0 0 0 0 0 0 0 0 0
 0 0 0 0 0 0 0 0 0 0 0 0 0 0 0 0 0 0 0 0 0 0 0 0 0 0
 0 0 0 0 0 0 0 0 0 0 0 0 0 0 0 0 0 0 0 0 0 0 0 0 0 0
 0 0 0 0 0 0 0 0 0 0 0 0 0 0 0 0 0 0 0 0 0 0 0 0 0 0
 0 0 0 0 0 0 0 0 0 0 0 0 0 0 0 0 0 0 0 0 0 0 0 0 0 0
 0 0 0 0 0 0 0 0 0 0 0 0 0 0 0 0 0 0 0 0 0 0 0 0 0 0
 0 0 0 0 0 0 0 0 0 0 0 0 0 0 0 0 0 0 0 0 0 0 0 0 0 0
 0 0 0 0 0 0 0 0 0 0 0 0 0 0 0 0 0 0 0 0 0 0 0 0 0 0
 0 0 0 0 0 0 0 0 0 0 0 0 0 0 0 0 0 0 0 0 0 0 0 0 0 0
 0 0 0 0 0 0 0 0 0 0 0 0 0 0 0 0 0 0 0 0 0 0 0 0 0 0
 0.00862536 0 0 0.000197151 0.00414017 0.0128641 0.00837892 0.0270097 0.101434 0.158115 0.152841 0.127902 0.109271 0.109419 0.0830992 0.0579132 0.0238553 0.00714673 0.00463305 0.00128148 0.00103504 0.000492878 0.000147863 0.000147863 4.92878e-05 0
 0 0 0 0 0 0 0 0 0 0 0 0 0 0 0 0 0 0 0 0 0 0 0 0 0 0
 0 0 0 0 0 0 0 0.0054083 0.00873648 0.0413646 0.0450493 0.0745869 0.0622846 0.0627006 0.0613931 0.0827291 0.12552 0.122667 0.0946155 0.0697135 0.0546179 0.0294188 0.0215738 0.0213955 0.0102223 0.00600262
 0 0 0 0 0.00359764 0.0251062 0.0480494 0.140153 0.205849 0.193036 0.1447 0.116669 0.0760912 0.0342217 0.00950174 0.001854 0.000860785 0 0 0 0.000165536 0 0.000143464 0 0 0
 0 0 0 0 0 0 0 0.000145254 0.000435761 0.0275982 0.070085 0.0708112 0.156366 0.174668 0.174014 0.160142 0.0824315 0.0480064 0.0283245 0.00493863 0.00203355 0 0 0 0 0
 0 0 0 0 0 0 0 0 0 0 0 0 0 0 0 0 0 0 0 0 0 0 0 0 0 0
 0 0 1.00437e-05 0.000401748 0.00122533 0.00171747 0.00176769 0.0269171 0.070346 0.194647 0.189555 0.159765 0.064822 0.0314167 0.0384472 0.0292271 0.0345202 0.0313363 0.0194345 0.0106764 0.0143323 0.0359363 0.0279516 0.0138201 0.00172751 0
 0 0.0021121 0.0136068 0.0755702 0.200478 0.177729 0.0527432 0.0373336 0.0318909 0.0142505 0.0149659 0.0166563 0.0217959 0.0798694 0.0677717 0.0528807 0.04013 0.0224614 0.0357745 0.0225083 0.00881397 0.00855152 0.00135912 0.000746735 0 0
 0 0 0 0 5.4009e-05 0.00500934 0.000945158 0.0243581 0.138947 0.33067 0.221406 0.137944 0.0707744 0.0437923 0.0131692 0.00525238 0.0047753 0.00276346 9.45158e-05 9.00151e-06 2.25038e-05 9.00151e-06 4.50075e-06 0 0 0
 0.000866109 0.00284123 0.00948549 0.0512746 0.133035 0.25785 0.225252 0.132002 0.0553304 0.0519788 0.0540692 0.017754 0.00435017 0.00159236 0.00146478 0.000404838 0.000125132 0.000115318 0.000107957 0.000100596 0 0 0 0 0 0
 0 0 0 0 0.00144013 0.00171154 0.00461396 0.0210425 0.0478622 0.0707936 0.0888783 0.103762 0.0637923 0.0337046 0.0602308 0.124433 0.169614 0.0934646 0.0462172 0.0250306 0.0313229 0.00938855 0.002487 0.000210481 0 0
 0 0.00764035 0.051015 0.0998891 0.058973 0.0496711 0.0374665 0.0718981 0.12319 0.153886 0.159021 0.0857701 0.0377988 0.023471 0.0147837 0.00900784 0.00315554 0.000888139 0.00291439 0.00214683 0.00393193 0.00274676 0.000635225 9.99891e-05 0 0
 0 0 0 0 0 0 0 0 0 0 0 0 0 0 0 0 0 0 0 0 0 0 0 0 0 0
 0 0 0 0 0 0 0 0 0 0 0 0 0 0 0 0 0 0 0 0 0 0 0 0 0 0
 0 0 0 0 0 0 0 0 0 0 0 0 0 0 0 0 0 0 0 0 0 0 0 0 0 0
 0 0 0 0 0 0 0 0 0 0 0 0 0 0 0 0 0 0 0 0 0 0 0 0 0 0
 0 0 0 0 0 0 0 0 0 0 0 0 0 0 0 0 0 0 0 0 0 0 0 0 0 0
 0 0 0 0 0 0 0 0 0 0 0 0 0 0 0 0 0 0 0 0 0 0 0 0 0 0
ppred_pel_tallas
 1.10684e-16 4.53213e-05 0.000440539 0.00292754 0.0133082 0.0414067 0.088222 0.128765 0.128779 0.0882881 0.0416302 0.0139589 0.00458147 0.00411879 0.00722903 0.0123948 0.0190483 0.026442 0.0337513 0.0404497 0.0463568 0.0512475 0.0544467 0.0549169 0.0518661 0.045379
 1.16184e-16 4.09222e-05 0.000397778 0.00264338 0.0120164 0.0373878 0.0796596 0.116272 0.116301 0.0798038 0.0378721 0.0134164 0.00616155 0.00809223 0.0146982 0.0243567 0.0353893 0.0451981 0.0512153 0.0523972 0.0498872 0.0461979 0.0435439 0.0426182 0.0425649 0.0418679
 1.1157e-16 5.36187e-05 0.000521193 0.00346351 0.0157446 0.0489875 0.104374 0.15234 0.152359 0.104465 0.0492962 0.0166378 0.00571148 0.00544821 0.00946931 0.0157245 0.0230139 0.0297257 0.0342563 0.0358957 0.0352196 0.0335939 0.0322027 0.0313863 0.030694 0.0294157
 1.04735e-16 6.40416e-05 0.000622508 0.00413678 0.0188052 0.0585101 0.124663 0.181952 0.181967 0.124736 0.0587582 0.0195222 0.00593794 0.00455966 0.00755703 0.0124338 0.0180062 0.0228627 0.0256155 0.0256435 0.0234564 0.0203199 0.0174507 0.0154115 0.0140658 0.0129427
 1.03111e-16 5.87877e-05 0.000571437 0.0037974 0.0172625 0.05371 0.114436 0.167027 0.16705 0.114546 0.0540795 0.0183297 0.00647677 0.00642191 0.0111741 0.0183911 0.0265138 0.0333985 0.0369 0.0360304 0.0315394 0.025389 0.019561 0.0151303 0.0121384 0.0100678
 1.02099e-16 6.7014e-05 0.0006514 0.00432878 0.019678 0.0612257 0.130448 0.190396 0.19041 0.130515 0.0614487 0.0203222 0.0059472 0.00418888 0.00679842 0.0111672 0.0161595 0.0204858 0.0228731 0.0227254 0.0204559 0.0171671 0.0139516 0.0113699 0.00941315 0.00780593
 1.03623e-16 4.36631e-05 0.000424421 0.00282043 0.0128213 0.0398919 0.0849954 0.124061 0.1241 0.0851826 0.0405206 0.0146371 0.00737837 0.0103742 0.0189394 0.0312397 0.0449932 0.0565699 0.0622935 0.0604621 0.0523524 0.0413345 0.0308431 0.0227879 0.0173188 0.0136144
 1.08595e-16 4.151e-05 0.000403492 0.00268135 0.012189 0.0379248 0.0808038 0.117941 0.11797 0.0809426 0.0383913 0.0135393 0.00608074 0.00785787 0.0142968 0.0238257 0.0349138 0.0451476 0.052051 0.0544206 0.0529147 0.0493506 0.0453421 0.0414302 0.0372481 0.0322916
 1.10168e-16 5.16598e-05 0.000502151 0.00333697 0.0151694 0.0471978 0.100561 0.146775 0.146796 0.100659 0.0475298 0.01613 0.00575452 0.0058009 0.0101781 0.0169121 0.0247563 0.031985 0.0368773 0.0386684 0.0379629 0.036193 0.0345723 0.0333991 0.0321486 0.030083
 1.04298e-16 6.66993e-05 0.000648341 0.00430845 0.0195856 0.0609382 0.129836 0.189502 0.189514 0.129897 0.061145 0.0201835 0.00581067 0.00393287 0.00632011 0.0103843 0.0150522 0.0191443 0.0215108 0.0216385 0.0199489 0.0174844 0.0152375 0.0136525 0.0125953 0.0116633
 1.01152e-16 7.22653e-05 0.000702444 0.00466799 0.02122 0.0660234 0.14067 0.205314 0.205324 0.140719 0.0661874 0.0216937 0.00585703 0.00329781 0.00500047 0.00815016 0.0117285 0.0147387 0.0162179 0.0157246 0.0135984 0.0107278 0.00801839 0.00597259 0.0046251 0.00374759
 1.00865e-16 6.67051e-05 0.000648398 0.00430883 0.0195873 0.0609435 0.129847 0.189519 0.189536 0.129928 0.0612135 0.0203667 0.00626458 0.00491559 0.00816431 0.0133743 0.0192184 0.0240794 0.0263555 0.0253052 0.0214863 0.0163825 0.0115282 0.00781048 0.00534636 0.00380389
 1.01419e-16 6.27121e-05 0.000609584 0.0040509 0.0184148 0.0572954 0.122075 0.178176 0.178195 0.12217 0.0576142 0.0193355 0.00636228 0.00565621 0.00964958 0.0158593 0.0228524 0.0287605 0.031717 0.0308489 0.0267807 0.0211902 0.0157914 0.0115452 0.00854999 0.00643834
 1.02101e-16 6.1097e-05 0.000593884 0.00394657 0.0179406 0.0558198 0.118931 0.173587 0.173607 0.119029 0.0561487 0.0188908 0.00633291 0.00580651 0.00997022 0.0164104 0.0236897 0.0299051 0.0331515 0.0325378 0.0286947 0.02331 0.0180866 0.013945 0.0109363 0.00866785
 1.01627e-16 6.81189e-05 0.00066214 0.00440015 0.0200025 0.0622351 0.132599 0.193535 0.193548 0.132664 0.0624521 0.0206293 0.00597443 0.00410129 0.00660693 0.0108336 0.0156434 0.0197627 0.021938 0.0215854 0.019122 0.0156577 0.0123062 0.00966082 0.00773997 0.00627245
 1.00256e-16 7.91632e-05 0.000769495 0.00511356 0.0232455 0.0723254 0.154097 0.22491 0.224913 0.154113 0.0723784 0.0233985 0.00549754 0.0016076 0.00167051 0.00263538 0.00378619 0.00475567 0.00522826 0.00505952 0.00435715 0.00340667 0.00250047 0.00180326 0.00133121 0.00101728
 1.00854e-16 3.52863e-05 0.000342995 0.00227933 0.0103615 0.0322388 0.0686902 0.100267 0.10032 0.0689505 0.0331126 0.0128838 0.00860551 0.0141362 0.0261812 0.0430961 0.0617703 0.0770287 0.0836212 0.0791264 0.065429 0.0475252 0.030652 0.017939 0.00991545 0.0054923
 1.01036e-16 7.71359e-05 0.000749789 0.00498261 0.0226502 0.0704733 0.150151 0.21915 0.219153 0.150166 0.0705226 0.0227932 0.00534355 0.00154442 0.00160581 0.00258332 0.00383121 0.00506046 0.0060234 0.00658998 0.00679284 0.00675213 0.0065504 0.00617464 0.00556605 0.0047131
 1.01257e-16 5.35619e-05 0.000520641 0.00345984 0.015728 0.0489357 0.104264 0.152183 0.152215 0.10442 0.0494595 0.01724 0.00725224 0.00878983 0.01573 0.0258463 0.0370552 0.0462381 0.0502594 0.0476839 0.0396545 0.0291687 0.019349 0.0120322 0.00747979 0.00498223
 1.03159e-16 5.72848e-05 0.000556829 0.00370033 0.0168212 0.052337 0.11151 0.162757 0.162777 0.111611 0.0526759 0.0178012 0.00616456 0.00594968 0.0103384 0.0171018 0.0248635 0.0317467 0.035853 0.0362639 0.0335219 0.0291466 0.0246154 0.0206452 0.0172023 0.0139821
 1.0292e-16 6.41586e-05 0.000623644 0.00414434 0.0188396 0.058617 0.12489 0.182284 0.1823 0.124968 0.0588772 0.0195916 0.00603355 0.00475278 0.00792082 0.0130319 0.0188581 0.0239082 0.0267048 0.0265662 0.0239934 0.020289 0.0167299 0.0139486 0.0118889 0.0101739
 1.01962e-16 6.57296e-05 0.000638915 0.00424582 0.0193009 0.0600523 0.127948 0.186748 0.186763 0.128026 0.060313 0.020054 0.00613673 0.00476809 0.00791155 0.0129853 0.0187226 0.0235928 0.0260806 0.0254858 0.0223301 0.017987 0.0138444 0.0106552 0.00845365 0.0068904
 1.04994e-16 2.89042e-05 0.00028096 0.00186708 0.00848749 0.026408 0.056267 0.0821343 0.0821863 0.0565215 0.0272625 0.0109556 0.00806329 0.0138103 0.025732 0.0425161 0.0612923 0.0771753 0.0851872 0.0830093 0.072335 0.0576688 0.0435908 0.0326322 0.0249888 0.0195989
 1.05412e-16 6.48893e-05 0.000630747 0.00419154 0.0190541 0.0592845 0.126312 0.184358 0.184366 0.126353 0.0594221 0.0194534 0.00520125 0.00285927 0.00436854 0.0073056 0.0109524 0.0146812 0.0178729 0.0202065 0.0217624 0.0227903 0.0233629 0.023248 0.022104 0.019794
 1.04608e-16 5.50001e-05 0.00053462 0.00355274 0.0161503 0.0502496 0.107063 0.156267 0.156294 0.107192 0.050682 0.0173991 0.00668687 0.00737465 0.0130407 0.0214608 0.0308882 0.0388087 0.0427116 0.0414732 0.0360448 0.0288232 0.0222146 0.0174974 0.0146441 0.0128923
 1.07372e-16 3.87824e-05 0.000376978 0.00250516 0.0113881 0.0354328 0.0754946 0.110194 0.110231 0.0756728 0.0360313 0.0131183 0.00685373 0.00988816 0.0181555 0.0300923 0.0436687 0.0555881 0.062489 0.0627852 0.0575392 0.0495959 0.0417297 0.0352954 0.0301819 0.0256533
 1.05638e-16 6.37096e-05 0.00061928 0.00411534 0.0187077 0.0582067 0.124016 0.181007 0.181019 0.124072 0.0583965 0.0192571 0.00549931 0.00365727 0.00588284 0.00975465 0.0143515 0.0186926 0.0218137 0.0232647 0.0233266 0.0227051 0.0219665 0.0211942 0.0200881 0.0183217
 1.03813e-16 5.94105e-05 0.000577491 0.00383763 0.0174453 0.054279 0.115648 0.168796 0.168818 0.115754 0.0546361 0.0184765 0.00642611 0.00622835 0.0107923 0.0177508 0.0255747 0.0321877 0.0355223 0.0346441 0.0303138 0.0244702 0.0190584 0.0151108 0.0126138 0.0109785
 1.07418e-16 2.97674e-05 0.00028935 0.00192283 0.00874095 0.0271966 0.0579469 0.0845851 0.084632 0.0581762 0.0279667 0.0109663 0.00751305 0.0125068 0.0232739 0.0385359 0.0557575 0.0706326 0.0787658 0.0780982 0.070074 0.0585387 0.0473154 0.0383859 0.0317397 0.0264099
 1.15134e-16 3.86507e-05 0.000375698 0.00249665 0.0113494 0.0353123 0.0752375 0.109816 0.109837 0.0753421 0.0356647 0.0123716 0.00507934 0.00606944 0.0110159 0.01858 0.0277685 0.0370359 0.0447859 0.050234 0.0537003 0.0560033 0.0575113 0.0577271 0.0557191 0.0509284
pSPR Fmed_Fpbrs
0.466811   0.6 0.325
Fs Fmed_Fpbrs
0.481165   0.306415 0.762454
SSBpbr Bo_Bmed_Bpbrs
1.37092e+06  571416  754007 377004
Ro
120165
SPR SPRFo_SPRFmed_SPRFpbrs
855381 399301 277999
Fref
0.306415
log_Ro
11.5166
likeval ReclasPelacesDesembMPH_pf_preclas_ppelaces_ptallas_desvR_qrecl_qpela
 11.579 16.1305 0.0200969 0.000823717 229.855 103.568 78.3781 0 24.4513 1.12227e-05 4.11734e-05 0.0920887 6.0623e-16 0 0
q_reclas_q_pelaces
1.60755 2.49153
M
1
N
 159529 33427 68609.3 5155.28 0.194148
 89188.1 49372.2 9533.37 19440.7 1460.31
 88971.6 23804.2 11322.2 2160.02 4732.54
 123097 23843.2 5491.68 2581.14 1570.25
 100123 27757.4 4265.57 964.554 728.408
 204410 31235.5 8010.15 1223.34 485.366
 74637 57192.4 7678.51 1948.95 415.511
 29979.8 14453.4 8176.63 1071.61 329.55
 30924.2 9817.6 4479.76 2523.24 432.282
 42158.2 7092.79 1800.94 807.302 532.103
 77627.2 7712.69 932.576 230.655 171.295
 119399 24743.4 2297.27 276.28 119.044
 99705.1 25559.3 4100.29 373.015 64.1185
 69765.6 22113.4 4462.4 702.38 74.8035
 60324.3 10407.4 2152.75 419.923 73.0002
 327780 11124.3 1384.52 279.047 63.8043
 60966.1 71793 1906.7 232.725 57.5687
 538474 15821.6 15797.4 414.085 62.9991
 300730 144690 3664.48 3615.92 109.131
 250640 71548.9 28013.2 697.945 708.853
 323864 61478 14488.8 5586.94 280.334
 449895 86471.7 14106.2 3284.66 1329.26
 81976.3 110441 17531.4 2816.75 920.546
 251845 23534.7 28198.7 4434.74 944.906
 209465 74295.3 6254.62 7432.2 1417.25
 90748 61899.7 19795 1652.79 2337.43
 210439 27919.1 17500 5558.87 1120.13
 233712 62270.7 7453.32 4633.76 1767.72
 63114.1 72063.6 17663 2100.14 1803.1
 47487.3 19566.8 20604.8 5017.92 1108.49
pred_Ctot
 16233.4 4848.27 10178.8 765.752 0.0288401
 15883.8 12211.6 2407.06 4913.92 369.136
 15669.5 5826.4 2829.12 540.323 1183.9
 31330.7 8201.4 1924.32 905.337 550.797
 9748.66 3857.81 606.473 137.305 103.696
 31635.4 6768.11 1772.87 271.067 107.553
 23524.4 23816.7 3251.89 826.128 176.137
 2101.35 1459.1 845.015 110.884 34.1021
 7646.63 3289.48 1529.36 862.277 147.734
 14166.3 3123.96 806.212 361.709 238.418
 6630.76 944.105 116.817 28.9279 21.4846
 32962.6 9158.78 865.723 104.215 44.9067
 26071.1 9009.17 1472.02 134.045 23.0425
 28160.1 11391.8 2332.01 367.336 39.1228
 20097.9 4549.81 956.621 186.764 32.4689
 87414.3 3991.5 505.901 102.061 23.3376
 11677.9 19008.9 515.17 62.9476 15.5721
 94133.3 3845.64 3920.05 102.866 15.651
 69565.5 45615.6 1177.64 1163.22 35.1086
 54559.7 21330.7 8516.31 212.403 215.734
 57618.9 15191.2 3654.74 1410.83 70.7948
 97770.1 25739.9 4281.87 998.078 403.933
 11611.7 22000.3 3568.49 574.005 187.603
 32108.3 4240.05 5193.04 817.653 174.227
 26515.2 13294 1144.03 1361.01 259.546
 9528.78 9254.2 3026.86 253.033 357.869
 26490.1 4969.03 3183.89 1012.55 204.043
 24255.4 9205.3 1126.95 701.47 267.618
 6362.74 10358.3 2596.99 309.157 265.447
 7450.4 4294.87 4619.49 1126.26 248.812
F
 0.172837 0.254565 0.261062 0.261413 0.261432
 0.320884 0.472618 0.48468 0.485332 0.485366
 0.316818 0.466629 0.478539 0.479182 0.479216
 0.489472 0.720924 0.739324 0.740318 0.740371
 0.164844 0.242792 0.248988 0.249323 0.249341
 0.273706 0.40313 0.413419 0.413975 0.414004
 0.641704 0.94514 0.969262 0.970566 0.970635
 0.116348 0.171364 0.175738 0.175974 0.175987
 0.472459 0.695866 0.713626 0.714586 0.714636
 0.698562 1.02888 1.05514 1.05656 1.05664
 0.143359 0.211147 0.216536 0.216827 0.216843
 0.541465 0.797502 0.817856 0.818956 0.819014
 0.506033 0.745315 0.764337 0.765365 0.765419
 0.902625 1.32944 1.36337 1.3652 1.3653
 0.690602 1.01716 1.04312 1.04452 1.0446
 0.518556 0.76376 0.783253 0.784306 0.784362
 0.348941 0.51394 0.527057 0.527766 0.527804
 0.314144 0.46269 0.474499 0.475137 0.475171
 0.435832 0.641919 0.658302 0.659187 0.659234
 0.405339 0.597008 0.612245 0.613069 0.613112
 0.320508 0.472063 0.484111 0.484762 0.484797
 0.404537 0.595826 0.611033 0.611855 0.611898
 0.247954 0.365201 0.374522 0.375026 0.375052
 0.220765 0.325156 0.333455 0.333903 0.333927
 0.219043 0.32262 0.330854 0.331299 0.331322
 0.178776 0.263312 0.270032 0.270395 0.270415
 0.217706 0.32065 0.328834 0.329276 0.3293
 0.17654 0.260019 0.266655 0.267014 0.267033
 0.171112 0.252024 0.258456 0.258804 0.258822
 0.277934 0.409358 0.419806 0.42037 0.4204
nmprior
 8 8 7 0
nm_flota  nm_reclas  nm_pelaces    nm_pelaL
inf 14.704 13.4589 22.6365
cv_recla  cv_pelaces  cv_mph
0.315038 0.472594 0.885716
 ------------------------------------------------
Talla a la edad & desviación 
 8 13.2811 15.8009 17.003 17.5766
 0.8 1.32811 1.58009 1.7003 1.75766
