years
 1991 1992 1993 1994 1995 1996 1997 1998 1999 2000 2001 2002 2003 2004 2005 2006 2007 2008 2009 2010 2011 2012 2013 2014 2015 2016 2017 2018 2019 2020
reclasobs
 0 0 0 0 0 0 0 0 0 252601 567819 844713 477998 351125 339783 2.1784e+06 2.13404e+06 4.81314e+06 1.55562e+06 2.62356e+06 3.21686e+06 3.843e+06 1.13348e+06 3.07943e+06 1.97215e+06 2.03268e+06 2.025e+06 2.42433e+06 2.27542e+06 1.05018e+06
reclaspred
 2.7269e+06 1.10121e+06 559625 293818 77432 1.07973e+06 463219 196607 63114.3 175037 306302 491986 447514 306582 247840 1.19548e+06 856784 3.11647e+06 2.38475e+06 1.3037e+06 2.54556e+06 2.29002e+06 1.42213e+06 2.60387e+06 1.77604e+06 1.20191e+06 1.76338e+06 2.27535e+06 1.65725e+06 682413
pelacesobs
 0 0 0 0 0 0 0 0 0 0 0 0 0 0 0 552880 188675 0 991730 2.46772e+06 1.41603e+06 1.21717e+06 2.29649e+06 1.80582e+06 0 1.4828e+06 1.56532e+06 1.57751e+06 1.42118e+06 867257
pelacespred
 1.32377e+06 567603 258320 88180.6 25065.7 481931 161669 92217.8 15911.7 66747 135848 185081 184844 125216 102198 459496 330548 1.46976e+06 1.11136e+06 583015 1.10142e+06 1.01461e+06 632562 1.31666e+06 859154 575590 972838 1.22126e+06 740013 357162
mphobs
 0 0 0 0 0 0 0 0 0 0 0 498337 0 5186 125008 0 168611 109162 213762 579715 649985 157893 87575 83554 0 0 0 0 0 0
mphpred
 2.8486e+06 1.43942e+06 447293 294735 98431.3 26638.9 586559 190429 71043.8 11830 71016.6 206307 254863 184505 96657.5 103000 766409 495159 1.83868e+06 1.19032e+06 884888 1.31175e+06 1.36204e+06 858009 1.46537e+06 1.04965e+06 648424 915556 1.57238e+06 859846
desembarqueobs
 494567 514787 250237 358949 120608 361735 552515 73892 212993 205616 52469 317467 293654 387597 252695 516296 358380 742168 942051 627588 828172 859565 418607 520667 417249 300574 407403 355545 319650 289779
desembarquepred
 494541 515025 249413 358868 120557 361588 551889 73872.7 212734 205488 52464.5 317289 293464 387151 252500 516041 358300 741879 941189 626903 827837 859033 418445 520539 417079 300442 407262 355438 319543 289664
Reclutas
 26908.2 17510.9 172565 21629.1 9264.87 317922 19085.9 4905.5 15894.2 74227.4 77376.2 135489 92373.6 68447.2 53046.6 445951 21363.2 842280 312964 160412 438164 592081 29731.4 345635 209504 53929.9 272545 333175 24676 12193.7
log_desv_Rt
 -1.06898 -1.49859 0.78936 -1.28738 -2.13518 1.40039 -1.41246 -2.77106 -1.59546 -0.054282 -0.0127352 0.547477 0.164426 -0.135353 -0.390244 1.73879 -1.29975 2.3747 1.38467 0.716329 1.72118 2.02223 -0.969212 1.48397 0.983329 -0.373729 1.24639 1.44725 -1.15558 -1.86049
SSB
 2.8486e+06 1.43942e+06 447293 294735 98431.3 26638.9 586559 190429 71043.8 11830 71016.6 206307 254863 184505 96657.5 103000 766409 495159 1.83868e+06 1.19032e+06 884888 1.31175e+06 1.36204e+06 858009 1.46537e+06 1.04965e+06 648424 915556 1.57238e+06 859846
BT
 3.50081e+06 1.86095e+06 839391 476544 165414 1.43199e+06 860404 282187 237607 350732 356630 688193 691502 692202 488302 1.46795e+06 1.04516e+06 4.05863e+06 3.45261e+06 1.9371e+06 3.24221e+06 3.11548e+06 1.82284e+06 3.52977e+06 2.3711e+06 1.60395e+06 2.67149e+06 3.1687e+06 1.97411e+06 1.13476e+06
Ftot
 0.172158 0.432369 0.441105 1.0553 1.30148 0.363148 1.02328 0.355919 2.43914 1.15817 0.182884 0.639236 0.638316 1.16742 0.989672 0.45985 0.391786 0.255095 0.384566 0.461849 0.332701 0.3778 0.278534 0.209445 0.231411 0.241836 0.241664 0.164177 0.183173 0.39582
BD_Bspro_t
 0.972831 0.786358 0.516154 0.443706 0.185182 0.0803769 0.536273 0.2397 0.140511 0.0367343 0.214807 0.504329 0.419947 0.310672 0.189079 0.206401 0.531353 0.41958 0.661537 0.526068 0.417188 0.511724 0.54409 0.470507 0.630405 0.609325 0.559805 0.666393 0.75473 0.629263
BD_Bspro
 5.10636 2.58028 0.80181 0.528337 0.176446 0.0477525 1.05146 0.34136 0.127352 0.0212062 0.127303 0.369824 0.456864 0.33074 0.173267 0.184637 1.37385 0.887614 3.29599 2.13375 1.58624 2.35143 2.44157 1.53805 2.62679 1.88158 1.16236 1.64121 2.81862 1.54135
BD_Bo
 1.56163 0.789102 0.245209 0.161576 0.0539608 0.0146037 0.321556 0.104395 0.0389467 0.00648528 0.0389319 0.113099 0.139718 0.101147 0.0529884 0.0564656 0.420151 0.27145 1.00798 0.652543 0.485103 0.719113 0.74668 0.470367 0.803325 0.575425 0.355471 0.501915 0.86199 0.471374
BD_Brms
 10.4426 5.27672 1.63971 1.08046 0.360836 0.0976546 2.15024 0.698086 0.260437 0.0433671 0.260337 0.756295 0.934293 0.676369 0.354333 0.377585 2.80955 1.81518 6.74036 4.36355 3.24388 4.80871 4.99305 3.14534 5.37183 3.84786 2.37703 3.3563 5.76412 3.15208
Sel_flota
 0.856086 1 1 1 1
 0.856086 1 1 1 1
 0.856086 1 1 1 1
 0.856086 1 1 1 1
 0.856086 1 1 1 1
 0.856086 1 1 1 1
 0.856086 1 1 1 1
 0.856086 1 1 1 1
 0.856086 1 1 1 1
 0.856086 1 1 1 1
 0.856086 1 1 1 1
 0.856086 1 1 1 1
 0.856086 1 1 1 1
 0.856086 1 1 1 1
 0.856086 1 1 1 1
 0.856086 1 1 1 1
 0.856086 1 1 1 1
 0.856086 1 1 1 1
 0.856086 1 1 1 1
 0.856086 1 1 1 1
 0.856086 1 1 1 1
 0.856086 1 1 1 1
 0.856086 1 1 1 1
 0.856086 1 1 1 1
 0.856086 1 1 1 1
 0.856086 1 1 1 1
 0.856086 1 1 1 1
 0.856086 1 1 1 1
 0.856086 1 1 1 1
 0.856086 1 1 1 1
Sel_reclas
 1 1 1 1 1
 1 1 1 1 1
 1 1 1 1 1
 1 1 1 1 1
 1 1 1 1 1
 1 1 1 1 1
 1 1 1 1 1
 1 1 1 1 1
 1 1 1 1 1
 1 1 1 1 1
 1 1 1 1 1
 1 1 1 1 1
 1 1 1 1 1
 1 1 1 1 1
 1 1 1 1 1
 1 1 1 1 1
 1 1 1 1 1
 1 1 1 1 1
 1 1 1 1 1
 1 1 1 1 1
 1 1 1 1 1
 1 1 1 1 1
 1 1 1 1 1
 1 1 1 1 1
 1 1 1 1 1
 1 1 1 1 1
 1 1 1 1 1
 1 1 1 1 1
 1 1 1 1 1
 1 1 1 1 1
Sel_pelaces
 1 1 1 1 1
 1 1 1 1 1
 1 1 1 1 1
 1 1 1 1 1
 1 1 1 1 1
 1 1 1 1 1
 1 1 1 1 1
 1 1 1 1 1
 1 1 1 1 1
 1 1 1 1 1
 1 1 1 1 1
 1 1 1 1 1
 1 1 1 1 1
 1 1 1 1 1
 1 1 1 1 1
 1 1 1 1 1
 1 1 1 1 1
 1 1 1 1 1
 1 1 1 1 1
 1 1 1 1 1
 1 1 1 1 1
 1 1 1 1 1
 1 1 1 1 1
 1 1 1 1 1
 1 1 1 1 1
 1 1 1 1 1
 1 1 1 1 1
 1 1 1 1 1
 1 1 1 1 1
 1 1 1 1 1
pf_obs 
 0.8446 0.082 0.0669 0.0065 0
 0.8095 0.147 0.0364 0.0071 0
 0.9664 0.0169 0.016 0.0007 0
 0.9276 0.0648 0.0075 0.0001 0
 0.7033 0.2144 0.0806 0.0017 0
 0.9318 0.0425 0.0243 0.0014 0
 0.5671 0.3108 0.0964 0.0239 0.0018
 0.0768 0.2599 0.5324 0.112 0.0189
 0.490249 0.384438 0.106611 0.0170017 0.00170017
 0.7925 0.1577 0.0466 0.003 0.0002
 0.840416 0.127587 0.0312969 0.00059994 9.999e-05
 0.8084 0.0986 0.0794 0.0134 0.0002
 0.7335 0.1905 0.0724 0.0035 0.0001
 0.4001 0.4547 0.1325 0.0127 0
 0.49795 0.308269 0.164784 0.0264974 0.00249975
 0.9179 0.0499 0.0305 0.0017 0
 0.2467 0.6533 0.0926 0.0074 0
 0.9418 0.0223 0.034 0.0019 0
 0.707729 0.231977 0.0356964 0.0245975 0
 0.517169 0.277429 0.184464 0.0207286 0.00020938
 0.811772 0.124168 0.05621 0.00726502 0.000585176
 0.764997 0.148141 0.077277 0.00933861 0.000247198
 0.163321 0.427699 0.378323 0.0303852 0.000271297
 0.753843 0.0900009 0.118128 0.0371064 0.000921714
 0.721811 0.176058 0.0630433 0.0369309 0.00215725
 0.143369 0.312575 0.442814 0.0836902 0.0175525
 0.692698 0.0596174 0.167031 0.0765114 0.00414204
 0.394062 0.376323 0.152708 0.0712218 0.00568511
 0.125707 0.32114 0.495352 0.0537591 0.00404204
 0.23352 0.215282 0.420074 0.123614 0.00750983
pf_pred 
 0.115124 0.22776 0.584447 0.0726681 6.79878e-07
 0.193677 0.107741 0.179809 0.461403 0.0573697
 0.884799 0.0260009 0.011919 0.0198916 0.0573898
 0.288239 0.642845 0.0155542 0.00713013 0.0462311
 0.473149 0.180814 0.312533 0.00756198 0.0259427
 0.992643 0.00399694 0.00115328 0.00199341 0.000213701
 0.166258 0.828648 0.00276705 0.000798404 0.00152797
 0.230234 0.157113 0.60891 0.00203329 0.00170947
 0.74843 0.0666496 0.0377433 0.146278 0.000899124
 0.986996 0.0106373 0.000626907 0.000355014 0.00138435
 0.867411 0.131263 0.00108463 6.39228e-05 0.000177355
 0.813738 0.165005 0.021044 0.000173887 3.86814e-05
 0.705436 0.248585 0.0407319 0.00519477 5.2473e-05
 0.702091 0.222744 0.0634321 0.0103937 0.00133896
 0.795345 0.154456 0.0375332 0.0106885 0.00197699
 0.974996 0.020823 0.00315538 0.000766766 0.000258744
 0.141956 0.840331 0.0147513 0.00223532 0.000726487
 0.955953 0.00734178 0.0359478 0.000631035 0.0001267
 0.514174 0.467777 0.00300847 0.0147305 0.0003105
 0.48833 0.287125 0.216203 0.00139049 0.00695183
 0.837883 0.0871097 0.0420905 0.0316938 0.00122293
 0.786261 0.184115 0.0159179 0.00769138 0.00601501
 0.118105 0.719834 0.1396 0.0120693 0.0103925
 0.827607 0.0238112 0.121277 0.0235197 0.00378436
 0.592727 0.346573 0.00838398 0.0427021 0.00961385
 0.319585 0.431566 0.21176 0.00512271 0.0319657
 0.840431 0.0572955 0.064869 0.0318298 0.00557477
 0.752919 0.21315 0.0121833 0.0137938 0.00795372
 0.135693 0.676815 0.161745 0.00924508 0.0165026
 0.177616 0.129143 0.542857 0.129732 0.0206516
pobs_RECLAS
 0 0 0 0 0
 0 0 0 0 0
 0 0 0 0 0
 0 0 0 0 0
 0 0 0 0 0
 0 0 0 0 0
 0 0 0 0 0
 0 0 0 0 0
 0 0 0 0 0
 0 0 0 0 0
 0.991045 0.00858322 0.000360255 1.14367e-05 0
 0.934742 0.0480273 0.0164251 0.00080598 0
 0.827803 0.169806 0.00239088 0 0
 0.941827 0.0461693 0.0120037 0 0
 0.791401 0.0380133 0.147996 0.0225897 0
 0.846168 0.0940531 0.0597789 0 0
 0.134021 0.677848 0.182769 0.00536245 0
 0.80878 0.0450904 0.141981 0.00414843 0
 0.846168 0.0940531 0.0597789 0 0
 0.905697 0.0802665 0.012482 0.00150086 5.37128e-05
 0.989698 0.0102097 9.19794e-05 0 0
 0.975433 0.0193895 0.00387452 0.00125025 5.28907e-05
 0.303575 0.632131 0.0575291 0.00676475 0
 0.966965 0.00978017 0.0227588 0.000495775 0
 0.843318 0.132988 0.00938335 0.0141283 0.000182051
 0.564624 0.303363 0.111486 0.0197234 0.00080311
 0.826376 0.0876187 0.0782897 0.00655872 0.00115652
 0.89761 0.0855135 0.0140674 0.00269457 0.000114338
 0.34875 0.467042 0.161289 0.0227151 0.000203297
 0.318654 0.224769 0.449479 0.00709798 0
ppred_RECLAS
 0.132192 0.223367 0.573174 0.0712664 6.66764e-07
 0.220309 0.104182 0.17387 0.446164 0.0554749
 0.900365 0.0224876 0.0103085 0.0172039 0.0496353
 0.32629 0.608479 0.0147226 0.00674896 0.0437596
 0.519945 0.164754 0.284773 0.00689031 0.0236384
 0.99373 0.00340615 0.00098281 0.00169876 0.000182114
 0.192404 0.802662 0.00268028 0.000773366 0.00148005
 0.259977 0.151043 0.585383 0.00195473 0.00164342
 0.790432 0.0555217 0.0314416 0.121856 0.000749005
 0.98914 0.0088836 0.000523556 0.000296487 0.00115613
 0.884541 0.114305 0.000944501 5.56642e-05 0.000154442
 0.837752 0.143732 0.0183309 0.000151468 3.36944e-05
 0.738929 0.22032 0.0361006 0.00460411 4.65067e-05
 0.738833 0.195272 0.0556088 0.0091118 0.00117382
 0.822638 0.133858 0.0325278 0.00926314 0.00171335
 0.978677 0.0177579 0.00269091 0.000653898 0.000220657
 0.162801 0.819917 0.014393 0.00218102 0.000708838
 0.962186 0.00630287 0.0308609 0.000541739 0.000108772
 0.554327 0.429115 0.00275983 0.013513 0.000284838
 0.529055 0.264272 0.198995 0.00127982 0.00639851
 0.858517 0.0760228 0.0367334 0.02766 0.00106728
 0.812122 0.161838 0.013992 0.00676077 0.00528723
 0.135753 0.705428 0.136806 0.0118278 0.0101845
 0.849039 0.0208511 0.106201 0.0205958 0.0033139
 0.630398 0.314516 0.00760849 0.0387523 0.0087246
 0.355069 0.40906 0.200717 0.00485556 0.0302986
 0.8606 0.0500534 0.0566696 0.0278065 0.00487012
 0.781058 0.188875 0.0107958 0.0122228 0.00704788
 0.155298 0.661462 0.158076 0.00903537 0.0161283
 0.202474 0.12524 0.526449 0.12581 0.0200274
pobs_PELACES
 0 0 0 0 0
 0 0 0 0 0
 0 0 0 0 0
 0 0 0 0 0
 0 0 0 0 0
 0 0 0 0 0
 0 0 0 0 0
 0 0 0 0 0
 0 0 0 0 0
 0 0 0 0 0
 0 0 0 0 0
 0 0 0 0 0
 0 0 0 0 0
 0 0 0 0 0
 0 0 0 0 0
 0 0 0 0 0
 0.505614 0.472636 0.0217494 0 0
 0 0 0 0 0
 0.443492 0.261883 0.143347 0.151278 0
 0.227955 0.32914 0.350689 0.0885471 0.00366901
 0.970185 0.0296113 0.000203453 0 0
 0.997202 0.00247181 0.000326279 0 0
 0.445219 0.490057 0.0546422 0.010081 0
 0.90214 0.0892962 0.00764917 0.000914606 0
 0 0 0 0 0
 0.581667 0.319106 0.0959925 0.00289975 0.000334073
 0.762889 0.0836404 0.116647 0.0363945 0.000428098
 0.88444 0.0763242 0.0277011 0.0115352 0
 0.521256 0.241999 0.230069 0.00667565 0
 0.616807 0.101726 0.260614 0.0208532 0
ppred_PELACES
 0.133133 0.223124 0.572553 0.0711891 6.66041e-07
 0.223856 0.103708 0.173079 0.444134 0.0552225
 0.902228 0.022067 0.0101157 0.0168821 0.0487069
 0.337401 0.598443 0.0144798 0.00663765 0.0430379
 0.535349 0.159467 0.275635 0.00666921 0.0228799
 0.993837 0.00334827 0.000966109 0.0016699 0.000179019
 0.200069 0.795045 0.00265484 0.000766027 0.001466
 0.263242 0.150376 0.5828 0.0019461 0.00163617
 0.808976 0.0506088 0.0286595 0.111073 0.000682728
 0.989715 0.00841306 0.000495824 0.000280783 0.00109489
 0.885425 0.11343 0.000937269 5.5238e-05 0.000153259
 0.841836 0.140114 0.0178695 0.000147656 3.28462e-05
 0.744735 0.21542 0.0352978 0.00450173 4.54725e-05
 0.749389 0.18738 0.0533612 0.00874352 0.00112637
 0.829392 0.128761 0.0312892 0.0089104 0.0016481
 0.979128 0.0173823 0.00263399 0.000640067 0.00021599
 0.165352 0.817417 0.0143491 0.00217437 0.000706678
 0.962624 0.00622981 0.0305032 0.00053546 0.000107511
 0.558834 0.424775 0.00273191 0.0133763 0.000281957
 0.534516 0.261208 0.196687 0.00126498 0.00632431
 0.860425 0.0749973 0.036238 0.0272869 0.00105288
 0.814844 0.159493 0.0137892 0.00666281 0.00521062
 0.137313 0.704156 0.136559 0.0118064 0.0101661
 0.850309 0.0206756 0.105307 0.0204225 0.00328601
 0.632955 0.312341 0.00755586 0.0384842 0.00866425
 0.357704 0.407389 0.199897 0.00483572 0.0301749
 0.861972 0.0495611 0.0561122 0.027533 0.00482222
 0.782389 0.187727 0.0107302 0.0121485 0.00700506
 0.156443 0.660566 0.157862 0.00902313 0.0161064
 0.205527 0.12476 0.524434 0.125329 0.0199508
pobs_pel_tallas
 0 0 0 0 0 0 0 0 0 0 0 0 0 0 0 0 0 0 0 0 0 0 0 0 0 0
 0 0 0 0 0 0 0 0 0 0 0 0 0 0 0 0 0 0 0 0 0 0 0 0 0 0
 0 0 0 0 0 0 0 0 0 0 0 0 0 0 0 0 0 0 0 0 0 0 0 0 0 0
 0 0 0 0 0 0 0 0 0 0 0 0 0 0 0 0 0 0 0 0 0 0 0 0 0 0
 0 0 0 0 0 0 0 0 0 0 0 0 0 0 0 0 0 0 0 0 0 0 0 0 0 0
 0 0 0 0 0 0 0 0 0 0 0 0 0 0 0 0 0 0 0 0 0 0 0 0 0 0
 0 0 0 0 0 0 0 0 0 0 0 0 0 0 0 0 0 0 0 0 0 0 0 0 0 0
 0 0 0 0 0 0 0 0 0 0 0 0 0 0 0 0 0 0 0 0 0 0 0 0 0 0
 0 0 0 0 0 0 0 0 0 0 0 0 0 0 0 0 0 0 0 0 0 0 0 0 0 0
 0 0 0 0 0 0 0 0 0 0 0 0 0 0 0 0 0 0 0 0 0 0 0 0 0 0
 0 0 0 0 0 0 0 0 0 0 0 0 0 0 0 0 0 0 0 0 0 0 0 0 0 0
 0 0 0 0 0 0 0 0 0 0 0 0 0 0 0 0 0 0 0 0 0 0 0 0 0 0
 0.00862536 0 0 0.000197151 0.00414017 0.0128641 0.00837892 0.0270097 0.101434 0.158115 0.152841 0.127902 0.109271 0.109419 0.0830992 0.0579132 0.0238553 0.00714673 0.00463305 0.00128148 0.00103504 0.000492878 0.000147863 0.000147863 4.92878e-05 0
 0 0 0 0 0 0 0 0 0 0 0 0 0 0 0 0 0 0 0 0 0 0 0 0 0 0
 0 0 0 0 0 0 0 0.0054083 0.00873648 0.0413646 0.0450493 0.0745869 0.0622846 0.0627006 0.0613931 0.0827291 0.12552 0.122667 0.0946155 0.0697135 0.0546179 0.0294188 0.0215738 0.0213955 0.0102223 0.00600262
 0 0 0 0 0.00359764 0.0251062 0.0480494 0.140153 0.205849 0.193036 0.1447 0.116669 0.0760912 0.0342217 0.00950174 0.001854 0.000860785 0 0 0 0.000165536 0 0.000143464 0 0 0
 0 0 0 0 0 0 0 0.000145254 0.000435761 0.0275982 0.070085 0.0708112 0.156366 0.174668 0.174014 0.160142 0.0824315 0.0480064 0.0283245 0.00493863 0.00203355 0 0 0 0 0
 0 0 0 0 0 0 0 0 0 0 0 0 0 0 0 0 0 0 0 0 0 0 0 0 0 0
 0 0 1.00437e-05 0.000401748 0.00122533 0.00171747 0.00176769 0.0269171 0.070346 0.194647 0.189555 0.159765 0.064822 0.0314167 0.0384472 0.0292271 0.0345202 0.0313363 0.0194345 0.0106764 0.0143323 0.0359363 0.0279516 0.0138201 0.00172751 0
 0 0.0021121 0.0136068 0.0755702 0.200478 0.177729 0.0527432 0.0373336 0.0318909 0.0142505 0.0149659 0.0166563 0.0217959 0.0798694 0.0677717 0.0528807 0.04013 0.0224614 0.0357745 0.0225083 0.00881397 0.00855152 0.00135912 0.000746735 0 0
 0 0 0 0 5.4009e-05 0.00500934 0.000945158 0.0243581 0.138947 0.33067 0.221406 0.137944 0.0707744 0.0437923 0.0131692 0.00525238 0.0047753 0.00276346 9.45158e-05 9.00151e-06 2.25038e-05 9.00151e-06 4.50075e-06 0 0 0
 0.000866109 0.00284123 0.00948549 0.0512746 0.133035 0.25785 0.225252 0.132002 0.0553304 0.0519788 0.0540692 0.017754 0.00435017 0.00159236 0.00146478 0.000404838 0.000125132 0.000115318 0.000107957 0.000100596 0 0 0 0 0 0
 0 0 0 0 0.00144013 0.00171154 0.00461396 0.0210425 0.0478622 0.0707936 0.0888783 0.103762 0.0637923 0.0337046 0.0602308 0.124433 0.169614 0.0934646 0.0462172 0.0250306 0.0313229 0.00938855 0.002487 0.000210481 0 0
 0 0.00764035 0.051015 0.0998891 0.058973 0.0496711 0.0374665 0.0718981 0.12319 0.153886 0.159021 0.0857701 0.0377988 0.023471 0.0147837 0.00900784 0.00315554 0.000888139 0.00291439 0.00214683 0.00393193 0.00274676 0.000635225 9.99891e-05 0 0
 0 0 0 0 0 0 0 0 0 0 0 0 0 0 0 0 0 0 0 0 0 0 0 0 0 0
 0 0 0 0 0 0 0 0 0 0 0 0 0 0 0 0 0 0 0 0 0 0 0 0 0 0
 0 0 0 0 0 0 0 0 0 0 0 0 0 0 0 0 0 0 0 0 0 0 0 0 0 0
 0 0 0 0 0 0 0 0 0 0 0 0 0 0 0 0 0 0 0 0 0 0 0 0 0 0
 0 0 0 0 0 0 0 0 0 0 0 0 0 0 0 0 0 0 0 0 0 0 0 0 0 0
 0 0 0 0 0 0 0 0 0 0 0 0 0 0 0 0 0 0 0 0 0 0 0 0 0 0
ppred_pel_tallas
 1.2372e-16 1.09661e-05 0.000106594 0.000708356 0.0032201 0.010019 0.0213474 0.0311619 0.0311842 0.0214571 0.0103898 0.00430184 0.00346498 0.00626097 0.0120995 0.0210292 0.0327224 0.0462128 0.0603479 0.0743424 0.0877393 0.0997063 0.108435 0.111487 0.107056 0.0951885
 1.58907e-16 1.84388e-05 0.000179231 0.00119106 0.00541437 0.0168462 0.0358929 0.052389 0.0523994 0.035944 0.0170189 0.00591907 0.00248043 0.00307097 0.00574512 0.0101102 0.0161419 0.0238132 0.0333089 0.0452524 0.0604612 0.0791462 0.100028 0.120082 0.135257 0.141889
 1.10234e-16 7.43154e-05 0.000722372 0.00480041 0.021822 0.0678963 0.14466 0.211136 0.211139 0.144671 0.0679318 0.0219248 0.00506004 0.00129462 0.0011783 0.00187883 0.0028232 0.00383776 0.00483586 0.00586781 0.00713509 0.00887966 0.0112023 0.0139298 0.0166166 0.0186819
 1.0852e-16 2.77914e-05 0.000270143 0.0017952 0.00816073 0.0253914 0.0541011 0.0789743 0.0790318 0.0543824 0.0263355 0.0108864 0.00863206 0.0151788 0.028295 0.0466122 0.0668669 0.0835232 0.0909864 0.0867466 0.0729584 0.055109 0.0388565 0.0274382 0.0211221 0.0183178
 1.12536e-16 4.4096e-05 0.000428629 0.00284839 0.0129484 0.0402873 0.0858369 0.125285 0.125301 0.0859141 0.0405477 0.0137056 0.0047681 0.00468213 0.0083059 0.0141398 0.021477 0.0293224 0.0366101 0.0427275 0.0476464 0.051483 0.0539382 0.054224 0.0515855 0.0459434
 1.00227e-16 8.1861e-05 0.000795718 0.00528783 0.0240377 0.0747902 0.159348 0.232574 0.232574 0.15935 0.0747955 0.0240531 0.00532654 0.000880489 0.00024363 0.000275311 0.000393817 0.000506569 0.000581555 0.000607864 0.000597984 0.000578161 0.000570041 0.000577751 0.00058855 0.00058361
 1.00605e-16 1.64795e-05 0.000160187 0.0010645 0.00483912 0.0150567 0.0320828 0.0468418 0.0469182 0.0324562 0.0163102 0.00845725 0.0101377 0.019938 0.0374925 0.0617319 0.0883983 0.110054 0.119135 0.112162 0.091884 0.0655718 0.0408745 0.0224058 0.0109861 0.00502507
 1.17329e-16 2.16829e-05 0.000210766 0.00140061 0.00636699 0.0198101 0.0422082 0.0616073 0.0616226 0.0422836 0.020066 0.00711694 0.00332441 0.00454679 0.00865465 0.0153073 0.0244437 0.0356978 0.048498 0.062236 0.0760693 0.0884463 0.0969659 0.0990831 0.0933974 0.0806147
 1.12095e-16 6.66343e-05 0.000647709 0.00430425 0.0195665 0.0608787 0.129709 0.189315 0.18932 0.129733 0.0609603 0.0198032 0.00490232 0.0019674 0.00261638 0.00433979 0.00654356 0.00890048 0.0111746 0.0133824 0.0158157 0.0188023 0.0223576 0.0259948 0.0288502 0.0300489
 1.00231e-16 8.15216e-05 0.000792419 0.0052659 0.023938 0.0744801 0.158688 0.231609 0.23161 0.158692 0.0744933 0.0239764 0.00536216 0.00100244 0.000480072 0.000663828 0.000946641 0.00118714 0.00130338 0.00126134 0.00109216 0.000872406 0.000679204 0.000553815 0.000494653 0.000474165
 1.00088e-16 7.29313e-05 0.000708918 0.00471101 0.0214156 0.0666319 0.141967 0.207207 0.207218 0.14202 0.0668107 0.0219318 0.00600569 0.00353118 0.00542107 0.00881559 0.012619 0.0157148 0.01702 0.0160378 0.013159 0.00941783 0.00590219 0.00326746 0.00163001 0.000764817
 1.00572e-16 6.9341e-05 0.000674019 0.00447909 0.0203613 0.0633517 0.134978 0.197007 0.197021 0.135044 0.0635732 0.0210009 0.00608429 0.00417727 0.00671987 0.0109919 0.0158087 0.0198376 0.0217667 0.0209833 0.0179307 0.013802 0.00983056 0.00672829 0.00459533 0.00318416
 1.01533e-16 6.13428e-05 0.000596274 0.00396245 0.0180128 0.0560445 0.119409 0.174286 0.174307 0.119511 0.0563852 0.0189971 0.00643358 0.00599161 0.0103105 0.0169541 0.0244296 0.0307441 0.0339027 0.0329735 0.0286261 0.0226562 0.0168973 0.0123747 0.00918965 0.00694386
 1.02656e-16 6.17262e-05 0.000600001 0.00398722 0.0181253 0.0563947 0.120156 0.175374 0.175392 0.120244 0.0566919 0.0189843 0.00614526 0.00531773 0.00904115 0.0149001 0.0215765 0.0273786 0.0306147 0.0304885 0.0275399 0.0232192 0.0189591 0.0154893 0.0127946 0.0105236
 1.02109e-16 6.83159e-05 0.000664055 0.00441288 0.0200603 0.0624152 0.132983 0.194095 0.194107 0.133043 0.0626192 0.02065 0.00589421 0.00390139 0.00622714 0.0102142 0.0147723 0.0187131 0.0208717 0.0207084 0.0186138 0.0156135 0.01272 0.0104474 0.0087719 0.00741339
 1.00182e-16 8.06495e-05 0.000783941 0.00520957 0.0236819 0.0736833 0.15699 0.229132 0.229134 0.156998 0.0737108 0.0237613 0.00540892 0.00121919 0.000907408 0.00137285 0.00197066 0.00247972 0.00273504 0.00266225 0.00231687 0.00184527 0.00139609 0.00105115 0.000815698 0.000653317
 1.00961e-16 1.362e-05 0.000132392 0.000879793 0.00399946 0.0124442 0.0265166 0.0387183 0.0387969 0.0269007 0.0137333 0.00772073 0.0102126 0.0204789 0.0385757 0.0635429 0.0910438 0.113456 0.123021 0.116164 0.0956843 0.0689969 0.0438864 0.025023 0.0132145 0.00684313
 1.00954e-16 7.92901e-05 0.000770728 0.00512176 0.0232828 0.0724413 0.154344 0.22527 0.22527 0.154347 0.0724521 0.0233146 0.00520377 0.000956989 0.000454165 0.000680226 0.00109945 0.00164616 0.00230217 0.00304357 0.00382133 0.0045393 0.00505487 0.00522281 0.00496466 0.00431723
 1.01577e-16 4.60305e-05 0.000447433 0.00297335 0.0135165 0.0420549 0.089604 0.130788 0.130829 0.0898036 0.0427248 0.01545 0.00782263 0.0110192 0.0200822 0.0330187 0.047308 0.0589654 0.0639725 0.0604968 0.0500241 0.036432 0.0237658 0.0144128 0.00871322 0.00572862
 1.0694e-16 4.40274e-05 0.000427962 0.00284396 0.0129283 0.0402247 0.085704 0.125093 0.125118 0.0858283 0.0406429 0.0141391 0.00589509 0.00712705 0.012879 0.0215129 0.0316594 0.0412052 0.0479619 0.0508161 0.0502271 0.0476092 0.0441802 0.0402879 0.0356407 0.0300042
 1.0398e-16 7.08721e-05 0.000688902 0.004578 0.0208109 0.0647505 0.137958 0.201355 0.201363 0.137994 0.0648701 0.021157 0.00544928 0.00259919 0.00372348 0.00610906 0.00895006 0.0115914 0.0134203 0.0141707 0.0140643 0.0136093 0.0132203 0.0129691 0.0126275 0.0119002
 1.01989e-16 6.71177e-05 0.000652408 0.00433548 0.0197085 0.0613205 0.13065 0.190691 0.190706 0.130725 0.0615724 0.0204361 0.00616125 0.00463623 0.00762784 0.0124907 0.0179564 0.0225196 0.0246989 0.0238219 0.0204321 0.0159307 0.0117479 0.00868064 0.00677783 0.00565244
 1.07026e-16 1.13104e-05 0.000109941 0.000730601 0.00332125 0.010334 0.0220202 0.0321533 0.0322213 0.0223521 0.0114486 0.00654131 0.00881591 0.0177685 0.0335718 0.0555442 0.0801518 0.101077 0.111852 0.109449 0.0960291 0.0773724 0.0593394 0.0451432 0.0350159 0.0276263
 1.05649e-16 7.00388e-05 0.000680802 0.00452417 0.0205662 0.0639892 0.136336 0.198987 0.198989 0.136346 0.0640253 0.0206728 0.00479969 0.00130892 0.00134125 0.00231133 0.00380169 0.00578371 0.00825437 0.0111813 0.01443 0.0176677 0.0203463 0.0218483 0.021743 0.0199965
 1.05624e-16 5.21357e-05 0.000506778 0.00336772 0.0153092 0.0476327 0.101488 0.14813 0.148161 0.101634 0.0481257 0.0167325 0.00693853 0.00829555 0.0148265 0.0243844 0.0350249 0.0438604 0.0480105 0.046208 0.0396005 0.0310287 0.023357 0.0181243 0.0152958 0.0139049
 1.11465e-16 2.94637e-05 0.000286397 0.00190321 0.00865175 0.026919 0.0573553 0.08372 0.0837595 0.0575483 0.0275679 0.0105287 0.00662517 0.0106297 0.0197764 0.0329166 0.0480404 0.0617154 0.0704135 0.0724426 0.0688255 0.0623432 0.0555922 0.0496611 0.044224 0.0385247
 1.0521e-16 7.09995e-05 0.00069014 0.00458622 0.0208483 0.0648669 0.138206 0.201717 0.201721 0.13823 0.064947 0.021081 0.00517457 0.00198877 0.00257957 0.00426383 0.00639964 0.00860979 0.0105597 0.0121053 0.0133434 0.0144562 0.0154809 0.016212 0.0163155 0.0155469
 1.02762e-16 6.44444e-05 0.000626422 0.0041628 0.0189235 0.0588781 0.125447 0.183097 0.183115 0.125535 0.0591745 0.0197794 0.00631026 0.00531125 0.0089529 0.0146766 0.0210858 0.0264173 0.0289294 0.0278417 0.0238158 0.0185306 0.0136947 0.010252 0.00823645 0.00714313
 1.08355e-16 1.28861e-05 0.000125258 0.000832385 0.00378394 0.0117736 0.0250872 0.0366289 0.0366927 0.0253988 0.0128202 0.00680807 0.00842795 0.0167216 0.0315763 0.0522955 0.0755952 0.0956044 0.106307 0.104877 0.0932812 0.0768066 0.060759 0.0479696 0.0385509 0.0312639
 1.31111e-16 1.6929e-05 0.000164556 0.00109353 0.00497104 0.0154668 0.0329542 0.0481003 0.0481131 0.0330174 0.0156814 0.0056016 0.00271672 0.00384203 0.00739531 0.013232 0.0214793 0.0320912 0.0449151 0.0597534 0.0760599 0.0923843 0.106148 0.11426 0.114398 0.106144
pSPR Fmed_Fpbrs
0.454757   0.199544 0.199544
Fs Fmed_Fpbrs
0.434712   1.005 1.005
SSBpbr Bo_Bmed_Bpbrs
1.82413e+06  738327  272787 272787
Ro
78367.9
SPR SPRFo_SPRFmed_SPRFpbrs
557854 253688 111316
Fref
1.005
log_Ro
11.0892
likeval ReclasPelacesDesembMPH_pf_preclas_ppelaces_ptallas_desvR_qrecl_qpela
 22.124 37.2333 0.107131 0.00204309 266.427 109.125 86.3261 0 79.7723 0 0 0.242317 0 0 0
q_reclas_q_pelaces
1 1
M
1
N
 26908.2 46033.8 118126 14687.3 0.137414
 17510.9 8542.47 14256.6 36583.3 4548.68
 172565 4449 2039.45 3403.65 9819.97
 21629.1 43517 1052.93 482.669 3129.58
 9264.87 3223.95 5572.53 134.832 462.564
 317922 1118.57 322.753 557.87 59.8058
 19085.9 85705.7 286.191 82.5776 158.035
 4905.5 2923.96 11332.1 37.8406 31.8141
 15894.2 1330.64 753.535 2920.41 17.9508
 74227.4 724.584 42.7034 24.1827 94.2989
 77376.2 10131.4 83.7158 4.9338 13.6889
 135489 24339.9 3104.2 25.65 5.70589
 92373.6 28836.8 4725.06 602.613 6.08707
 68447.2 19675.8 5603.18 918.111 118.275
 53046.6 9268.74 2252.33 641.409 118.637
 445951 8363.91 1267.41 307.984 103.929
 21363.2 110668 1942.7 294.383 95.6755
 842280 5619.63 27515.6 483.014 96.9805
 312964 249069 1601.87 7843.28 165.327
 160412 82836.2 62374.9 401.16 2005.61
 438164 39740.1 19202 14459 557.908
 592081 121240 10482 5064.8 3960.91
 29731.4 157624 30568.6 2642.85 2275.67
 345635 8617.15 43889.7 8511.68 1369.54
 209504 106280 2571.04 13095.1 2948.19
 53929.9 63221 31021.2 750.435 4682.71
 272545 16129.5 18261.6 8960.56 1569.38
 333175 81525.7 4659.88 5275.83 3042.13
 24676 106497 25450.6 1454.72 2596.7
 12193.7 7760.29 32620.6 7795.66 1240.97
pred_Ctot
 2359.09 4667.19 11976.3 1489.09 0.0139319
 3528.68 1962.98 3276.02 8406.49 1045.24
 35373.7 1039.5 476.512 795.254 2294.41
 8735.66 19482.7 471.4 216.093 1401.13
 4293.12 1640.62 2835.77 68.6138 235.392
 55071.7 221.75 63.9836 110.594 11.8561
 7546.91 37614.6 125.604 36.2417 69.3585
 834.868 569.721 2208.02 7.37308 6.19885
 10257.3 913.443 517.278 2004.77 12.3226
 31911.1 343.918 20.2688 11.4781 44.7582
 7179.55 1086.47 8.97747 0.529088 1.46797
 37721.7 7648.98 975.518 8.06071 1.79312
 25688.4 9052.19 1483.25 189.167 1.9108
 29580.5 9384.66 2672.52 437.907 56.4129
 20493.9 3979.9 967.126 275.414 50.9417
 94707.5 2022.67 306.502 74.4808 25.1335
 3954.18 23407.4 410.898 62.2647 20.2363
 106327 816.6 3998.34 70.1877 14.0924
 56998 51854.6 333.5 1632.92 34.42
 34192.4 20104.3 15138.3 97.3612 486.761
 70256.2 7304.12 3529.28 2657.51 102.542
 106176 24862.6 2149.54 1038.64 812.26
 4065.3 24777.5 4805.19 415.44 357.721
 36391.8 1047.03 5332.84 1034.22 166.407
 24188 14143 342.134 1742.59 392.323
 6483.6 8755.43 4296.1 103.927 648.505
 32744.6 2232.33 2527.4 1240.14 217.202
 27933.5 7907.94 452.005 511.752 295.085
 2293.02 11437.2 2733.26 156.229 278.871
 2277.13 1655.69 6959.73 1663.23 264.765
F
 0.147382 0.172158 0.172158 0.172158 0.172158
 0.370145 0.432369 0.432369 0.432369 0.432369
 0.377624 0.441105 0.441105 0.441105 0.441105
 0.903429 1.0553 1.0553 1.0553 1.0553
 1.11418 1.30148 1.30148 1.30148 1.30148
 0.310886 0.363148 0.363148 0.363148 0.363148
 0.876013 1.02328 1.02328 1.02328 1.02328
 0.304697 0.355919 0.355919 0.355919 0.355919
 2.08811 2.43914 2.43914 2.43914 2.43914
 0.991493 1.15817 1.15817 1.15817 1.15817
 0.156564 0.182884 0.182884 0.182884 0.182884
 0.547241 0.639236 0.639236 0.639236 0.639236
 0.546453 0.638316 0.638316 0.638316 0.638316
 0.999414 1.16742 1.16742 1.16742 1.16742
 0.847244 0.989672 0.989672 0.989672 0.989672
 0.393671 0.45985 0.45985 0.45985 0.45985
 0.335402 0.391786 0.391786 0.391786 0.391786
 0.218383 0.255095 0.255095 0.255095 0.255095
 0.329222 0.384566 0.384566 0.384566 0.384566
 0.395383 0.461849 0.461849 0.461849 0.461849
 0.284821 0.332701 0.332701 0.332701 0.332701
 0.32343 0.3778 0.3778 0.3778 0.3778
 0.238449 0.278534 0.278534 0.278534 0.278534
 0.179303 0.209445 0.209445 0.209445 0.209445
 0.198108 0.231411 0.231411 0.231411 0.231411
 0.207033 0.241836 0.241836 0.241836 0.241836
 0.206885 0.241664 0.241664 0.241664 0.241664
 0.14055 0.164177 0.164177 0.164177 0.164177
 0.156812 0.183173 0.183173 0.183173 0.183173
 0.338856 0.39582 0.39582 0.39582 0.39582
nmprior
 8 8 7 0
nm_flota  nm_reclas  nm_pelaces    nm_pelaL
inf 8.49157 5.86437 8.35345
cv_recla  cv_pelaces  cv_mph
0.43547 0.718009 1.39492
 ------------------------------------------------
Talla a la edad & desviación 
 8 13.2811 15.8009 17.003 17.5766
 0.8 1.32811 1.58009 1.7003 1.75766
