years
 1991 1992 1993 1994 1995 1996 1997 1998 1999 2000 2001 2002 2003 2004 2005 2006 2007 2008 2009 2010 2011 2012 2013 2014 2015 2016 2017 2018 2019 2020
reclasobs
 0 0 0 0 0 0 0 0 0 252601 567819 844713 477998 351125 339783 2.1784e+06 2.13404e+06 4.81314e+06 1.55562e+06 2.62356e+06 3.21686e+06 3.843e+06 1.13348e+06 3.07943e+06 1.97215e+06 2.03268e+06 2.025e+06 2.42433e+06 2.27542e+06 1.05018e+06
reclaspred
 2.62997e+06 1.11474e+06 568328 310955 101528 991669 409069 179980 81812.7 178795 322901 499861 462390 316943 263489 1.20929e+06 895691 2.99468e+06 2.33182e+06 1.3872e+06 2.6345e+06 2.31022e+06 1.47461e+06 2.61898e+06 1.8113e+06 1.28789e+06 1.83227e+06 2.30533e+06 1.69566e+06 728193
pelacesobs
 0 0 0 0 0 0 0 0 0 0 0 0 0 0 0 552880 188675 0 991730 2.46772e+06 1.41603e+06 1.21717e+06 2.29649e+06 1.80582e+06 0 1.4828e+06 1.56532e+06 1.57751e+06 1.42118e+06 867257
pelacespred
 1.25787e+06 565542 261290 96135.3 35274.4 438622 136482 83440.3 22939.3 68490.8 143553 188606 192406 130746 110320 465951 346820 1.40618e+06 1.08563e+06 612691 1.13561e+06 1.02923e+06 659258 1.324e+06 875132 617436 1.01159e+06 1.24033e+06 758099 380373
mphobs
 0 0 0 0 0 0 0 0 0 0 0 498337 0 5186 125008 0 168611 109162 213762 579715 649985 157893 87575 83554 0 0 0 0 0 0
mphpred
 2.68249e+06 1.39667e+06 467396 300317 111861 40385.2 519767 160337 67276.5 18868 72904.4 218164 259798 192566 101946 111869 777850 523684 1.74758e+06 1.16655e+06 961396 1.35583e+06 1.37601e+06 893038 1.47329e+06 1.08032e+06 704122 952545 1.59345e+06 888829
desembarqueobs
 494567 514787 250237 358949 120608 361735 552515 73892 212993 205616 52469 317467 293654 387597 252695 516296 358380 742168 942051 627588 828172 859565 418607 520667 417249 300574 407403 355545 319650 289779
desembarquepred
 494541 515109 249371 358923 120574 361591 551926 73875.7 212791 205504 52465.8 317321 293497 387210 252527 516065 358317 741893 941268 627000 827896 859097 418469 520559 417105 300466 407282 355450 319558 289685
Reclutas
 43822.6 31637.8 160748 27102.5 13081.6 291349 25563.7 6589.17 19728 72804 81803.1 133076 95305.9 68618.5 54861.3 447360 27431.1 797434 326760 194860 433503 585609 38921.4 341860 219367 63948.7 275477 333186 30405.4 15905
log_desv_Rt
 -0.706434 -1.03223 0.593253 -1.18696 -1.91537 1.18794 -1.24541 -2.60116 -1.50455 -0.198814 -0.0822697 0.404334 0.0705073 -0.258022 -0.481777 1.61678 -1.17491 2.19481 1.30264 0.785699 1.58531 1.88607 -0.82504 1.34782 0.904162 -0.328504 1.13192 1.32212 -1.07196 -1.71995
SSB
 2.68249e+06 1.39667e+06 467396 300317 111861 40385.2 519767 160337 67276.5 18868 72904.4 218164 259798 192566 101946 111869 777850 523684 1.74758e+06 1.16655e+06 961396 1.35583e+06 1.37601e+06 893038 1.47329e+06 1.08032e+06 704122 952545 1.59345e+06 888829
BT
 3.34472e+06 1.84758e+06 845687 498684 188028 1.33254e+06 799469 261688 252921 354357 374362 696350 709064 704480 507238 1.48369e+06 1.08225e+06 3.9116e+06 3.3954e+06 1.99605e+06 3.31328e+06 3.15551e+06 1.88478e+06 3.54588e+06 2.40804e+06 1.69875e+06 2.75929e+06 3.21376e+06 2.01569e+06 1.1853e+06
Ftot
 0.179302 0.430312 0.439887 1.01646 1.05157 0.410433 1.14856 0.394247 2.12271 1.17902 0.179841 0.644237 0.632971 1.16275 0.967603 0.473254 0.37839 0.274296 0.400122 0.444738 0.328596 0.38245 0.270869 0.213945 0.230294 0.228855 0.238972 0.166551 0.179691 0.373973
BD_Bspro_t
 0.971719 0.781945 0.520312 0.442038 0.204882 0.115528 0.50517 0.209915 0.13516 0.0556638 0.21544 0.514736 0.42515 0.320298 0.197546 0.219927 0.535753 0.432439 0.651148 0.523102 0.436466 0.519211 0.547606 0.481765 0.63343 0.617684 0.57934 0.674905 0.757919 0.638121
BD_Bspro
 4.24284 2.20908 0.739272 0.475006 0.176929 0.0638766 0.822106 0.253602 0.10641 0.0298432 0.115311 0.345066 0.410918 0.304578 0.161247 0.176941 1.23031 0.828301 2.76411 1.84512 1.52062 2.1445 2.17641 1.4125 2.33028 1.70873 1.1137 1.50662 2.52034 1.40584
BD_Bo
 1.49736 0.779617 0.2609 0.167636 0.0624408 0.0225429 0.290133 0.0894999 0.0375536 0.0105321 0.040695 0.121779 0.145019 0.10749 0.0569062 0.0624449 0.434194 0.292319 0.975494 0.651167 0.536649 0.756823 0.768084 0.498492 0.822387 0.603034 0.393039 0.531708 0.889462 0.496142
BD_Brms
 9.52738 4.96055 1.66005 1.06664 0.397298 0.143436 1.84606 0.56947 0.238946 0.0670135 0.258934 0.774853 0.922726 0.683936 0.362083 0.397324 2.76269 1.85997 6.20687 4.14325 3.41459 4.81551 4.88717 3.17181 5.23269 3.83699 2.50083 3.38315 5.65947 3.15685
Sel_flota
 0.818799 1 1 1 1
 0.818799 1 1 1 1
 0.818799 1 1 1 1
 0.818799 1 1 1 1
 0.818799 1 1 1 1
 0.818799 1 1 1 1
 0.818799 1 1 1 1
 0.818799 1 1 1 1
 0.818799 1 1 1 1
 0.818799 1 1 1 1
 0.818799 1 1 1 1
 0.818799 1 1 1 1
 0.818799 1 1 1 1
 0.818799 1 1 1 1
 0.818799 1 1 1 1
 0.818799 1 1 1 1
 0.818799 1 1 1 1
 0.818799 1 1 1 1
 0.818799 1 1 1 1
 0.818799 1 1 1 1
 0.818799 1 1 1 1
 0.818799 1 1 1 1
 0.818799 1 1 1 1
 0.818799 1 1 1 1
 0.818799 1 1 1 1
 0.818799 1 1 1 1
 0.818799 1 1 1 1
 0.818799 1 1 1 1
 0.818799 1 1 1 1
 0.818799 1 1 1 1
Sel_reclas
 1 1 1 1 1
 1 1 1 1 1
 1 1 1 1 1
 1 1 1 1 1
 1 1 1 1 1
 1 1 1 1 1
 1 1 1 1 1
 1 1 1 1 1
 1 1 1 1 1
 1 1 1 1 1
 1 1 1 1 1
 1 1 1 1 1
 1 1 1 1 1
 1 1 1 1 1
 1 1 1 1 1
 1 1 1 1 1
 1 1 1 1 1
 1 1 1 1 1
 1 1 1 1 1
 1 1 1 1 1
 1 1 1 1 1
 1 1 1 1 1
 1 1 1 1 1
 1 1 1 1 1
 1 1 1 1 1
 1 1 1 1 1
 1 1 1 1 1
 1 1 1 1 1
 1 1 1 1 1
 1 1 1 1 1
Sel_pelaces
 1 1 1 1 1
 1 1 1 1 1
 1 1 1 1 1
 1 1 1 1 1
 1 1 1 1 1
 1 1 1 1 1
 1 1 1 1 1
 1 1 1 1 1
 1 1 1 1 1
 1 1 1 1 1
 1 1 1 1 1
 1 1 1 1 1
 1 1 1 1 1
 1 1 1 1 1
 1 1 1 1 1
 1 1 1 1 1
 1 1 1 1 1
 1 1 1 1 1
 1 1 1 1 1
 1 1 1 1 1
 1 1 1 1 1
 1 1 1 1 1
 1 1 1 1 1
 1 1 1 1 1
 1 1 1 1 1
 1 1 1 1 1
 1 1 1 1 1
 1 1 1 1 1
 1 1 1 1 1
 1 1 1 1 1
pf_obs 
 0.8446 0.082 0.0669 0.0065 0
 0.8095 0.147 0.0364 0.0071 0
 0.9664 0.0169 0.016 0.0007 0
 0.9276 0.0648 0.0075 0.0001 0
 0.7033 0.2144 0.0806 0.0017 0
 0.9318 0.0425 0.0243 0.0014 0
 0.5671 0.3108 0.0964 0.0239 0.0018
 0.0768 0.2599 0.5324 0.112 0.0189
 0.490249 0.384438 0.106611 0.0170017 0.00170017
 0.7925 0.1577 0.0466 0.003 0.0002
 0.840416 0.127587 0.0312969 0.00059994 9.999e-05
 0.8084 0.0986 0.0794 0.0134 0.0002
 0.7335 0.1905 0.0724 0.0035 0.0001
 0.4001 0.4547 0.1325 0.0127 0
 0.49795 0.308269 0.164784 0.0264974 0.00249975
 0.9179 0.0499 0.0305 0.0017 0
 0.2467 0.6533 0.0926 0.0074 0
 0.9418 0.0223 0.034 0.0019 0
 0.707729 0.231977 0.0356964 0.0245975 0
 0.517169 0.277429 0.184464 0.0207286 0.00020938
 0.811772 0.124168 0.05621 0.00726502 0.000585176
 0.764997 0.148141 0.077277 0.00933861 0.000247198
 0.163321 0.427699 0.378323 0.0303852 0.000271297
 0.753843 0.0900009 0.118128 0.0371064 0.000921714
 0.721811 0.176058 0.0630433 0.0369309 0.00215725
 0.143369 0.312575 0.442814 0.0836902 0.0175525
 0.692698 0.0596174 0.167031 0.0765114 0.00414204
 0.394062 0.376323 0.152708 0.0712218 0.00568511
 0.125707 0.32114 0.495352 0.0537591 0.00404204
 0.23352 0.215282 0.420074 0.123614 0.00750983
pf_pred 
 0.174276 0.238784 0.520881 0.0660586 7.18878e-07
 0.285287 0.148736 0.16367 0.357028 0.0452791
 0.848776 0.0511644 0.0208229 0.0229136 0.0563227
 0.334968 0.583912 0.0274459 0.01117 0.0425045
 0.519295 0.19686 0.249222 0.0117143 0.022909
 0.98636 0.00817167 0.00223953 0.0028352 0.000393883
 0.224939 0.766764 0.00497028 0.00136215 0.00196403
 0.303972 0.201197 0.489533 0.00317323 0.00212357
 0.786053 0.0765481 0.0397172 0.0966359 0.00104561
 0.977242 0.019463 0.00117875 0.0006116 0.00150419
 0.867473 0.130369 0.00184582 0.00011179 0.000200655
 0.796046 0.181665 0.0219255 0.00031043 5.25471e-05
 0.702349 0.249085 0.0432588 0.00522099 8.64337e-05
 0.686004 0.237344 0.0641447 0.0111401 0.00136677
 0.787152 0.160507 0.0395633 0.0106924 0.00208479
 0.971902 0.0234614 0.00349635 0.000861812 0.000278327
 0.168053 0.813676 0.0152561 0.00227355 0.000741392
 0.948471 0.0105425 0.0400864 0.000751604 0.000148534
 0.529589 0.450942 0.00398321 0.0151456 0.000340094
 0.528406 0.278091 0.185494 0.00163849 0.00637002
 0.811435 0.111214 0.0456129 0.030425 0.00131357
 0.773551 0.191332 0.0207117 0.00849465 0.00591079
 0.143669 0.696324 0.135193 0.0146347 0.0101788
 0.812013 0.0327589 0.126223 0.0245066 0.00449797
 0.593496 0.342978 0.0110702 0.0426544 0.00980147
 0.339915 0.42669 0.196921 0.00635596 0.0301176
 0.821823 0.0698442 0.0700283 0.0323187 0.00598605
 0.738591 0.222859 0.0151111 0.0151509 0.00828738
 0.15513 0.657666 0.159597 0.0108216 0.016785
 0.204927 0.147953 0.503733 0.122242 0.0211449
pobs_RECLAS
 0 0 0 0 0
 0 0 0 0 0
 0 0 0 0 0
 0 0 0 0 0
 0 0 0 0 0
 0 0 0 0 0
 0 0 0 0 0
 0 0 0 0 0
 0 0 0 0 0
 0 0 0 0 0
 0.991045 0.00858322 0.000360255 1.14367e-05 0
 0.934742 0.0480273 0.0164251 0.00080598 0
 0.827803 0.169806 0.00239088 0 0
 0.941827 0.0461693 0.0120037 0 0
 0.791401 0.0380133 0.147996 0.0225897 0
 0.846168 0.0940531 0.0597789 0 0
 0.134021 0.677848 0.182769 0.00536245 0
 0.80878 0.0450904 0.141981 0.00414843 0
 0.846168 0.0940531 0.0597789 0 0
 0.905697 0.0802665 0.012482 0.00150086 5.37128e-05
 0.989698 0.0102097 9.19794e-05 0 0
 0.975433 0.0193895 0.00387452 0.00125025 5.28907e-05
 0.303575 0.632131 0.0575291 0.00676475 0
 0.966965 0.00978017 0.0227588 0.000495775 0
 0.843318 0.132988 0.00938335 0.0141283 0.000182051
 0.564624 0.303363 0.111486 0.0197234 0.00080311
 0.826376 0.0876187 0.0782897 0.00655872 0.00115652
 0.89761 0.0855135 0.0140674 0.00269457 0.000114338
 0.34875 0.467042 0.161289 0.0227151 0.000203297
 0.318654 0.224769 0.449479 0.00709798 0
ppred_RECLAS
 0.205442 0.229771 0.501221 0.0635653 6.91745e-07
 0.329664 0.139501 0.153507 0.33486 0.0424677
 0.873687 0.0427361 0.0173928 0.0191391 0.0470447
 0.387454 0.537828 0.0252798 0.0102884 0.0391499
 0.576001 0.173638 0.219823 0.0103324 0.0202066
 0.988895 0.00665301 0.00182332 0.0023083 0.000320682
 0.268158 0.724008 0.00469312 0.0012862 0.00185452
 0.349625 0.188001 0.457425 0.00296509 0.00198429
 0.829761 0.06091 0.0316033 0.0768941 0.000832001
 0.981912 0.0154696 0.000936897 0.000486112 0.00119556
 0.889122 0.109072 0.00154429 9.35283e-05 0.000167877
 0.828708 0.152573 0.0184143 0.000260717 4.41321e-05
 0.745147 0.21327 0.0370388 0.00447028 7.40057e-05
 0.734041 0.201034 0.0543315 0.00943579 0.00115768
 0.822552 0.133813 0.0329834 0.0089141 0.00173806
 0.977098 0.0191228 0.00284979 0.000702442 0.000226858
 0.199071 0.783339 0.0146873 0.00218879 0.000713751
 0.957616 0.00867154 0.0329724 0.000618219 0.000122174
 0.580884 0.40177 0.00354886 0.0134941 0.000303009
 0.580006 0.247663 0.165198 0.00145921 0.00567304
 0.840981 0.0937875 0.0384658 0.0256577 0.00110774
 0.807826 0.162372 0.0175768 0.0072089 0.00501614
 0.170759 0.674296 0.130917 0.0141718 0.00985677
 0.841153 0.027681 0.106657 0.0207079 0.00380074
 0.641633 0.302363 0.00975927 0.0376034 0.00864081
 0.387062 0.396213 0.182856 0.00590198 0.0279665
 0.849789 0.0588815 0.0590367 0.027246 0.00504648
 0.77581 0.19113 0.0129596 0.0129938 0.00710747
 0.183635 0.635478 0.154213 0.0104565 0.0162187
 0.240761 0.141285 0.48103 0.116732 0.0201919
pobs_PELACES
 0 0 0 0 0
 0 0 0 0 0
 0 0 0 0 0
 0 0 0 0 0
 0 0 0 0 0
 0 0 0 0 0
 0 0 0 0 0
 0 0 0 0 0
 0 0 0 0 0
 0 0 0 0 0
 0 0 0 0 0
 0 0 0 0 0
 0 0 0 0 0
 0 0 0 0 0
 0 0 0 0 0
 0 0 0 0 0
 0.505614 0.472636 0.0217494 0 0
 0 0 0 0 0
 0.443492 0.261883 0.143347 0.151278 0
 0.227955 0.32914 0.350689 0.0885471 0.00366901
 0.970185 0.0296113 0.000203453 0 0
 0.997202 0.00247181 0.000326279 0 0
 0.445219 0.490057 0.0546422 0.010081 0
 0.90214 0.0892962 0.00764917 0.000914606 0
 0 0 0 0 0
 0.581667 0.319106 0.0959925 0.00289975 0.000334073
 0.762889 0.0836404 0.116647 0.0363945 0.000428098
 0.88444 0.0763242 0.0277011 0.0115352 0
 0.521256 0.241999 0.230069 0.00667565 0
 0.616807 0.101726 0.260614 0.0208532 0
ppred_PELACES
 0.207197 0.229263 0.500114 0.0634248 6.90216e-07
 0.335375 0.138313 0.1522 0.332007 0.0421059
 0.876562 0.0417636 0.016997 0.0187036 0.0459741
 0.401974 0.525079 0.0246806 0.0100445 0.0382219
 0.591279 0.167381 0.211901 0.00996012 0.0194784
 0.989161 0.00649346 0.0017796 0.00225294 0.000312991
 0.281849 0.710464 0.00460533 0.00126213 0.00181982
 0.355005 0.186446 0.453641 0.00294057 0.00196787
 0.846948 0.0547605 0.0284127 0.0691308 0.000748002
 0.983122 0.0144343 0.000874195 0.000453579 0.00111554
 0.890178 0.108034 0.00152959 9.26377e-05 0.000166279
 0.834107 0.147764 0.0178339 0.000252499 4.2741e-05
 0.752268 0.207311 0.0360039 0.00434538 7.19379e-05
 0.747392 0.190942 0.0516041 0.00896212 0.00109956
 0.83084 0.127563 0.0314428 0.00849775 0.00165688
 0.977723 0.0186011 0.00277205 0.000683279 0.000220669
 0.202703 0.779787 0.0146207 0.00217886 0.000710514
 0.958276 0.00853636 0.0324584 0.000608581 0.000120269
 0.586698 0.396197 0.00349964 0.0133069 0.000298806
 0.586471 0.243851 0.162656 0.00143675 0.00558572
 0.843591 0.0922481 0.0378344 0.0252366 0.00108956
 0.811352 0.159393 0.0172544 0.00707666 0.00492412
 0.173065 0.672421 0.130553 0.0141324 0.00982936
 0.842855 0.0273844 0.105515 0.020486 0.00376002
 0.644794 0.299697 0.00967321 0.0372718 0.00856461
 0.390314 0.394111 0.181886 0.00587067 0.0278181
 0.851604 0.05817 0.0583234 0.0269168 0.0049855
 0.777537 0.189657 0.0128598 0.0128937 0.0070527
 0.185251 0.63422 0.153907 0.0104357 0.0161866
 0.244872 0.14052 0.478425 0.1161 0.0200826
pobs_pel_tallas
 0 0 0 0 0 0 0 0 0 0 0 0 0 0 0 0 0 0 0 0 0 0 0 0 0 0
 0 0 0 0 0 0 0 0 0 0 0 0 0 0 0 0 0 0 0 0 0 0 0 0 0 0
 0 0 0 0 0 0 0 0 0 0 0 0 0 0 0 0 0 0 0 0 0 0 0 0 0 0
 0 0 0 0 0 0 0 0 0 0 0 0 0 0 0 0 0 0 0 0 0 0 0 0 0 0
 0 0 0 0 0 0 0 0 0 0 0 0 0 0 0 0 0 0 0 0 0 0 0 0 0 0
 0 0 0 0 0 0 0 0 0 0 0 0 0 0 0 0 0 0 0 0 0 0 0 0 0 0
 0 0 0 0 0 0 0 0 0 0 0 0 0 0 0 0 0 0 0 0 0 0 0 0 0 0
 0 0 0 0 0 0 0 0 0 0 0 0 0 0 0 0 0 0 0 0 0 0 0 0 0 0
 0 0 0 0 0 0 0 0 0 0 0 0 0 0 0 0 0 0 0 0 0 0 0 0 0 0
 0 0 0 0 0 0 0 0 0 0 0 0 0 0 0 0 0 0 0 0 0 0 0 0 0 0
 0 0 0 0 0 0 0 0 0 0 0 0 0 0 0 0 0 0 0 0 0 0 0 0 0 0
 0 0 0 0 0 0 0 0 0 0 0 0 0 0 0 0 0 0 0 0 0 0 0 0 0 0
 0.00862536 0 0 0.000197151 0.00414017 0.0128641 0.00837892 0.0270097 0.101434 0.158115 0.152841 0.127902 0.109271 0.109419 0.0830992 0.0579132 0.0238553 0.00714673 0.00463305 0.00128148 0.00103504 0.000492878 0.000147863 0.000147863 4.92878e-05 0
 0 0 0 0 0 0 0 0 0 0 0 0 0 0 0 0 0 0 0 0 0 0 0 0 0 0
 0 0 0 0 0 0 0 0.0054083 0.00873648 0.0413646 0.0450493 0.0745869 0.0622846 0.0627006 0.0613931 0.0827291 0.12552 0.122667 0.0946155 0.0697135 0.0546179 0.0294188 0.0215738 0.0213955 0.0102223 0.00600262
 0 0 0 0 0.00359764 0.0251062 0.0480494 0.140153 0.205849 0.193036 0.1447 0.116669 0.0760912 0.0342217 0.00950174 0.001854 0.000860785 0 0 0 0.000165536 0 0.000143464 0 0 0
 0 0 0 0 0 0 0 0.000145254 0.000435761 0.0275982 0.070085 0.0708112 0.156366 0.174668 0.174014 0.160142 0.0824315 0.0480064 0.0283245 0.00493863 0.00203355 0 0 0 0 0
 0 0 0 0 0 0 0 0 0 0 0 0 0 0 0 0 0 0 0 0 0 0 0 0 0 0
 0 0 1.00437e-05 0.000401748 0.00122533 0.00171747 0.00176769 0.0269171 0.070346 0.194647 0.189555 0.159765 0.064822 0.0314167 0.0384472 0.0292271 0.0345202 0.0313363 0.0194345 0.0106764 0.0143323 0.0359363 0.0279516 0.0138201 0.00172751 0
 0 0.0021121 0.0136068 0.0755702 0.200478 0.177729 0.0527432 0.0373336 0.0318909 0.0142505 0.0149659 0.0166563 0.0217959 0.0798694 0.0677717 0.0528807 0.04013 0.0224614 0.0357745 0.0225083 0.00881397 0.00855152 0.00135912 0.000746735 0 0
 0 0 0 0 5.4009e-05 0.00500934 0.000945158 0.0243581 0.138947 0.33067 0.221406 0.137944 0.0707744 0.0437923 0.0131692 0.00525238 0.0047753 0.00276346 9.45158e-05 9.00151e-06 2.25038e-05 9.00151e-06 4.50075e-06 0 0 0
 0.000866109 0.00284123 0.00948549 0.0512746 0.133035 0.25785 0.225252 0.132002 0.0553304 0.0519788 0.0540692 0.017754 0.00435017 0.00159236 0.00146478 0.000404838 0.000125132 0.000115318 0.000107957 0.000100596 0 0 0 0 0 0
 0 0 0 0 0.00144013 0.00171154 0.00461396 0.0210425 0.0478622 0.0707936 0.0888783 0.103762 0.0637923 0.0337046 0.0602308 0.124433 0.169614 0.0934646 0.0462172 0.0250306 0.0313229 0.00938855 0.002487 0.000210481 0 0
 0 0.00764035 0.051015 0.0998891 0.058973 0.0496711 0.0374665 0.0718981 0.12319 0.153886 0.159021 0.0857701 0.0377988 0.023471 0.0147837 0.00900784 0.00315554 0.000888139 0.00291439 0.00214683 0.00393193 0.00274676 0.000635225 9.99891e-05 0 0
 0 0 0 0 0 0 0 0 0 0 0 0 0 0 0 0 0 0 0 0 0 0 0 0 0 0
 0 0 0 0 0 0 0 0 0 0 0 0 0 0 0 0 0 0 0 0 0 0 0 0 0 0
 0 0 0 0 0 0 0 0 0 0 0 0 0 0 0 0 0 0 0 0 0 0 0 0 0 0
 0 0 0 0 0 0 0 0 0 0 0 0 0 0 0 0 0 0 0 0 0 0 0 0 0 0
 0 0 0 0 0 0 0 0 0 0 0 0 0 0 0 0 0 0 0 0 0 0 0 0 0 0
 0 0 0 0 0 0 0 0 0 0 0 0 0 0 0 0 0 0 0 0 0 0 0 0 0 0
ppred_pel_tallas
 1.20852e-16 1.70666e-05 0.000165894 0.00110242 0.00501147 0.0155927 0.0332227 0.0484942 0.0485171 0.0333346 0.0159707 0.00611278 0.00390257 0.0063968 0.0121968 0.0210393 0.0324079 0.0451328 0.0578819 0.0698214 0.0806728 0.0900242 0.0966241 0.098537 0.094211 0.0836098
 1.44849e-16 2.76244e-05 0.000268519 0.0017844 0.00811165 0.0252384 0.0537737 0.0784871 0.0785007 0.0538406 0.0254641 0.00876812 0.00345006 0.00396555 0.00723404 0.01242 0.0191268 0.026797 0.0350239 0.0440107 0.0545272 0.0671744 0.081432 0.0952571 0.10562 0.109696
 1.10158e-16 7.22012e-05 0.000701822 0.00466385 0.0212012 0.0659648 0.140545 0.205131 0.205135 0.140565 0.0660315 0.0213944 0.00515071 0.00177105 0.00212277 0.00345053 0.00510335 0.00673709 0.00808655 0.00911389 0.0100687 0.0113339 0.0131502 0.0154175 0.017697 0.0193914
 1.08323e-16 3.31102e-05 0.000321843 0.00213876 0.00972253 0.0302507 0.0644541 0.0940833 0.0941338 0.064701 0.0310795 0.0121155 0.00814216 0.0134163 0.0248703 0.0409823 0.0588501 0.073637 0.0804599 0.0771275 0.0655101 0.0503631 0.0365612 0.0268501 0.0213986 0.0187973
 1.10454e-16 4.87029e-05 0.00047341 0.00314598 0.0143012 0.0444963 0.0948047 0.138374 0.13839 0.0948851 0.0447671 0.0150873 0.0051334 0.00485903 0.00851558 0.01436 0.0215176 0.0288013 0.0349764 0.0393902 0.0421884 0.0438745 0.0446381 0.0441021 0.0416851 0.037185
 1.00333e-16 8.14759e-05 0.000791975 0.00526295 0.0239246 0.0744383 0.158599 0.23148 0.23148 0.158602 0.0744486 0.0239544 0.00533791 0.000955993 0.000394152 0.000525844 0.000757367 0.000969428 0.00110259 0.00113377 0.0010857 0.00100963 0.000950675 0.000922932 0.00090959 0.000881538
 1.0075e-16 2.32157e-05 0.000225665 0.00149962 0.00681712 0.021211 0.0451947 0.0659773 0.0660456 0.0455285 0.0223312 0.0100506 0.00960847 0.017902 0.033519 0.0551809 0.079028 0.0984127 0.10658 0.100423 0.0823963 0.0589859 0.0370114 0.0205778 0.0104045 0.00506578
 1.13767e-16 2.92413e-05 0.000284236 0.00188885 0.00858644 0.0267157 0.0569213 0.0830822 0.0831008 0.0570126 0.0270243 0.00948602 0.00417833 0.00538588 0.0100208 0.017306 0.0267477 0.037405 0.0481753 0.0582853 0.0673235 0.0747192 0.0792689 0.0793865 0.0740403 0.0636255
 1.07894e-16 6.9762e-05 0.000678111 0.00450629 0.0204849 0.0637363 0.135797 0.198201 0.198206 0.135823 0.0638241 0.0207393 0.00514775 0.00208891 0.00278113 0.00457486 0.00679897 0.00902919 0.0109115 0.0123557 0.0135997 0.015008 0.0167449 0.0185801 0.0199709 0.0203424
 1.00264e-16 8.09785e-05 0.00078714 0.00523082 0.0237786 0.0739839 0.157631 0.230067 0.230068 0.157637 0.0740067 0.0238444 0.00539594 0.00114737 0.000764438 0.00113389 0.0016217 0.00203159 0.0022252 0.0021426 0.00183516 0.00143278 0.00106769 0.00081307 0.000671275 0.000602026
 1.0011e-16 7.33228e-05 0.000712723 0.0047363 0.0215305 0.0669895 0.142729 0.208319 0.208329 0.142779 0.0671599 0.0220223 0.00596962 0.0034014 0.00516879 0.00840059 0.0120275 0.0149841 0.0162398 0.0153218 0.0126006 0.00905833 0.00572669 0.00322593 0.00166476 0.000829519
 1.00586e-16 6.87043e-05 0.000667831 0.00443797 0.0201744 0.0627701 0.133739 0.195199 0.195213 0.133808 0.0630036 0.0208488 0.00613046 0.00436135 0.00707975 0.0115857 0.016659 0.020896 0.0229122 0.0220618 0.0188146 0.0144342 0.0102275 0.00695065 0.00471125 0.00324565
 1.01541e-16 6.19633e-05 0.000602306 0.00400253 0.0181949 0.0566113 0.120617 0.176049 0.176069 0.120715 0.0569394 0.0191425 0.00638136 0.00579663 0.00993068 0.0163288 0.0235371 0.029639 0.0327177 0.0318765 0.0277552 0.0220717 0.016577 0.0122457 0.00916966 0.00696882
 1.02623e-16 6.15617e-05 0.000598402 0.00397659 0.018077 0.0562444 0.119835 0.174907 0.174926 0.119926 0.0565472 0.018952 0.00617468 0.005403 0.00920437 0.0151661 0.0219501 0.0278286 0.0310738 0.030874 0.0277859 0.0233011 0.0188979 0.0153358 0.0126066 0.0103472
 1.02073e-16 6.84352e-05 0.000665215 0.00442059 0.0200953 0.0625241 0.133215 0.194433 0.194446 0.133275 0.0627263 0.0206796 0.00588827 0.0038728 0.00617089 0.0101214 0.0146392 0.0185471 0.0206908 0.0205351 0.0184656 0.0154958 0.012627 0.0103675 0.008695 0.00733488
 1.00191e-16 8.05337e-05 0.000782817 0.00520209 0.023648 0.0735776 0.156765 0.228803 0.228805 0.156774 0.073607 0.0237329 0.00541541 0.00124853 0.000965134 0.0014684 0.00210816 0.00265231 0.00292456 0.00284528 0.002474 0.00196755 0.00148531 0.00111514 0.000862879 0.000689567
 1.00961e-16 1.66965e-05 0.000162296 0.00107852 0.00490284 0.015255 0.0325051 0.0474578 0.0475328 0.0328715 0.0164848 0.00845291 0.009982 0.0195731 0.0368061 0.060624 0.0868655 0.108258 0.117402 0.110887 0.0913816 0.0659552 0.0420273 0.0240472 0.0127818 0.00668852
 1.01021e-16 7.8932e-05 0.000767247 0.00509862 0.0231776 0.0721141 0.153647 0.224252 0.224253 0.153651 0.0721286 0.0232201 0.00520766 0.0010129 0.00056775 0.000871569 0.00138207 0.00201592 0.00273605 0.00350874 0.00428852 0.00499055 0.00548136 0.00561732 0.00531663 0.00461435
 1.01588e-16 4.83256e-05 0.000469742 0.0031216 0.0141904 0.0441517 0.0940714 0.137308 0.137346 0.0942575 0.0447766 0.015994 0.00764505 0.0103315 0.0187397 0.0308053 0.0441419 0.0550315 0.0597287 0.0565261 0.0468089 0.0341891 0.0224313 0.013752 0.00845972 0.00567418
 1.05846e-16 4.83069e-05 0.00046956 0.00312039 0.0141849 0.0441345 0.0940341 0.13725 0.137274 0.09415 0.0445242 0.0153129 0.00596132 0.00670213 0.0119749 0.0199536 0.0292784 0.037933 0.043843 0.0459673 0.0447835 0.0417169 0.0380421 0.0342059 0.0299914 0.0251434
 1.03831e-16 6.94855e-05 0.000675424 0.00448843 0.0204038 0.0634837 0.135259 0.197416 0.197425 0.135303 0.0636306 0.0208285 0.00555694 0.00301583 0.00453768 0.00745373 0.0108785 0.0139969 0.0160307 0.016634 0.0160812 0.0150303 0.014057 0.0133357 0.0126674 0.0117404
 1.02082e-16 6.683e-05 0.000649611 0.0043169 0.019624 0.0610576 0.13009 0.189874 0.189889 0.130165 0.0613095 0.0203515 0.00614278 0.00463456 0.00763222 0.012505 0.0179923 0.0225965 0.0248424 0.0240588 0.0207805 0.0163897 0.012292 0.00926195 0.00733802 0.00613897
 1.07021e-16 1.42552e-05 0.000138566 0.000920823 0.00418597 0.0130244 0.0277524 0.040519 0.0405838 0.0280693 0.0140889 0.00726101 0.00864207 0.0170022 0.032065 0.0530481 0.0765558 0.096556 0.106879 0.104639 0.0919045 0.0741947 0.0570979 0.0436653 0.0340957 0.0270962
 1.05743e-16 6.94248e-05 0.000674834 0.00448451 0.0203859 0.0634282 0.135141 0.197242 0.197245 0.135154 0.063475 0.0205231 0.00483669 0.00147013 0.00165763 0.00283406 0.00455182 0.00672103 0.00927604 0.0121563 0.0152514 0.0182896 0.0207863 0.0221598 0.0219827 0.0202032
 1.05544e-16 5.31109e-05 0.000516256 0.00343071 0.0155955 0.0485236 0.103386 0.1509 0.150929 0.103527 0.0489967 0.0169615 0.00685788 0.00799235 0.0142363 0.0234137 0.0336417 0.0421522 0.0461858 0.0445282 0.0382758 0.0301429 0.0228608 0.0178895 0.0151847 0.0138188
 1.10646e-16 3.21497e-05 0.000312507 0.00207672 0.00944049 0.0293731 0.0625838 0.0913509 0.0913891 0.0627705 0.0300004 0.0112549 0.00664072 0.0103071 0.0191053 0.0317731 0.0463238 0.0594134 0.0676114 0.0692795 0.0654327 0.0588168 0.0520165 0.0461499 0.0409317 0.0356134
 1.05242e-16 7.01455e-05 0.00068184 0.00453106 0.0205976 0.0640867 0.136544 0.199291 0.199296 0.136572 0.0641805 0.0208697 0.00521838 0.0021967 0.00298988 0.0049447 0.00738319 0.00985167 0.011936 0.0134537 0.0145254 0.0154014 0.0161889 0.0167225 0.0166753 0.0157925
 1.02907e-16 6.40447e-05 0.000622538 0.00413698 0.0188061 0.0585129 0.124669 0.181961 0.18198 0.124758 0.0588125 0.0196711 0.00630729 0.00535774 0.00904969 0.0148411 0.0213322 0.0267466 0.0293291 0.0282926 0.0243017 0.0190424 0.014226 0.0107909 0.00876152 0.00762706
 1.0839e-16 1.5259e-05 0.000148323 0.000985661 0.00448071 0.0139415 0.0297061 0.0433697 0.0434309 0.0300053 0.0149464 0.00738455 0.00827932 0.0160857 0.0303277 0.0502291 0.072622 0.0918748 0.102219 0.100946 0.0899461 0.0742823 0.0590298 0.0468811 0.0379201 0.0309417
 1.28884e-16 2.01698e-05 0.000196058 0.00130288 0.00592269 0.0184278 0.0392628 0.0573082 0.0573225 0.039333 0.0186657 0.00661953 0.00308865 0.00421595 0.00801209 0.0141503 0.0225772 0.0330016 0.0450362 0.0583916 0.0726696 0.0867953 0.0986688 0.105611 0.105508 0.0978922
pSPR Fmed_Fpbrs
0.463385   0.207163 0.207163
Fs Fmed_Fpbrs
0.433068   1.005 1.005
SSBpbr Bo_Bmed_Bpbrs
1.79148e+06  740570  281555 281555
Ro
88817.6
SPR SPRFo_SPRFmed_SPRFpbrs
632239 292970 130977
Fref
1.005
log_Ro
11.2143
likeval ReclasPelacesDesembMPH_pf_preclas_ppelaces_ptallas_desvR_qrecl_qpela
 19.5983 34.2774 0.100336 0.00207325 253.31 106.81 83.8756 0 65.6319 0 0 0.284878 0 0 0
q_reclas_q_pelaces
1 1
M
1
N
 43822.6 49815 108666 13781.1 0.149972
 31637.8 13920.2 15317.8 33414.1 4237.65
 160748 8182.63 3330.18 3664.54 9007.59
 27102.5 41250.3 1938.91 789.101 3002.72
 13081.6 4337.71 5491.46 258.118 504.787
 291349 2034.38 557.54 705.837 98.0589
 25563.7 76589.5 496.464 136.061 196.181
 6589.17 3671.98 8934.29 57.9134 38.7565
 19728 1755.26 910.724 2215.88 23.976
 72804 1276.3 77.2976 40.1061 98.638
 81803.1 10200 144.416 8.74637 15.6992
 133076 25973.1 3134.74 44.383 7.51278
 95305.9 28887.8 5016.96 605.506 10.0242
 68618.5 20880.5 5643.17 980.055 120.243
 54861.3 9742.55 2401.43 649.012 126.543
 447360 9138.85 1361.93 335.7 108.416
 27431.1 111705 2094.43 312.124 101.782
 797434 7402.74 28147.9 527.763 104.298
 326760 234348 2070.01 7870.94 176.742
 194860 86626.6 57782.3 510.396 1984.29
 433503 49805.9 20427.2 13625.5 588.267
 585609 121857 13191 5410.13 3764.51
 38921.4 157512 30581.5 3310.46 2302.49
 341860 11470.3 44196 8580.78 1574.92
 219367 105554 3406.93 13127.2 3016.48
 63948.7 66832 30843.6 995.528 4717.3
 275477 19505.5 19556.9 9025.68 1671.73
 333186 83332.3 5650.38 5665.28 3098.85
 30405.4 106947 25952.9 1759.75 2729.49
 15905 9655.14 32872.6 7977.25 1379.88
pred_Ctot
 3828.05 5244.99 11441.4 1451.01 0.0157905
 6111.02 3186.01 3505.9 7647.74 969.903
 31643.3 1907.46 776.303 854.245 2099.77
 10340.5 18025.4 847.258 344.818 1312.12
 5111.14 1937.59 2452.96 115.298 225.481
 54018.9 447.529 122.65 155.272 21.5713
 10609.9 36166.6 234.437 64.2498 92.6393
 1179.63 780.792 1899.74 12.3144 8.241
 11712.8 1140.62 591.816 1439.95 15.5804
 30750.7 612.439 37.0916 19.2451 47.3319
 7165.95 1076.94 15.2478 0.923466 1.65756
 35979.9 8210.94 990.993 14.0309 2.37503
 25405.7 9010.05 1564.78 188.856 3.12653
 28715 9934.83 2684.99 466.305 57.2108
 20211.5 4121.32 1015.86 274.547 53.5307
 93741.3 2262.88 337.228 83.123 26.845
 4737.49 22937.8 430.075 64.0923 20.9001
 103271 1147.89 4364.69 81.8362 16.1727
 59258.3 50458.2 445.702 1694.72 38.0549
 38721.3 20378.4 13592.9 120.067 466.792
 66072.8 9055.8 3714.12 2477.42 106.96
 102089 25251 2733.42 1121.08 780.076
 4983.13 24151.9 4689.16 507.604 353.049
 35225 1421.08 5475.55 1063.09 195.121
 24199.6 13984.8 451.382 1739.22 399.651
 7013.76 8804.25 4063.24 131.148 621.442
 31444.3 2672.36 2679.4 1236.57 229.036
 27150.2 8192.18 555.474 556.938 304.64
 2661.42 11283 2738.06 185.655 287.964
 2718.68 1962.83 6682.81 1621.73 280.521
F
 0.146813 0.179302 0.179302 0.179302 0.179302
 0.352339 0.430312 0.430312 0.430312 0.430312
 0.360179 0.439887 0.439887 0.439887 0.439887
 0.83228 1.01646 1.01646 1.01646 1.01646
 0.861021 1.05157 1.05157 1.05157 1.05157
 0.336062 0.410433 0.410433 0.410433 0.410433
 0.940442 1.14856 1.14856 1.14856 1.14856
 0.322809 0.394247 0.394247 0.394247 0.394247
 1.73807 2.12271 2.12271 2.12271 2.12271
 0.965384 1.17902 1.17902 1.17902 1.17902
 0.147254 0.179841 0.179841 0.179841 0.179841
 0.527501 0.644237 0.644237 0.644237 0.644237
 0.518276 0.632971 0.632971 0.632971 0.632971
 0.952059 1.16275 1.16275 1.16275 1.16275
 0.792273 0.967603 0.967603 0.967603 0.967603
 0.3875 0.473254 0.473254 0.473254 0.473254
 0.309825 0.37839 0.37839 0.37839 0.37839
 0.224594 0.274296 0.274296 0.274296 0.274296
 0.32762 0.400122 0.400122 0.400122 0.400122
 0.364151 0.444738 0.444738 0.444738 0.444738
 0.269054 0.328596 0.328596 0.328596 0.328596
 0.31315 0.38245 0.38245 0.38245 0.38245
 0.221788 0.270869 0.270869 0.270869 0.270869
 0.175178 0.213945 0.213945 0.213945 0.213945
 0.188565 0.230294 0.230294 0.230294 0.230294
 0.187386 0.228855 0.228855 0.228855 0.228855
 0.19567 0.238972 0.238972 0.238972 0.238972
 0.136372 0.166551 0.166551 0.166551 0.166551
 0.14713 0.179691 0.179691 0.179691 0.179691
 0.306209 0.373973 0.373973 0.373973 0.373973
nmprior
 8 8 7 0
nm_flota  nm_reclas  nm_pelaces    nm_pelaL
inf 9.89292 6.46425 9.38906
cv_recla  cv_pelaces  cv_mph
0.40986 0.688919 1.40518
 ------------------------------------------------
Talla a la edad & desviación 
 8 13.2811 15.8009 17.003 17.5766
 0.8 1.32811 1.58009 1.7003 1.75766
