years
 1991 1992 1993 1994 1995 1996 1997 1998 1999 2000 2001 2002 2003 2004 2005 2006 2007 2008 2009 2010 2011 2012 2013 2014 2015 2016 2017 2018 2019 2020
reclasobs
 0 0 0 0 0 0 0 0 0 252601 567819 844713 477998 351125 339783 2.1784e+06 2.13404e+06 4.81314e+06 1.55562e+06 2.62356e+06 3.21686e+06 3.843e+06 1.13348e+06 3.07943e+06 1.97215e+06 2.03268e+06 2.025e+06 2.42433e+06 2.27542e+06 1.05018e+06
reclaspred
 1.91929e+06 1.43252e+06 729127 443737 458798 804616 532127 406397 337415 300606 337273 471917 462656 326404 470561 933566 1.48331e+06 2.31199e+06 1.98462e+06 1.52165e+06 2.74938e+06 2.23472e+06 1.97227e+06 2.30784e+06 2.03423e+06 1.97485e+06 2.04368e+06 2.01408e+06 2.13401e+06 1.21086e+06
pelacesobs
 0 0 0 0 0 0 0 0 0 0 0 0 0 0 0 552880 188675 0 991730 2.46772e+06 1.41603e+06 1.21717e+06 2.29649e+06 1.80582e+06 0 1.4828e+06 1.56532e+06 1.57751e+06 1.42118e+06 867257
pelacespred
 804453 661169 353499 179941 194928 342924 200613 204264 159007 131729 167012 185414 198516 143071 234067 389608 609845 1.0142e+06 964797 699034 1.14507e+06 1.08154e+06 925287 1.1555e+06 1.03278e+06 954850 1.1257e+06 1.14111e+06 978301 632802
mphobs
 0 0 0 0 0 0 0 0 0 0 0 498337 0 5186 125008 0 168611 109162 213762 579715 649985 157893 87575 83554 0 0 0 0 0 0
mphpred
 1.44706e+06 1.52729e+06 816427 391196 321585 407744 650785 284037 282475 249215 194490 346120 348593 287211 189248 441596 1.00086e+06 1.35173e+06 1.76107e+06 1.34712e+06 1.48567e+06 2.03651e+06 1.74597e+06 1.43477e+06 1.87795e+06 1.60275e+06 1.41844e+06 1.53088e+06 1.98383e+06 1.29094e+06
desembarqueobs
 494567 514787 250237 358949 120608 361735 552515 73892 212993 205616 52469 317467 293654 387597 252695 516296 358380 742168 942051 627588 828172 859565 418607 520667 417249 300574 407403 355545 319650 289779
desembarquepred
 494939 513059 250974 358956 120498 361977 552464 73871.7 213292 205679 52474.7 317410 294229 387712 252419 515881 358584 742069 942246 626839 827904 859708 418751 520592 417380 300559 408048 356036 320106 290171
Reclutas
 370287 65456 54077.8 113955 112818 229870 47947.9 39599.8 49342.5 62892.2 107122 129565 116244 77952.8 138720 433568 209328 569055 436437 330114 543291 557694 140831 361247 335329 170717 349587 349732 89875.6 66676.7
log_desv_Rt
 0.826925 -0.905977 -1.09693 -0.351549 -0.361583 0.350161 -1.21724 -1.40853 -1.18857 -0.945933 -0.413387 -0.223169 -0.331659 -0.731251 -0.154899 0.984695 0.25655 1.25662 0.99129 0.712082 1.21029 1.23646 -0.139792 0.802207 0.727756 0.0526541 0.769398 0.769812 -0.588929 -0.887499
SSB
 1.44706e+06 1.52729e+06 816427 391196 321585 407744 650785 284037 282475 249215 194490 346120 348593 287211 189248 441596 1.00086e+06 1.35173e+06 1.76107e+06 1.34712e+06 1.48567e+06 2.03651e+06 1.74597e+06 1.43477e+06 1.87795e+06 1.60275e+06 1.41844e+06 1.53088e+06 1.98383e+06 1.29094e+06
BT
 2.65411e+06 2.08027e+06 1.09506e+06 868973 674658 1.52309e+06 1.00699e+06 710909 718912 606075 608627 849648 902288 888912 1.16996e+06 1.86318e+06 2.0764e+06 3.99771e+06 3.83192e+06 2.57211e+06 4.4863e+06 3.92519e+06 2.83391e+06 4.34312e+06 3.21215e+06 2.94911e+06 4.12783e+06 4.01368e+06 2.65124e+06 1.89732e+06
Ftot
 0.242867 0.333266 0.320742 0.727109 0.247282 0.418855 0.902382 0.172188 0.578708 0.622016 0.147875 0.612476 0.581082 1.03596 0.498885 0.512209 0.227938 0.301195 0.439271 0.383122 0.282911 0.358501 0.200375 0.213218 0.193889 0.144392 0.18905 0.167656 0.142206 0.225552
BD_Bspro_t
 0.961887 0.793442 0.603474 0.464966 0.425318 0.547964 0.567043 0.330444 0.414623 0.426272 0.429949 0.64663 0.52132 0.425708 0.323695 0.513019 0.613586 0.662345 0.667742 0.578863 0.559219 0.626001 0.621833 0.617476 0.70502 0.720009 0.737479 0.770226 0.803733 0.729803
BD_Bspro
 1.25514 1.32473 0.70815 0.339315 0.278936 0.353668 0.564476 0.246367 0.245012 0.216164 0.168696 0.300217 0.302361 0.24912 0.16415 0.383031 0.868126 1.17246 1.52751 1.16846 1.28863 1.76642 1.51442 1.24448 1.62889 1.39019 1.23032 1.32785 1.72072 1.11973
BD_Bo
 0.8124 0.857441 0.458354 0.219624 0.180543 0.228914 0.365361 0.159463 0.158585 0.139913 0.109189 0.194317 0.195705 0.161245 0.106247 0.247919 0.5619 0.75888 0.988688 0.756294 0.834076 1.14333 0.980215 0.8055 1.05431 0.899809 0.796335 0.859457 1.11375 0.724754
BD_Brms
 3.45111 3.64244 1.94711 0.932969 0.766953 0.972435 1.55207 0.677403 0.673677 0.594357 0.463841 0.825466 0.831364 0.684973 0.451341 1.05317 2.38697 3.22375 4.19999 3.21277 3.54319 4.8569 4.16399 3.4218 4.47874 3.82242 3.38286 3.65101 4.73125 3.07878
Sel_flota
 0.5 1 1 1 1
 0.5 1 1 1 1
 0.5 1 1 1 1
 0.5 1 1 1 1
 0.5 1 1 1 1
 0.5 1 1 1 1
 0.5 1 1 1 1
 0.5 1 1 1 1
 0.5 1 1 1 1
 0.5 1 1 1 1
 0.5 1 1 1 1
 0.5 1 1 1 1
 0.5 1 1 1 1
 0.5 1 1 1 1
 0.5 1 1 1 1
 0.5 1 1 1 1
 0.5 1 1 1 1
 0.5 1 1 1 1
 0.5 1 1 1 1
 0.5 1 1 1 1
 0.5 1 1 1 1
 0.5 1 1 1 1
 0.5 1 1 1 1
 0.5 1 1 1 1
 0.5 1 1 1 1
 0.5 1 1 1 1
 0.5 1 1 1 1
 0.5 1 1 1 1
 0.5 1 1 1 1
 0.5 1 1 1 1
Sel_reclas
 0.5 1 1 1 1
 0.5 1 1 1 1
 0.5 1 1 1 1
 0.5 1 1 1 1
 0.5 1 1 1 1
 0.5 1 1 1 1
 0.5 1 1 1 1
 0.5 1 1 1 1
 0.5 1 1 1 1
 0.5 1 1 1 1
 0.5 1 1 1 1
 0.5 1 1 1 1
 0.5 1 1 1 1
 0.5 1 1 1 1
 0.5 1 1 1 1
 0.5 1 1 1 1
 0.5 1 1 1 1
 0.5 1 1 1 1
 0.5 1 1 1 1
 0.5 1 1 1 1
 0.5 1 1 1 1
 0.5 1 1 1 1
 0.5 1 1 1 1
 0.5 1 1 1 1
 0.5 1 1 1 1
 0.5 1 1 1 1
 0.5 1 1 1 1
 0.5 1 1 1 1
 0.5 1 1 1 1
 0.5 1 1 1 1
Sel_pelaces
 0.5 1 1 1 1
 0.5 1 1 1 1
 0.5 1 1 1 1
 0.5 1 1 1 1
 0.5 1 1 1 1
 0.5 1 1 1 1
 0.5 1 1 1 1
 0.5 1 1 1 1
 0.5 1 1 1 1
 0.5 1 1 1 1
 0.5 1 1 1 1
 0.5 1 1 1 1
 0.5 1 1 1 1
 0.5 1 1 1 1
 0.5 1 1 1 1
 0.5 1 1 1 1
 0.5 1 1 1 1
 0.5 1 1 1 1
 0.5 1 1 1 1
 0.5 1 1 1 1
 0.5 1 1 1 1
 0.5 1 1 1 1
 0.5 1 1 1 1
 0.5 1 1 1 1
 0.5 1 1 1 1
 0.5 1 1 1 1
 0.5 1 1 1 1
 0.5 1 1 1 1
 0.5 1 1 1 1
 0.5 1 1 1 1
pf_obs 
 0.8446 0.082 0.0669 0.0065 0
 0.8095 0.147 0.0364 0.0071 0
 0.9664 0.0169 0.016 0.0007 0
 0.9276 0.0648 0.0075 0.0001 0
 0.7033 0.2144 0.0806 0.0017 0
 0.9318 0.0425 0.0243 0.0014 0
 0.5671 0.3108 0.0964 0.0239 0.0018
 0.0768 0.2599 0.5324 0.112 0.0189
 0.490249 0.384438 0.106611 0.0170017 0.00170017
 0.7925 0.1577 0.0466 0.003 0.0002
 0.840416 0.127587 0.0312969 0.00059994 9.999e-05
 0.8084 0.0986 0.0794 0.0134 0.0002
 0.7335 0.1905 0.0724 0.0035 0.0001
 0.4001 0.4547 0.1325 0.0127 0
 0.49795 0.308269 0.164784 0.0264974 0.00249975
 0.9179 0.0499 0.0305 0.0017 0
 0.2467 0.6533 0.0926 0.0074 0
 0.9418 0.0223 0.034 0.0019 0
 0.707729 0.231977 0.0356964 0.0245975 0
 0.517169 0.277429 0.184464 0.0207286 0.00020938
 0.811772 0.124168 0.05621 0.00726502 0.000585176
 0.764997 0.148141 0.077277 0.00933861 0.000247198
 0.163321 0.427699 0.378323 0.0303852 0.000271297
 0.753843 0.0900009 0.118128 0.0371064 0.000921714
 0.721811 0.176058 0.0630433 0.0369309 0.00215725
 0.143369 0.312575 0.442814 0.0836902 0.0175525
 0.692698 0.0596174 0.167031 0.0765114 0.00414204
 0.394062 0.376323 0.152708 0.0712218 0.00568511
 0.125707 0.32114 0.495352 0.0537591 0.00404204
 0.23352 0.215282 0.420074 0.123614 0.00750983
pf_pred 
 0.632772 0.232132 0.0853967 0.0314157 0.0182832
 0.185857 0.641105 0.109381 0.040239 0.0234181
 0.321731 0.227504 0.354959 0.0605606 0.0352448
 0.663248 0.172052 0.0552434 0.0861926 0.0232639
 0.628545 0.308941 0.0319395 0.0102553 0.0203193
 0.727528 0.213791 0.0488052 0.00504566 0.00483004
 0.261456 0.633985 0.0820405 0.0187286 0.00378972
 0.469677 0.257284 0.234384 0.0303304 0.00832502
 0.573132 0.277818 0.0723108 0.0658749 0.0108643
 0.665159 0.255284 0.0517781 0.0134768 0.0143022
 0.729475 0.224002 0.035469 0.007194 0.0038596
 0.62826 0.315702 0.0464004 0.00734713 0.00228967
 0.59802 0.322908 0.067153 0.00986982 0.00204984
 0.534007 0.363761 0.0821221 0.0170784 0.00303142
 0.773087 0.172808 0.042235 0.00953492 0.00233488
 0.842458 0.139912 0.0134266 0.00328152 0.000922243
 0.45116 0.508213 0.0360808 0.00346247 0.00108407
 0.73714 0.167603 0.0882055 0.00626218 0.000789099
 0.531802 0.402613 0.0418184 0.022008 0.00175936
 0.499303 0.361461 0.119732 0.0124362 0.00706811
 0.664675 0.231806 0.0747322 0.0247546 0.00403253
 0.583508 0.338126 0.0541736 0.0174651 0.00672762
 0.244655 0.572091 0.148773 0.0238361 0.0106447
 0.621125 0.154357 0.170048 0.0442213 0.010249
 0.53163 0.364134 0.0424669 0.0467838 0.014986
 0.356752 0.454311 0.146889 0.0171309 0.0249175
 0.625176 0.201096 0.1227 0.0396718 0.0113564
 0.546482 0.353364 0.0537333 0.0327858 0.0136349
 0.218962 0.559941 0.17227 0.0261958 0.0226308
 0.294841 0.260189 0.319008 0.0981454 0.0278173
pobs_RECLAS
 0 0 0 0 0
 0 0 0 0 0
 0 0 0 0 0
 0 0 0 0 0
 0 0 0 0 0
 0 0 0 0 0
 0 0 0 0 0
 0 0 0 0 0
 0 0 0 0 0
 0 0 0 0 0
 0.991045 0.00858322 0.000360255 1.14367e-05 0
 0.934742 0.0480273 0.0164251 0.00080598 0
 0.827803 0.169806 0.00239088 0 0
 0.941827 0.0461693 0.0120037 0 0
 0.791401 0.0380133 0.147996 0.0225897 0
 0.846168 0.0940531 0.0597789 0 0
 0.134021 0.677848 0.182769 0.00536245 0
 0.80878 0.0450904 0.141981 0.00414843 0
 0.846168 0.0940531 0.0597789 0 0
 0.905697 0.0802665 0.012482 0.00150086 5.37128e-05
 0.989698 0.0102097 9.19794e-05 0 0
 0.975433 0.0193895 0.00387452 0.00125025 5.28907e-05
 0.303575 0.632131 0.0575291 0.00676475 0
 0.966965 0.00978017 0.0227588 0.000495775 0
 0.843318 0.132988 0.00938335 0.0141283 0.000182051
 0.564624 0.303363 0.111486 0.0197234 0.00080311
 0.826376 0.0876187 0.0782897 0.00655872 0.00115652
 0.89761 0.0855135 0.0140674 0.00269457 0.000114338
 0.34875 0.467042 0.161289 0.0227151 0.000203297
 0.318654 0.224769 0.449479 0.00709798 0
ppred_RECLAS
 0.635485 0.230418 0.0847659 0.0311836 0.0181482
 0.18843 0.639079 0.109035 0.0401117 0.0233441
 0.32527 0.226317 0.353108 0.0602447 0.035061
 0.673231 0.166952 0.0536057 0.0836374 0.0225742
 0.631328 0.306627 0.0317002 0.0101785 0.0201671
 0.731926 0.21034 0.0480175 0.00496423 0.00475209
 0.273253 0.623858 0.0807301 0.0184294 0.00372918
 0.471653 0.256325 0.233511 0.0302173 0.00829399
 0.581292 0.272507 0.0709285 0.0646156 0.0106566
 0.673282 0.249091 0.0505219 0.0131499 0.0139552
 0.730797 0.222908 0.0352957 0.00715886 0.00384074
 0.636622 0.308601 0.0453567 0.00718187 0.00223817
 0.606073 0.316439 0.0658076 0.00967209 0.00200878
 0.55209 0.349645 0.0789354 0.0164157 0.00291378
 0.777909 0.169136 0.0413375 0.0093323 0.00228526
 0.84622 0.13657 0.0131059 0.00320314 0.000900216
 0.453854 0.505718 0.0359037 0.00344548 0.00107875
 0.740039 0.165755 0.0872329 0.00619314 0.000780399
 0.537683 0.397555 0.0412931 0.0217316 0.00173726
 0.504303 0.357851 0.118536 0.012312 0.00699752
 0.667777 0.229661 0.0740408 0.0245256 0.00399522
 0.587987 0.334489 0.053591 0.0172773 0.00665526
 0.246396 0.570772 0.148431 0.0237811 0.0106201
 0.623494 0.153392 0.168984 0.0439448 0.0101849
 0.533884 0.362381 0.0422625 0.0465586 0.0149138
 0.358253 0.453251 0.146546 0.0170909 0.0248594
 0.627237 0.19999 0.122025 0.0394537 0.011294
 0.54839 0.351877 0.0535072 0.0326478 0.0135775
 0.220063 0.559152 0.172028 0.0261589 0.0225989
 0.29708 0.259363 0.317995 0.0978338 0.027729
pobs_PELACES
 0 0 0 0 0
 0 0 0 0 0
 0 0 0 0 0
 0 0 0 0 0
 0 0 0 0 0
 0 0 0 0 0
 0 0 0 0 0
 0 0 0 0 0
 0 0 0 0 0
 0 0 0 0 0
 0 0 0 0 0
 0 0 0 0 0
 0 0 0 0 0
 0 0 0 0 0
 0 0 0 0 0
 0 0 0 0 0
 0.505614 0.472636 0.0217494 0 0
 0 0 0 0 0
 0.443492 0.261883 0.143347 0.151278 0
 0.227955 0.32914 0.350689 0.0885471 0.00366901
 0.970185 0.0296113 0.000203453 0 0
 0.997202 0.00247181 0.000326279 0 0
 0.445219 0.490057 0.0546422 0.010081 0
 0.90214 0.0892962 0.00764917 0.000914606 0
 0 0 0 0 0
 0.581667 0.319106 0.0959925 0.00289975 0.000334073
 0.762889 0.0836404 0.116647 0.0363945 0.000428098
 0.88444 0.0763242 0.0277011 0.0115352 0
 0.521256 0.241999 0.230069 0.00667565 0
 0.616807 0.101726 0.260614 0.0208532 0
ppred_PELACES
 0.644716 0.224582 0.0826192 0.0303939 0.0176885
 0.196984 0.632343 0.107886 0.039689 0.0230981
 0.33699 0.222386 0.346974 0.0591982 0.034452
 0.699056 0.153757 0.0493691 0.0770273 0.0207901
 0.640773 0.298771 0.0308881 0.0099177 0.0196504
 0.745267 0.199873 0.0456278 0.00471717 0.00451559
 0.303796 0.59764 0.0773372 0.0176549 0.00357246
 0.478738 0.252887 0.230379 0.0298121 0.00818276
 0.604336 0.25751 0.0670249 0.0610594 0.0100701
 0.695445 0.232194 0.0470947 0.0122579 0.0130085
 0.73557 0.218956 0.0346699 0.00703193 0.00377264
 0.659663 0.289034 0.0424808 0.00672649 0.00209625
 0.628716 0.298249 0.062025 0.00911613 0.00189331
 0.593886 0.317018 0.0715697 0.0148839 0.00264189
 0.791805 0.158553 0.0387511 0.0087484 0.00214228
 0.8569 0.127086 0.0121958 0.0029807 0.0008377
 0.463192 0.497072 0.0352898 0.00338657 0.00106031
 0.749485 0.159732 0.0840631 0.0059681 0.000752041
 0.555643 0.382111 0.0396889 0.0208873 0.00166977
 0.520096 0.34645 0.114759 0.0119198 0.00677458
 0.678051 0.222559 0.0717512 0.0237671 0.00387167
 0.602239 0.322919 0.0517372 0.0166796 0.00642505
 0.252586 0.566084 0.147211 0.0235858 0.0105329
 0.631716 0.150042 0.165294 0.0429851 0.00996252
 0.541836 0.356199 0.0415415 0.0457643 0.0146594
 0.363749 0.449369 0.145291 0.0169446 0.0246465
 0.634501 0.196093 0.119648 0.0386848 0.0110739
 0.555232 0.346546 0.0526967 0.0321532 0.0133718
 0.224117 0.556246 0.171133 0.0260229 0.0224814
 0.304909 0.256473 0.314453 0.096744 0.0274202
pobs_pel_tallas
 0 0 0 0 0 0 0 0 0 0 0 0 0 0 0 0 0 0 0 0 0 0 0 0 0 0
 0 0 0 0 0 0 0 0 0 0 0 0 0 0 0 0 0 0 0 0 0 0 0 0 0 0
 0 0 0 0 0 0 0 0 0 0 0 0 0 0 0 0 0 0 0 0 0 0 0 0 0 0
 0 0 0 0 0 0 0 0 0 0 0 0 0 0 0 0 0 0 0 0 0 0 0 0 0 0
 0 0 0 0 0 0 0 0 0 0 0 0 0 0 0 0 0 0 0 0 0 0 0 0 0 0
 0 0 0 0 0 0 0 0 0 0 0 0 0 0 0 0 0 0 0 0 0 0 0 0 0 0
 0 0 0 0 0 0 0 0 0 0 0 0 0 0 0 0 0 0 0 0 0 0 0 0 0 0
 0 0 0 0 0 0 0 0 0 0 0 0 0 0 0 0 0 0 0 0 0 0 0 0 0 0
 0 0 0 0 0 0 0 0 0 0 0 0 0 0 0 0 0 0 0 0 0 0 0 0 0 0
 0 0 0 0 0 0 0 0 0 0 0 0 0 0 0 0 0 0 0 0 0 0 0 0 0 0
 0 0 0 0 0 0 0 0 0 0 0 0 0 0 0 0 0 0 0 0 0 0 0 0 0 0
 0 0 0 0 0 0 0 0 0 0 0 0 0 0 0 0 0 0 0 0 0 0 0 0 0 0
 0.00862536 0 0 0.000197151 0.00414017 0.0128641 0.00837892 0.0270097 0.101434 0.158115 0.152841 0.127902 0.109271 0.109419 0.0830992 0.0579132 0.0238553 0.00714673 0.00463305 0.00128148 0.00103504 0.000492878 0.000147863 0.000147863 4.92878e-05 0
 0 0 0 0 0 0 0 0 0 0 0 0 0 0 0 0 0 0 0 0 0 0 0 0 0 0
 0 0 0 0 0 0 0 0.0054083 0.00873648 0.0413646 0.0450493 0.0745869 0.0622846 0.0627006 0.0613931 0.0827291 0.12552 0.122667 0.0946155 0.0697135 0.0546179 0.0294188 0.0215738 0.0213955 0.0102223 0.00600262
 0 0 0 0 0.00359764 0.0251062 0.0480494 0.140153 0.205849 0.193036 0.1447 0.116669 0.0760912 0.0342217 0.00950174 0.001854 0.000860785 0 0 0 0.000165536 0 0.000143464 0 0 0
 0 0 0 0 0 0 0 0.000145254 0.000435761 0.0275982 0.070085 0.0708112 0.156366 0.174668 0.174014 0.160142 0.0824315 0.0480064 0.0283245 0.00493863 0.00203355 0 0 0 0 0
 0 0 0 0 0 0 0 0 0 0 0 0 0 0 0 0 0 0 0 0 0 0 0 0 0 0
 0 0 1.00437e-05 0.000401748 0.00122533 0.00171747 0.00176769 0.0269171 0.070346 0.194647 0.189555 0.159765 0.064822 0.0314167 0.0384472 0.0292271 0.0345202 0.0313363 0.0194345 0.0106764 0.0143323 0.0359363 0.0279516 0.0138201 0.00172751 0
 0 0.0021121 0.0136068 0.0755702 0.200478 0.177729 0.0527432 0.0373336 0.0318909 0.0142505 0.0149659 0.0166563 0.0217959 0.0798694 0.0677717 0.0528807 0.04013 0.0224614 0.0357745 0.0225083 0.00881397 0.00855152 0.00135912 0.000746735 0 0
 0 0 0 0 5.4009e-05 0.00500934 0.000945158 0.0243581 0.138947 0.33067 0.221406 0.137944 0.0707744 0.0437923 0.0131692 0.00525238 0.0047753 0.00276346 9.45158e-05 9.00151e-06 2.25038e-05 9.00151e-06 4.50075e-06 0 0 0
 0.000866109 0.00284123 0.00948549 0.0512746 0.133035 0.25785 0.225252 0.132002 0.0553304 0.0519788 0.0540692 0.017754 0.00435017 0.00159236 0.00146478 0.000404838 0.000125132 0.000115318 0.000107957 0.000100596 0 0 0 0 0 0
 0 0 0 0 0.00144013 0.00171154 0.00461396 0.0210425 0.0478622 0.0707936 0.0888783 0.103762 0.0637923 0.0337046 0.0602308 0.124433 0.169614 0.0934646 0.0462172 0.0250306 0.0313229 0.00938855 0.002487 0.000210481 0 0
 0 0.00764035 0.051015 0.0998891 0.058973 0.0496711 0.0374665 0.0718981 0.12319 0.153886 0.159021 0.0857701 0.0377988 0.023471 0.0147837 0.00900784 0.00315554 0.000888139 0.00291439 0.00214683 0.00393193 0.00274676 0.000635225 9.99891e-05 0 0
 0 0 0 0 0 0 0 0 0 0 0 0 0 0 0 0 0 0 0 0 0 0 0 0 0 0
 0 0 0 0 0 0 0 0 0 0 0 0 0 0 0 0 0 0 0 0 0 0 0 0 0 0
 0 0 0 0 0 0 0 0 0 0 0 0 0 0 0 0 0 0 0 0 0 0 0 0 0 0
 0 0 0 0 0 0 0 0 0 0 0 0 0 0 0 0 0 0 0 0 0 0 0 0 0 0
 0 0 0 0 0 0 0 0 0 0 0 0 0 0 0 0 0 0 0 0 0 0 0 0 0 0
 0 0 0 0 0 0 0 0 0 0 0 0 0 0 0 0 0 0 0 0 0 0 0 0 0 0
ppred_pel_tallas
 1.08484e-16 5.31044e-05 0.000516194 0.00343029 0.0155936 0.0485177 0.103373 0.15088 0.150902 0.103479 0.0488747 0.016626 0.00602619 0.00619807 0.0108886 0.0180351 0.0262558 0.0336168 0.0381839 0.0390833 0.0369916 0.0335845 0.0304045 0.0280569 0.0262187 0.0242103
 1.11165e-16 1.62254e-05 0.000157717 0.00104809 0.0047645 0.0148244 0.0315873 0.0461154 0.0461764 0.0318853 0.0158252 0.00765554 0.00830704 0.0160109 0.030145 0.0498659 0.0719676 0.0907978 0.100605 0.0987616 0.0873253 0.071589 0.0568379 0.04584 0.0385332 0.0333578
 1.21837e-16 2.77575e-05 0.000269813 0.001793 0.00815073 0.0253601 0.0540331 0.0788675 0.0788895 0.0541406 0.0257224 0.00920394 0.0044616 0.00617797 0.0114912 0.0195891 0.0297049 0.0404788 0.0504687 0.0589291 0.0659964 0.0720293 0.0767299 0.0789351 0.0772981 0.0712513
 1.12708e-16 5.75804e-05 0.000559702 0.00371942 0.0169079 0.0526069 0.112085 0.163595 0.16361 0.112158 0.0528516 0.0176156 0.0054998 0.00445983 0.00750592 0.0124307 0.0181801 0.0234836 0.0271244 0.0286422 0.028631 0.0282941 0.0285909 0.0296413 0.0307631 0.0309869
 1.05288e-16 5.27796e-05 0.000513037 0.00340931 0.0154983 0.048221 0.102741 0.149959 0.149988 0.102882 0.0486931 0.0168619 0.00683154 0.00798187 0.0142321 0.0234322 0.0337227 0.0423583 0.0465874 0.0451685 0.0391278 0.0310828 0.0236855 0.0183829 0.0152086 0.0133781
 1.02606e-16 6.13867e-05 0.000596701 0.00396529 0.0180256 0.0560845 0.119495 0.17441 0.174429 0.119589 0.0564011 0.0189405 0.00626294 0.00561669 0.00960751 0.0158178 0.0228538 0.0288915 0.0321072 0.0316484 0.0281182 0.0231263 0.0182871 0.01446 0.0116719 0.00953267
 1.0476e-16 2.50234e-05 0.000243236 0.00161639 0.00734792 0.0228624 0.0487129 0.07111 0.0711676 0.0489943 0.0238072 0.0100767 0.00846535 0.0151925 0.0284104 0.0469123 0.0675377 0.084847 0.0932996 0.0903276 0.0778548 0.0609729 0.0448909 0.0325349 0.0241785 0.0186118
 1.11088e-16 3.94331e-05 0.000383304 0.00254719 0.0115792 0.0360272 0.0767607 0.11204 0.112064 0.0768815 0.0364336 0.0127568 0.00551814 0.00691827 0.0125952 0.0211374 0.0313249 0.0412265 0.0488388 0.0531522 0.0545692 0.054264 0.0530786 0.0509523 0.0472688 0.0416428
 1.09828e-16 4.97784e-05 0.000483864 0.00321545 0.014617 0.045479 0.0968987 0.141432 0.141457 0.0970203 0.0458876 0.0157982 0.00618395 0.00697622 0.0124164 0.0205466 0.0298327 0.0380401 0.0429426 0.0435685 0.0407763 0.0366097 0.0329539 0.0305517 0.028974 0.0272896
 1.0485e-16 5.72829e-05 0.000556811 0.0037002 0.0168206 0.0523352 0.111507 0.162752 0.162774 0.111616 0.052703 0.017883 0.00636836 0.00638579 0.0111406 0.0183619 0.0265286 0.0335397 0.0372941 0.0368332 0.0329021 0.027415 0.022269 0.0184355 0.0158603 0.0139609
 1.02401e-16 6.05879e-05 0.000588936 0.00391369 0.0177911 0.0553548 0.11794 0.172141 0.172162 0.118043 0.0557011 0.0187916 0.00642537 0.00607292 0.0104785 0.0172345 0.0248383 0.0312704 0.0345126 0.033631 0.0293226 0.0234256 0.0178051 0.0134852 0.0105294 0.00847978
 1.0233e-16 5.43356e-05 0.000528162 0.00350982 0.0159552 0.0496425 0.10577 0.15438 0.154408 0.105906 0.0500996 0.0172754 0.00682381 0.00776275 0.0137944 0.0227193 0.0327227 0.0411473 0.0453158 0.0439833 0.0380663 0.0300023 0.0222817 0.0162987 0.0121834 0.00937006
 1.03101e-16 5.17866e-05 0.000503384 0.00334517 0.0152067 0.0473137 0.100808 0.147138 0.147167 0.100949 0.047786 0.0165711 0.00677149 0.00798779 0.0142797 0.0235607 0.0340166 0.0429442 0.0476112 0.0467387 0.0412323 0.0335156 0.0260325 0.0201044 0.0158029 0.0125628
 1.04087e-16 4.89177e-05 0.000475497 0.00315985 0.0143642 0.0446926 0.0952235 0.138988 0.139018 0.095373 0.0451948 0.0158153 0.00680432 0.00843824 0.0151916 0.0250896 0.0362591 0.0458495 0.0509761 0.0502922 0.0447572 0.0369203 0.0293289 0.0233237 0.0189231 0.0154921
 1.02399e-16 6.522e-05 0.000633961 0.0042129 0.0191512 0.0595866 0.126956 0.1853 0.185315 0.127031 0.0598379 0.0198773 0.00603686 0.00461997 0.00764795 0.0125733 0.0181828 0.0230261 0.0256662 0.0254342 0.0228072 0.0190468 0.0154043 0.0125232 0.0103897 0.00867467
 1.00826e-16 7.05817e-05 0.000686079 0.00455924 0.0207256 0.0644852 0.137393 0.200532 0.200544 0.137453 0.064686 0.0213054 0.00601407 0.00386045 0.0060948 0.0099524 0.0143021 0.0179265 0.0196358 0.0188821 0.0160833 0.0123436 0.00880084 0.00610595 0.00433367 0.00322425
 1.01665e-16 3.81526e-05 0.000370857 0.00246448 0.0112032 0.0348575 0.0742694 0.108408 0.108456 0.0745031 0.0356423 0.0134691 0.00814943 0.0127714 0.0235601 0.038813 0.0557276 0.0696965 0.0760437 0.0726027 0.0610186 0.0456682 0.0311045 0.019999 0.0127532 0.00840968
 1.03193e-16 6.17341e-05 0.000600078 0.00398773 0.0181276 0.0564019 0.120171 0.175396 0.175411 0.120247 0.0566565 0.0188641 0.00584094 0.00466063 0.00781715 0.012939 0.0188959 0.0243058 0.0277797 0.0286378 0.0272469 0.0246486 0.0218136 0.0191471 0.0165472 0.0137955
 1.03621e-16 4.57677e-05 0.000444878 0.00295637 0.0134393 0.0418148 0.0890921 0.13004 0.130077 0.089272 0.0424186 0.0151831 0.00733275 0.00999561 0.0181759 0.0299543 0.0430967 0.0540956 0.0594094 0.0574143 0.0493774 0.0386028 0.028461 0.0208287 0.0158382 0.0126332
 1.05743e-16 4.28397e-05 0.000416417 0.00276724 0.0125795 0.0391397 0.0833924 0.121721 0.121754 0.0835561 0.0396897 0.0141693 0.00676289 0.00915514 0.0166866 0.0276417 0.0401006 0.0510208 0.0573024 0.0574761 0.0525072 0.0450043 0.0375212 0.0313215 0.0263365 0.0219349
 1.05167e-16 5.58502e-05 0.000542884 0.00360766 0.0163999 0.0510263 0.108718 0.158681 0.158703 0.108823 0.0513796 0.0174214 0.00617522 0.00615912 0.0107552 0.0177791 0.025811 0.0328909 0.037052 0.0373831 0.0345344 0.0301915 0.025967 0.0225967 0.0199235 0.0174235
 1.04336e-16 4.96057e-05 0.000482185 0.00320429 0.0145663 0.0453212 0.0965628 0.140943 0.140974 0.0967149 0.0458321 0.0160421 0.0069094 0.00857259 0.0154211 0.0254327 0.036673 0.0462058 0.051071 0.0499069 0.0437525 0.0353176 0.0273328 0.0212676 0.0171608 0.014284
 1.08541e-16 2.08053e-05 0.000202235 0.00134393 0.00610933 0.0190087 0.040502 0.0591253 0.05918 0.0407692 0.0199061 0.00870264 0.00785863 0.0144409 0.0271123 0.0449187 0.0650069 0.0823769 0.0919142 0.0912226 0.0819795 0.0686495 0.0556606 0.045292 0.0375104 0.0311869
 1.10806e-16 5.20337e-05 0.000505786 0.00336112 0.0152792 0.0475393 0.101288 0.147836 0.147851 0.10136 0.0477815 0.0159819 0.00513666 0.00442034 0.00759998 0.0127797 0.0191031 0.025492 0.0308537 0.0346562 0.0371253 0.038825 0.0400011 0.0402952 0.0390426 0.0358336
 1.08361e-16 4.46304e-05 0.000433823 0.00288291 0.0131053 0.0407757 0.0868782 0.126808 0.126843 0.0870459 0.041339 0.0147324 0.00696729 0.00935123 0.0169847 0.0280224 0.0404033 0.0509131 0.0563278 0.0552194 0.0488343 0.0402555 0.0325271 0.0271867 0.0240628 0.0220555
 1.10178e-16 2.99616e-05 0.000291237 0.00193538 0.00879797 0.027374 0.0583247 0.0851358 0.0851792 0.0585371 0.0280873 0.01086 0.00711773 0.0116254 0.0216176 0.0358528 0.0520236 0.0662163 0.0744358 0.0748154 0.0686575 0.0593928 0.0503525 0.0431396 0.0375608 0.0326395
 1.09257e-16 5.2263e-05 0.000508015 0.00337594 0.0153465 0.0477489 0.101735 0.148489 0.148508 0.101828 0.0480622 0.0162536 0.00566035 0.00552034 0.00964663 0.0160626 0.0235991 0.0306602 0.0356414 0.0377992 0.0376217 0.0363258 0.0349139 0.0335834 0.0318637 0.0291947
 1.07097e-16 4.57338e-05 0.000444549 0.00295418 0.0134293 0.0417837 0.0890259 0.129943 0.129976 0.0891892 0.0423321 0.0150133 0.00693106 0.00912919 0.016549 0.0273131 0.0394084 0.0497106 0.0550765 0.0540896 0.0479109 0.0394758 0.0316964 0.026068 0.0224902 0.0200138
 1.11495e-16 1.84603e-05 0.000179441 0.00119245 0.00542073 0.0168662 0.0359372 0.0524627 0.0525164 0.0362 0.0177489 0.00797223 0.00760429 0.0142005 0.0267174 0.0443243 0.0642802 0.0817378 0.0917364 0.091957 0.0840204 0.0722028 0.0606727 0.051462 0.0443683 0.0382011
 1.23483e-16 2.5115e-05 0.000244127 0.00162231 0.00737481 0.0229459 0.0488896 0.0713611 0.0713863 0.0490129 0.0233612 0.00858041 0.0046714 0.0069764 0.0130353 0.0221001 0.0332217 0.0447072 0.0548002 0.062667 0.0686825 0.0736706 0.0777815 0.0800554 0.0790298 0.073797
pSPR Fmed_Fpbrs
0.612417   0.285403 0.285403
Fs Fmed_Fpbrs
0.324505   1.005 1.005
SSBpbr Bo_Bmed_Bpbrs
1.78121e+06  1.00178e+06  419303 419303
Ro
161961
SPR SPRFo_SPRFmed_SPRFpbrs
1.1529e+06 706056 329041
Fref
1.005
log_Ro
11.8151
likeval ReclasPelacesDesembMPH_pf_preclas_ppelaces_ptallas_desvR_qrecl_qpela
 18.1454 26.7857 0.200946 0.00276713 238.214 120.194 82.423 0 28.2775 0 0 0.845824 0 0 0
q_reclas_q_pelaces
1 1
M
1
N
 370287 71332.7 26241.8 9653.83 5618.3
 65456 120644 20583.5 7572.23 4406.86
 54077.8 20383.9 31803.6 5426.1 3157.87
 113955 16946.3 5441.22 8489.57 2291.38
 112818 29144.1 3013.02 967.436 1916.83
 229870 36676.3 8372.64 865.594 828.604
 47947.9 68586 8875.34 2026.1 409.981
 39599.8 11233.8 10233.9 1324.31 363.495
 49342.5 13366.2 3478.97 3169.33 522.695
 62892.2 13591.3 2756.66 717.507 761.448
 107122 16952.5 2684.29 544.441 292.094
 129565 36599.4 5379.2 851.753 265.441
 116244 35091.1 7297.67 1072.58 222.761
 77952.8 31981.4 7220.08 1501.51 266.519
 138720 17083.7 4175.32 942.614 230.824
 433568 39766.1 3816.13 932.679 262.122
 209328 123463 8765.34 841.162 263.361
 569055 68712.8 36161.9 2567.33 323.51
 436437 180076 18704.1 9843.51 786.905
 330114 128896 42696.1 4434.74 2520.48
 543291 100271 32326.5 10707.9 1744.33
 557694 173502 27798 8961.84 3452.13
 140831 171496 44597.9 7145.36 3190.96
 361247 46869.9 51634.3 13427.6 3112.07
 335329 119456 13931.6 15347.7 4916.24
 170717 111963 36200.1 4221.83 6140.8
 349587 58429 35650.9 11526.8 3299.64
 349732 117006 17792.2 10856.1 4514.79
 89875.6 118314 36400.1 5535.08 4781.8
 66676.7 30794.1 37755.5 11615.8 3292.27
pred_Ctot
 27032.4 9916.85 3648.21 1342.1 781.071
 6437.76 22206.8 3788.77 1393.81 811.164
 5131.8 3628.82 5661.81 965.977 562.176
 22612.6 5865.9 1883.45 2938.62 793.151
 8378.29 4118.07 425.742 136.699 270.849
 27928.4 8207.02 1873.54 193.693 185.416
 11414.8 27678.9 3581.78 817.664 165.454
 2079.52 1139.14 1037.75 134.289 36.8594
 8023.21 3889.15 1012.27 922.175 152.088
 10898.2 4182.67 848.35 220.81 234.332
 4855.27 1490.93 236.076 47.8822 25.6889
 22148.8 11129.8 1635.81 259.017 80.7205
 18970.2 10243.2 2130.21 313.088 65.0247
 20770.4 14148.6 3194.18 664.272 117.908
 19755.4 4415.93 1079.27 243.655 59.6654
 63226.6 10500.4 1007.67 246.278 69.2145
 14386.2 16205.5 1150.51 110.409 34.568
 50912 11575.8 6092.08 432.51 54.5007
 55382.8 41928.8 4355.05 2291.96 183.223
 36950.6 26749.7 8860.67 920.336 523.071
 45826.3 15981.9 5152.44 1706.71 278.024
 58703.6 34017.1 5450.12 1757.07 676.83
 8556.49 20008.1 5203.16 833.636 372.283
 23293.7 5788.77 6377.21 1658.41 384.364
 19740.4 13520.9 1576.88 1737.17 556.456
 7560.91 9628.56 3113.14 363.068 528.096
 20086 6460.93 3942.18 1274.6 364.866
 17898.9 11573.7 1759.93 1073.83 446.582
 3922 10029.6 3085.67 469.215 405.358
 4536.64 4003.46 4908.5 1510.14 428.019
F
 0.121434 0.242867 0.242867 0.242867 0.242867
 0.166633 0.333266 0.333266 0.333266 0.333266
 0.160371 0.320742 0.320742 0.320742 0.320742
 0.363555 0.727109 0.727109 0.727109 0.727109
 0.123641 0.247282 0.247282 0.247282 0.247282
 0.209427 0.418855 0.418855 0.418855 0.418855
 0.451191 0.902382 0.902382 0.902382 0.902382
 0.0860939 0.172188 0.172188 0.172188 0.172188
 0.289354 0.578708 0.578708 0.578708 0.578708
 0.311008 0.622016 0.622016 0.622016 0.622016
 0.0739374 0.147875 0.147875 0.147875 0.147875
 0.306238 0.612476 0.612476 0.612476 0.612476
 0.290541 0.581082 0.581082 0.581082 0.581082
 0.517982 1.03596 1.03596 1.03596 1.03596
 0.249442 0.498885 0.498885 0.498885 0.498885
 0.256104 0.512209 0.512209 0.512209 0.512209
 0.113969 0.227938 0.227938 0.227938 0.227938
 0.150598 0.301195 0.301195 0.301195 0.301195
 0.219635 0.439271 0.439271 0.439271 0.439271
 0.191561 0.383122 0.383122 0.383122 0.383122
 0.141456 0.282911 0.282911 0.282911 0.282911
 0.17925 0.358501 0.358501 0.358501 0.358501
 0.100187 0.200375 0.200375 0.200375 0.200375
 0.106609 0.213218 0.213218 0.213218 0.213218
 0.0969446 0.193889 0.193889 0.193889 0.193889
 0.0721962 0.144392 0.144392 0.144392 0.144392
 0.0945249 0.18905 0.18905 0.18905 0.18905
 0.0838281 0.167656 0.167656 0.167656 0.167656
 0.0711029 0.142206 0.142206 0.142206 0.142206
 0.112776 0.225552 0.225552 0.225552 0.225552
nmprior
 8 8 7 0
nm_flota  nm_reclas  nm_pelaces    nm_pelaL
inf 6.77135 7.61442 11.4278
cv_recla  cv_pelaces  cv_mph
0.394376 0.608998 1.62338
 ------------------------------------------------
Talla a la edad & desviación 
 8 13.2811 15.8009 17.003 17.5766
 0.8 1.32811 1.58009 1.7003 1.75766
