years
 1991 1992 1993 1994 1995 1996 1997 1998 1999 2000 2001 2002 2003 2004 2005 2006 2007 2008 2009 2010 2011 2012 2013 2014 2015 2016 2017 2018 2019 2020
reclasobs
 0 0 0 0 0 0 0 0 0 252601 567819 844713 477998 351125 339783 2.1784e+06 2.13404e+06 4.81314e+06 1.55562e+06 2.62356e+06 3.21686e+06 3.843e+06 1.13348e+06 3.07943e+06 1.97215e+06 2.03268e+06 2.025e+06 2.42433e+06 2.27542e+06 1.05018e+06
reclaspred
 3.20608e+06 1.80293e+06 913871 921394 923963 1.44789e+06 929251 830714 608834 448780 505933 642497 633011 496077 499645 1.26155e+06 1.22502e+06 2.75582e+06 2.28197e+06 1.75569e+06 3.07895e+06 2.46752e+06 1.96753e+06 3.00949e+06 2.26618e+06 2.00695e+06 2.38358e+06 2.51219e+06 2.05509e+06 1.30213e+06
pelacesobs
 0 0 0 0 0 0 0 0 0 0 0 0 0 0 0 552880 188675 0 991730 2.46772e+06 1.41603e+06 1.21717e+06 2.29649e+06 1.80582e+06 0 1.4828e+06 1.56532e+06 1.57751e+06 1.42118e+06 867257
pelacespred
 1.8227e+06 1.1422e+06 580674 478149 497396 805379 484196 528693 376898 264188 306187 325284 351499 291575 300714 628587 610894 1.57885e+06 1.35265e+06 964528 1.63401e+06 1.43249e+06 1.13514e+06 1.89468e+06 1.37735e+06 1.21492e+06 1.64407e+06 1.71192e+06 1.15182e+06 828981
mphobs
 0 0 0 0 0 0 0 0 0 0 0 498337 0 5186 125008 0 168611 109162 213762 579715 649985 157893 87575 83554 0 0 0 0 0 0
mphpred
 487610 325904 163212 89166.8 99013.8 112258 147340 93943 83323.3 58215.3 38940 60126.2 64373.5 54742.9 37561.4 46924.4 146073 139538 275309 209622 232456 282418 264581 219059 302701 250317 206382 220858 304988 206652
desembarqueobs
 494567 514787 250237 358949 120608 361735 552515 73892 212993 205616 52469 317467 293654 387597 252695 516296 358380 742168 942051 627588 828172 859565 418607 520667 417249 300574 407403 355545 319650 289779
desembarquepred
 494574 513443 250916 358977 120613 361750 552566 73896 213040 205659 52471.4 317533 293707 387643 252695 516272 358408 742091 941899 627479 828237 859582 418615 520689 417249 300576 407404 355533 319645 289789
Reclutas
 203747 116409 116138 200305 160756 270889 113528 52681.2 49226.5 65251.2 119971 155347 129911 90550.2 90926.1 482031 104180 748660 433407 353647 493682 657215 141237 411961 349460 156784 352496 389236 111766 86832.9
log_desv_Rt
 0.108165 -0.451608 -0.453932 0.091125 -0.128829 0.392994 -0.476666 -1.24446 -1.31228 -1.03047 -0.421464 -0.163054 -0.341864 -0.702811 -0.698668 0.969295 -0.562593 1.40957 0.862962 0.659584 0.993176 1.2793 -0.258276 0.812215 0.647675 -0.153843 0.656325 0.755472 -0.492309 -0.744729
SSB
 3.4201e+06 2.28589e+06 1.14477e+06 625416 694483 787379 1.03344e+06 658917 584430 408322 273125 421726 451516 383967 263456 329128 1.02456e+06 978717 1.93102e+06 1.47029e+06 1.63045e+06 1.98088e+06 1.85578e+06 1.53648e+06 2.12314e+06 1.75573e+06 1.44757e+06 1.5491e+06 2.13919e+06 1.44946e+06
BT
 4.5831e+06 3.11875e+06 1.5773e+06 1.39451e+06 1.23129e+06 2.14835e+06 1.60254e+06 1.27244e+06 1.07279e+06 802510 745179 1.01034e+06 1.0704e+06 1.0699e+06 940882 1.85584e+06 1.67618e+06 4.26313e+06 3.99719e+06 2.76492e+06 4.40388e+06 4.07971e+06 2.95928e+06 4.81362e+06 3.5319e+06 3.04237e+06 4.17205e+06 4.26776e+06 2.8961e+06 2.17627e+06
Ftot
 0.124475 0.226343 0.220307 0.329971 0.110418 0.216954 0.473088 0.0747392 0.290799 0.378101 0.0927644 0.417366 0.390322 0.64759 0.442363 0.372473 0.240854 0.241791 0.345535 0.301289 0.230699 0.296541 0.174491 0.152676 0.154599 0.124779 0.150063 0.125591 0.125392 0.18096
BD_Bspro_t
 0.980317 0.856115 0.705282 0.619907 0.614034 0.685988 0.676558 0.52292 0.579657 0.540964 0.511189 0.698478 0.585301 0.497468 0.391774 0.44714 0.610585 0.587191 0.680224 0.588271 0.567788 0.61195 0.624679 0.619019 0.718646 0.726963 0.734223 0.76963 0.810836 0.746916
BD_Bspro
 2.62749 1.75613 0.879468 0.480475 0.533536 0.604903 0.793942 0.506212 0.448988 0.313693 0.209828 0.32399 0.346877 0.294982 0.2024 0.252852 0.787116 0.751898 1.4835 1.12955 1.25259 1.52181 1.4257 1.1804 1.6311 1.34884 1.11209 1.19009 1.64343 1.11355
BD_Bo
 1.70744 1.1412 0.571512 0.312231 0.346712 0.393089 0.515934 0.328956 0.291769 0.20385 0.136354 0.210541 0.225414 0.191691 0.131527 0.164313 0.511498 0.488612 0.964036 0.734022 0.81398 0.98893 0.926473 0.767069 1.05995 0.876525 0.72268 0.773369 1.06796 0.723625
BD_Brms
 10.6162 7.09551 3.55342 1.94132 2.15571 2.44406 3.20786 2.04531 1.8141 1.26745 0.847794 1.30906 1.40153 1.19185 0.817779 1.02163 3.18028 3.03799 5.99397 4.56384 5.06098 6.14875 5.76042 4.76931 6.59034 5.44986 4.49332 4.80848 6.64015 4.4992
Sel_flota
 0.805959 0.987487 0.999334 0.999965 0.999998
 0.805959 0.987487 0.999334 0.999965 0.999998
 0.805959 0.987487 0.999334 0.999965 0.999998
 0.805959 0.987487 0.999334 0.999965 0.999998
 0.805959 0.987487 0.999334 0.999965 0.999998
 0.805959 0.987487 0.999334 0.999965 0.999998
 0.805959 0.987487 0.999334 0.999965 0.999998
 0.805959 0.987487 0.999334 0.999965 0.999998
 0.805959 0.987487 0.999334 0.999965 0.999998
 0.805959 0.987487 0.999334 0.999965 0.999998
 0.805959 0.987487 0.999334 0.999965 0.999998
 0.805959 0.987487 0.999334 0.999965 0.999998
 0.805959 0.987487 0.999334 0.999965 0.999998
 0.805959 0.987487 0.999334 0.999965 0.999998
 0.805959 0.987487 0.999334 0.999965 0.999998
 0.805959 0.987487 0.999334 0.999965 0.999998
 0.805959 0.987487 0.999334 0.999965 0.999998
 0.805959 0.987487 0.999334 0.999965 0.999998
 0.805959 0.987487 0.999334 0.999965 0.999998
 0.805959 0.987487 0.999334 0.999965 0.999998
 0.805959 0.987487 0.999334 0.999965 0.999998
 0.805959 0.987487 0.999334 0.999965 0.999998
 0.805959 0.987487 0.999334 0.999965 0.999998
 0.805959 0.987487 0.999334 0.999965 0.999998
 0.805959 0.987487 0.999334 0.999965 0.999998
 0.805959 0.987487 0.999334 0.999965 0.999998
 0.805959 0.987487 0.999334 0.999965 0.999998
 0.805959 0.987487 0.999334 0.999965 0.999998
 0.805959 0.987487 0.999334 0.999965 0.999998
 0.805959 0.987487 0.999334 0.999965 0.999998
Sel_reclas
 1 1 1 1 1
 1 1 1 1 1
 1 1 1 1 1
 1 1 1 1 1
 1 1 1 1 1
 1 1 1 1 1
 1 1 1 1 1
 1 1 1 1 1
 1 1 1 1 1
 1 1 1 1 1
 1 1 1 1 1
 1 1 1 1 1
 1 1 1 1 1
 1 1 1 1 1
 1 1 1 1 1
 1 1 1 1 1
 1 1 1 1 1
 1 1 1 1 1
 1 1 1 1 1
 1 1 1 1 1
 1 1 1 1 1
 1 1 1 1 1
 1 1 1 1 1
 1 1 1 1 1
 1 1 1 1 1
 1 1 1 1 1
 1 1 1 1 1
 1 1 1 1 1
 1 1 1 1 1
 1 1 1 1 1
Sel_pelaces
 1 1 1 1 1
 1 1 1 1 1
 1 1 1 1 1
 1 1 1 1 1
 1 1 1 1 1
 1 1 1 1 1
 1 1 1 1 1
 1 1 1 1 1
 1 1 1 1 1
 1 1 1 1 1
 1 1 1 1 1
 1 1 1 1 1
 1 1 1 1 1
 1 1 1 1 1
 1 1 1 1 1
 1 1 1 1 1
 1 1 1 1 1
 1 1 1 1 1
 1 1 1 1 1
 1 1 1 1 1
 1 1 1 1 1
 1 1 1 1 1
 1 1 1 1 1
 1 1 1 1 1
 1 1 1 1 1
 1 1 1 1 1
 1 1 1 1 1
 1 1 1 1 1
 1 1 1 1 1
 1 1 1 1 1
pf_obs 
 0.8446 0.082 0.0669 0.0065 0
 0.8095 0.147 0.0364 0.0071 0
 0.9664 0.0169 0.016 0.0007 0
 0.9276 0.0648 0.0075 0.0001 0
 0.7033 0.2144 0.0806 0.0017 0
 0.9318 0.0425 0.0243 0.0014 0
 0.5671 0.3108 0.0964 0.0239 0.0018
 0.0768 0.2599 0.5324 0.112 0.0189
 0.490249 0.384438 0.106611 0.0170017 0.00170017
 0.7925 0.1577 0.0466 0.003 0.0002
 0.840416 0.127587 0.0312969 0.00059994 9.999e-05
 0.8084 0.0986 0.0794 0.0134 0.0002
 0.7335 0.1905 0.0724 0.0035 0.0001
 0.4001 0.4547 0.1325 0.0127 0
 0.49795 0.308269 0.164784 0.0264974 0.00249975
 0.9179 0.0499 0.0305 0.0017 0
 0.2467 0.6533 0.0926 0.0074 0
 0.9418 0.0223 0.034 0.0019 0
 0.707729 0.231977 0.0356964 0.0245975 0
 0.517169 0.277429 0.184464 0.0207286 0.00020938
 0.811772 0.124168 0.05621 0.00726502 0.000585176
 0.764997 0.148141 0.077277 0.00933861 0.000247198
 0.163321 0.427699 0.378323 0.0303852 0.000271297
 0.753843 0.0900009 0.118128 0.0371064 0.000921714
 0.721811 0.176058 0.0630433 0.0369309 0.00215725
 0.143369 0.312575 0.442814 0.0836902 0.0175525
 0.692698 0.0596174 0.167031 0.0765114 0.00414204
 0.394062 0.376323 0.152708 0.0712218 0.00568511
 0.125707 0.32114 0.495352 0.0537591 0.00404204
 0.23352 0.215282 0.420074 0.123614 0.00750983
pf_pred 
 0.438632 0.120244 0.416936 0.0241866 7.84368e-07
 0.412155 0.289299 0.0645666 0.221158 0.0128216
 0.557755 0.206614 0.116757 0.0257227 0.0931513
 0.741183 0.158398 0.0472479 0.0263564 0.0268151
 0.647247 0.276344 0.0470177 0.013834 0.0155567
 0.742054 0.17873 0.0622237 0.0104593 0.00653377
 0.472348 0.41264 0.0800109 0.027497 0.00750407
 0.447428 0.295169 0.201953 0.0385842 0.0168654
 0.52863 0.235102 0.126915 0.0858083 0.0235451
 0.691046 0.180959 0.0642806 0.0342363 0.0294776
 0.804714 0.144452 0.0299522 0.0104911 0.0103907
 0.726971 0.228007 0.0334086 0.00684436 0.00476858
 0.673414 0.252203 0.0622667 0.00899293 0.00312352
 0.615709 0.278207 0.0821903 0.0200045 0.00388968
 0.724089 0.186957 0.0646894 0.0188032 0.00546166
 0.930039 0.0539126 0.0109266 0.00372588 0.00139647
 0.383444 0.582004 0.0267133 0.00533849 0.00250079
 0.895819 0.045467 0.0554641 0.00251268 0.000736852
 0.594153 0.371407 0.0151416 0.0182305 0.00106734
 0.6132 0.250888 0.124528 0.00500693 0.00637659
 0.727876 0.181275 0.0592075 0.0289932 0.0026484
 0.736604 0.202703 0.0406088 0.0130921 0.00699183
 0.323126 0.526839 0.115827 0.022894 0.0113145
 0.736726 0.0978011 0.129156 0.0280409 0.00827602
 0.625702 0.290635 0.0313248 0.0408576 0.0114809
 0.433963 0.381358 0.143809 0.0153086 0.0255611
 0.730462 0.130971 0.0937325 0.0349174 0.00991668
 0.682575 0.24459 0.0356207 0.0251791 0.0120357
 0.340569 0.478662 0.13969 0.0200968 0.0209823
 0.42909 0.222037 0.254093 0.0732524 0.0215273
pobs_RECLAS
 0 0 0 0 0
 0 0 0 0 0
 0 0 0 0 0
 0 0 0 0 0
 0 0 0 0 0
 0 0 0 0 0
 0 0 0 0 0
 0 0 0 0 0
 0 0 0 0 0
 0 0 0 0 0
 0.991045 0.00858322 0.000360255 1.14367e-05 0
 0.934742 0.0480273 0.0164251 0.00080598 0
 0.827803 0.169806 0.00239088 0 0
 0.941827 0.0461693 0.0120037 0 0
 0.791401 0.0380133 0.147996 0.0225897 0
 0.846168 0.0940531 0.0597789 0 0
 0.134021 0.677848 0.182769 0.00536245 0
 0.80878 0.0450904 0.141981 0.00414843 0
 0.846168 0.0940531 0.0597789 0 0
 0.905697 0.0802665 0.012482 0.00150086 5.37128e-05
 0.989698 0.0102097 9.19794e-05 0 0
 0.975433 0.0193895 0.00387452 0.00125025 5.28907e-05
 0.303575 0.632131 0.0575291 0.00676475 0
 0.966965 0.00978017 0.0227588 0.000495775 0
 0.843318 0.132988 0.00938335 0.0141283 0.000182051
 0.564624 0.303363 0.111486 0.0197234 0.00080311
 0.826376 0.0876187 0.0782897 0.00655872 0.00115652
 0.89761 0.0855135 0.0140674 0.00269457 0.000114338
 0.34875 0.467042 0.161289 0.0227151 0.000203297
 0.318654 0.224769 0.449479 0.00709798 0
ppred_RECLAS
 0.491991 0.109853 0.376338 0.0218176 7.07517e-07
 0.464688 0.265144 0.0584586 0.200108 0.0116008
 0.609625 0.183598 0.102494 0.0225659 0.0817166
 0.780136 0.13522 0.0398395 0.0222092 0.0225949
 0.693077 0.24108 0.0405267 0.0119165 0.0134001
 0.780297 0.152806 0.0525544 0.00882826 0.0055147
 0.526238 0.371526 0.0711377 0.0244313 0.00666719
 0.499722 0.268746 0.181681 0.0346891 0.0151623
 0.581631 0.209984 0.111971 0.0756556 0.0207585
 0.735138 0.155953 0.0547139 0.0291218 0.0250732
 0.835322 0.1222 0.0250353 0.00876337 0.00867918
 0.767265 0.194762 0.0281832 0.00577 0.00401992
 0.718571 0.21795 0.0531446 0.00767041 0.00266408
 0.666628 0.242213 0.0706373 0.0171808 0.00334052
 0.765146 0.159787 0.0545998 0.0158599 0.00460658
 0.942708 0.0442768 0.00886295 0.00302022 0.00113195
 0.43369 0.534942 0.0242551 0.00484412 0.00226912
 0.914196 0.0377059 0.0454382 0.00205715 0.000603245
 0.64383 0.326297 0.013139 0.015809 0.000925537
 0.662371 0.219944 0.107834 0.00433289 0.00551797
 0.767678 0.155402 0.0501413 0.0245378 0.00224134
 0.775551 0.173227 0.0342796 0.0110444 0.00589805
 0.370373 0.491393 0.106733 0.0210829 0.010419
 0.77598 0.0838598 0.109414 0.0237395 0.00700625
 0.673122 0.254521 0.0271026 0.0353278 0.00992671
 0.485867 0.347765 0.129569 0.0137839 0.0230145
 0.770109 0.112413 0.079484 0.0295906 0.00840355
 0.725849 0.211844 0.0304818 0.0215329 0.0102924
 0.388831 0.445111 0.128341 0.0184523 0.0192647
 0.482053 0.202956 0.229457 0.0661075 0.0194269
pobs_PELACES
 0 0 0 0 0
 0 0 0 0 0
 0 0 0 0 0
 0 0 0 0 0
 0 0 0 0 0
 0 0 0 0 0
 0 0 0 0 0
 0 0 0 0 0
 0 0 0 0 0
 0 0 0 0 0
 0 0 0 0 0
 0 0 0 0 0
 0 0 0 0 0
 0 0 0 0 0
 0 0 0 0 0
 0 0 0 0 0
 0.505614 0.472636 0.0217494 0 0
 0 0 0 0 0
 0.443492 0.261883 0.143347 0.151278 0
 0.227955 0.32914 0.350689 0.0885471 0.00366901
 0.970185 0.0296113 0.000203453 0 0
 0.997202 0.00247181 0.000326279 0 0
 0.445219 0.490057 0.0546422 0.010081 0
 0.90214 0.0892962 0.00764917 0.000914606 0
 0 0 0 0 0
 0.581667 0.319106 0.0959925 0.00289975 0.000334073
 0.762889 0.0836404 0.116647 0.0363945 0.000428098
 0.88444 0.0763242 0.0277011 0.0115352 0
 0.521256 0.241999 0.230069 0.00667565 0
 0.616807 0.101726 0.260614 0.0208532 0
ppred_PELACES
 0.49395 0.109471 0.374847 0.0217306 7.04695e-07
 0.468179 0.263538 0.0580531 0.19871 0.0115198
 0.612873 0.182156 0.101602 0.0223684 0.0810011
 0.783595 0.133161 0.0391823 0.0218414 0.0222206
 0.694502 0.239983 0.0403249 0.0118569 0.013333
 0.782561 0.15127 0.0519822 0.00873175 0.0054544
 0.533398 0.366059 0.0699614 0.0240249 0.00655626
 0.500875 0.268163 0.181234 0.0346032 0.0151248
 0.586004 0.207909 0.110739 0.0748185 0.0205288
 0.739645 0.153395 0.053737 0.0285996 0.0246234
 0.836098 0.121636 0.0249107 0.00871958 0.00863579
 0.771748 0.191062 0.0276028 0.00565069 0.00393677
 0.723344 0.214328 0.0521816 0.00753081 0.00261558
 0.675347 0.236044 0.0686641 0.0166986 0.00324674
 0.769974 0.15659 0.053415 0.0155143 0.00450618
 0.943919 0.0433554 0.00866589 0.00295284 0.00110669
 0.43725 0.531607 0.0240812 0.00480915 0.00225273
 0.915366 0.0372113 0.0447997 0.00202814 0.000594737
 0.648589 0.321974 0.0129475 0.0155774 0.000911975
 0.666487 0.217352 0.106438 0.00427653 0.00544617
 0.770187 0.15377 0.0495701 0.0242571 0.00221569
 0.778674 0.170863 0.0337725 0.0108803 0.00581042
 0.372849 0.489535 0.106256 0.0209881 0.0103722
 0.777632 0.0832731 0.108584 0.0235586 0.00695285
 0.675187 0.252948 0.0269188 0.0350871 0.00985908
 0.487774 0.346531 0.129046 0.0137279 0.022921
 0.771751 0.111644 0.0788943 0.0293701 0.00834092
 0.727366 0.210696 0.0303017 0.0214051 0.0102313
 0.39065 0.443846 0.127914 0.0183904 0.0192
 0.484869 0.201941 0.228147 0.0657278 0.0193153
pobs_pel_tallas
 0 0 0 0 0 0 0 0 0 0 0 0 0 0 0 0 0 0 0 0 0 0 0 0 0 0
 0 0 0 0 0 0 0 0 0 0 0 0 0 0 0 0 0 0 0 0 0 0 0 0 0 0
 0 0 0 0 0 0 0 0 0 0 0 0 0 0 0 0 0 0 0 0 0 0 0 0 0 0
 0 0 0 0 0 0 0 0 0 0 0 0 0 0 0 0 0 0 0 0 0 0 0 0 0 0
 0 0 0 0 0 0 0 0 0 0 0 0 0 0 0 0 0 0 0 0 0 0 0 0 0 0
 0 0 0 0 0 0 0 0 0 0 0 0 0 0 0 0 0 0 0 0 0 0 0 0 0 0
 0 0 0 0 0 0 0 0 0 0 0 0 0 0 0 0 0 0 0 0 0 0 0 0 0 0
 0 0 0 0 0 0 0 0 0 0 0 0 0 0 0 0 0 0 0 0 0 0 0 0 0 0
 0 0 0 0 0 0 0 0 0 0 0 0 0 0 0 0 0 0 0 0 0 0 0 0 0 0
 0 0 0 0 0 0 0 0 0 0 0 0 0 0 0 0 0 0 0 0 0 0 0 0 0 0
 0 0 0 0 0 0 0 0 0 0 0 0 0 0 0 0 0 0 0 0 0 0 0 0 0 0
 0 0 0 0 0 0 0 0 0 0 0 0 0 0 0 0 0 0 0 0 0 0 0 0 0 0
 0.00862536 0 0 0.000197151 0.00414017 0.0128641 0.00837892 0.0270097 0.101434 0.158115 0.152841 0.127902 0.109271 0.109419 0.0830992 0.0579132 0.0238553 0.00714673 0.00463305 0.00128148 0.00103504 0.000492878 0.000147863 0.000147863 4.92878e-05 0
 0 0 0 0 0 0 0 0 0 0 0 0 0 0 0 0 0 0 0 0 0 0 0 0 0 0
 0 0 0 0 0 0 0 0.0054083 0.00873648 0.0413646 0.0450493 0.0745869 0.0622846 0.0627006 0.0613931 0.0827291 0.12552 0.122667 0.0946155 0.0697135 0.0546179 0.0294188 0.0215738 0.0213955 0.0102223 0.00600262
 0 0 0 0 0.00359764 0.0251062 0.0480494 0.140153 0.205849 0.193036 0.1447 0.116669 0.0760912 0.0342217 0.00950174 0.001854 0.000860785 0 0 0 0.000165536 0 0.000143464 0 0 0
 0 0 0 0 0 0 0 0.000145254 0.000435761 0.0275982 0.070085 0.0708112 0.156366 0.174668 0.174014 0.160142 0.0824315 0.0480064 0.0283245 0.00493863 0.00203355 0 0 0 0 0
 0 0 0 0 0 0 0 0 0 0 0 0 0 0 0 0 0 0 0 0 0 0 0 0 0 0
 0 0 1.00437e-05 0.000401748 0.00122533 0.00171747 0.00176769 0.0269171 0.070346 0.194647 0.189555 0.159765 0.064822 0.0314167 0.0384472 0.0292271 0.0345202 0.0313363 0.0194345 0.0106764 0.0143323 0.0359363 0.0279516 0.0138201 0.00172751 0
 0 0.0021121 0.0136068 0.0755702 0.200478 0.177729 0.0527432 0.0373336 0.0318909 0.0142505 0.0149659 0.0166563 0.0217959 0.0798694 0.0677717 0.0528807 0.04013 0.0224614 0.0357745 0.0225083 0.00881397 0.00855152 0.00135912 0.000746735 0 0
 0 0 0 0 5.4009e-05 0.00500934 0.000945158 0.0243581 0.138947 0.33067 0.221406 0.137944 0.0707744 0.0437923 0.0131692 0.00525238 0.0047753 0.00276346 9.45158e-05 9.00151e-06 2.25038e-05 9.00151e-06 4.50075e-06 0 0 0
 0.000866109 0.00284123 0.00948549 0.0512746 0.133035 0.25785 0.225252 0.132002 0.0553304 0.0519788 0.0540692 0.017754 0.00435017 0.00159236 0.00146478 0.000404838 0.000125132 0.000115318 0.000107957 0.000100596 0 0 0 0 0 0
 0 0 0 0 0.00144013 0.00171154 0.00461396 0.0210425 0.0478622 0.0707936 0.0888783 0.103762 0.0637923 0.0337046 0.0602308 0.124433 0.169614 0.0934646 0.0462172 0.0250306 0.0313229 0.00938855 0.002487 0.000210481 0 0
 0 0.00764035 0.051015 0.0998891 0.058973 0.0496711 0.0374665 0.0718981 0.12319 0.153886 0.159021 0.0857701 0.0377988 0.023471 0.0147837 0.00900784 0.00315554 0.000888139 0.00291439 0.00214683 0.00393193 0.00274676 0.000635225 9.99891e-05 0 0
 0 0 0 0 0 0 0 0 0 0 0 0 0 0 0 0 0 0 0 0 0 0 0 0 0 0
 0 0 0 0 0 0 0 0 0 0 0 0 0 0 0 0 0 0 0 0 0 0 0 0 0 0
 0 0 0 0 0 0 0 0 0 0 0 0 0 0 0 0 0 0 0 0 0 0 0 0 0 0
 0 0 0 0 0 0 0 0 0 0 0 0 0 0 0 0 0 0 0 0 0 0 0 0 0 0
 0 0 0 0 0 0 0 0 0 0 0 0 0 0 0 0 0 0 0 0 0 0 0 0 0 0
 0 0 0 0 0 0 0 0 0 0 0 0 0 0 0 0 0 0 0 0 0 0 0 0 0 0
ppred_pel_tallas
 1.13025e-16 4.0686e-05 0.000395483 0.00262812 0.0119471 0.0371718 0.0791989 0.115595 0.115607 0.0792535 0.0373566 0.012488 0.00401284 0.00350715 0.00621001 0.0108776 0.0172347 0.0249311 0.0335126 0.0425727 0.0516447 0.059847 0.0657058 0.0675489 0.0643417 0.0563708
 1.23621e-16 3.85633e-05 0.000374849 0.00249101 0.0113238 0.0352326 0.0750677 0.109569 0.109594 0.0751923 0.0356515 0.0125352 0.00553799 0.00704736 0.0127759 0.0212418 0.0310544 0.0400987 0.0463371 0.0490655 0.0494136 0.0495375 0.0510881 0.0541321 0.0572238 0.0583755
 1.1893e-16 5.04815e-05 0.000490699 0.00326087 0.0148234 0.0461213 0.0982669 0.143427 0.143445 0.0983535 0.0464123 0.0156657 0.0053821 0.00514519 0.00896141 0.0149257 0.0219548 0.0286043 0.0334629 0.0359715 0.0367595 0.0371347 0.0381227 0.0398198 0.0414593 0.0419789
 1.07116e-16 6.45437e-05 0.000627387 0.00416921 0.0189526 0.0589688 0.12564 0.183377 0.18339 0.125703 0.0591802 0.019564 0.00570589 0.0039894 0.00647202 0.0106579 0.0154939 0.0198068 0.02246 0.0229694 0.0217947 0.0200007 0.0185563 0.0178207 0.0175235 0.0171124
 1.04671e-16 5.72052e-05 0.000556055 0.00369518 0.0167978 0.0522643 0.111355 0.162531 0.162554 0.111469 0.0526441 0.0178949 0.00644979 0.00657181 0.0114896 0.0189239 0.0273037 0.0344425 0.0381551 0.0374481 0.0331095 0.0271595 0.0216161 0.0175369 0.0148947 0.0130796
 1.03338e-16 6.44586e-05 0.00062656 0.00416371 0.0189276 0.058891 0.125474 0.183136 0.183151 0.125546 0.0591313 0.0196222 0.00590946 0.00444549 0.00734062 0.0120945 0.0175591 0.0223799 0.0252144 0.0254339 0.0234676 0.02045 0.0174745 0.0150547 0.0131131 0.0113293
 1.05632e-16 4.39354e-05 0.000427068 0.00283802 0.0129012 0.0401407 0.0855254 0.124834 0.124869 0.0856979 0.0407203 0.0145756 0.00704257 0.00961119 0.0175027 0.0289095 0.0417444 0.0527156 0.0584929 0.0575427 0.0510228 0.0419473 0.0333237 0.0267258 0.022134 0.0187111
 1.11329e-16 4.12565e-05 0.000401028 0.00266497 0.0121146 0.0376931 0.0803101 0.11722 0.117247 0.0804377 0.038122 0.0133564 0.00579354 0.00726831 0.0131939 0.0220361 0.032417 0.042186 0.0491425 0.0522323 0.0520514 0.0501742 0.047902 0.0455026 0.0424243 0.0380676
 1.14227e-16 4.82684e-05 0.000469186 0.00311791 0.0141736 0.0440994 0.0939591 0.13714 0.13716 0.0940578 0.0444314 0.0151345 0.00553786 0.00577819 0.0102093 0.0170104 0.0249992 0.0325142 0.0379087 0.0404846 0.0408747 0.0404687 0.0403492 0.0406061 0.0404714 0.0389955
 1.08626e-16 6.09236e-05 0.000592199 0.00393537 0.0178896 0.0556614 0.118593 0.173093 0.173108 0.118666 0.0559053 0.0185949 0.00570888 0.00447467 0.00746706 0.0123357 0.0179756 0.0230648 0.0263125 0.0271666 0.0261397 0.0244134 0.0230387 0.0223627 0.0220319 0.0214085
 1.03086e-16 6.88683e-05 0.000669425 0.00444856 0.0202225 0.0629199 0.134058 0.195664 0.195676 0.134115 0.0631125 0.0207792 0.00584668 0.00372417 0.00587828 0.00963023 0.0139173 0.0176132 0.0196226 0.0194522 0.0175001 0.0147713 0.012252 0.0104316 0.00925187 0.00837503
 1.02079e-16 6.35679e-05 0.000617902 0.00410618 0.0186661 0.0580773 0.12374 0.180607 0.180625 0.12383 0.0583794 0.0195388 0.00629693 0.00540053 0.0091472 0.0150231 0.0216387 0.0272187 0.0299976 0.0291606 0.025323 0.0201034 0.0151478 0.0113662 0.0088204 0.007104
 1.02759e-16 5.9581e-05 0.000579148 0.00384864 0.0174954 0.0544348 0.11598 0.16928 0.169301 0.116081 0.0547744 0.0184768 0.00631374 0.00596584 0.0103056 0.0169838 0.0245546 0.0310739 0.0345921 0.0341955 0.0305218 0.0252766 0.0201634 0.0160781 0.0130366 0.0106279
 1.04266e-16 5.56275e-05 0.000540719 0.00359327 0.0163345 0.0508228 0.108284 0.158049 0.158071 0.108396 0.0511972 0.0174168 0.00631292 0.00648709 0.0113763 0.0187913 0.0272325 0.0345987 0.0387759 0.0387773 0.0352935 0.030148 0.0251216 0.0210878 0.0179691 0.0152674
 1.039e-16 6.34218e-05 0.000616482 0.00409674 0.0186232 0.0579438 0.123456 0.180191 0.180206 0.12353 0.0581925 0.0193423 0.00590429 0.00457096 0.00759904 0.012529 0.0181991 0.0232166 0.0262014 0.026514 0.0246072 0.0216558 0.0187777 0.0164749 0.0146266 0.0128626
 1.00745e-16 7.77494e-05 0.000755752 0.00502224 0.0228304 0.0710337 0.151345 0.220893 0.220898 0.151365 0.0711024 0.0230287 0.00552038 0.00184398 0.00214679 0.00343211 0.00495099 0.00625675 0.00695189 0.00685558 0.00610503 0.00505592 0.00406167 0.00330485 0.00277919 0.0023825
 1.01695e-16 3.60158e-05 0.000350086 0.00232645 0.0105757 0.0329053 0.0701101 0.102338 0.10239 0.07036 0.0337442 0.0129976 0.00840169 0.0135988 0.0251575 0.0414281 0.0594279 0.0742109 0.0807608 0.0767647 0.0640187 0.0472745 0.0314887 0.0195882 0.0120221 0.00772372
 1.01607e-16 7.53975e-05 0.000732891 0.00487032 0.0221397 0.068885 0.146767 0.214211 0.214215 0.146785 0.0689451 0.0223142 0.00531111 0.00170484 0.00194962 0.00317739 0.00474055 0.00631524 0.00761306 0.00847965 0.00894323 0.00912045 0.00906934 0.0087321 0.00801109 0.00689169
 1.02173e-16 5.34235e-05 0.000519295 0.0034509 0.0156873 0.0488092 0.103994 0.151789 0.15182 0.104146 0.0493173 0.0171543 0.00713101 0.00854536 0.0152741 0.0251088 0.0360315 0.0450345 0.0490982 0.0468471 0.0393929 0.0296214 0.0205134 0.0137825 0.00961263 0.00726537
 1.04478e-16 5.48977e-05 0.000533625 0.00354613 0.0161202 0.050156 0.106863 0.155975 0.155996 0.106966 0.0505022 0.0171214 0.00606491 0.00605049 0.010586 0.0175529 0.0256024 0.0328624 0.0374333 0.0383915 0.0362594 0.0325023 0.0285031 0.0248673 0.0214775 0.0180116
 1.04278e-16 6.34393e-05 0.000616653 0.00409788 0.0186284 0.0579598 0.12349 0.180241 0.180255 0.123563 0.058204 0.0193344 0.00587256 0.00449915 0.00746179 0.0123011 0.0178697 0.0228036 0.0257561 0.0261132 0.0243356 0.021588 0.0189642 0.016931 0.0153238 0.0137268
 1.03093e-16 6.41384e-05 0.000623448 0.00414303 0.0188336 0.0585985 0.124851 0.182227 0.182244 0.124932 0.0588691 0.0196153 0.00610608 0.00491176 0.00821726 0.0135068 0.0195068 0.0246505 0.0273863 0.0270041 0.0240479 0.0199239 0.0160293 0.0130856 0.0110654 0.00955805
 1.07052e-16 3.07112e-05 0.000298524 0.0019838 0.00901808 0.0280588 0.0597841 0.0872665 0.0873137 0.0600149 0.0288342 0.0112584 0.00761017 0.0125906 0.023404 0.0387173 0.0559445 0.0707158 0.0785799 0.0774671 0.0688816 0.0567925 0.0451664 0.0360902 0.0295778 0.0246003
 1.06695e-16 6.40525e-05 0.000622613 0.00413748 0.0188084 0.05852 0.124683 0.181981 0.181989 0.124723 0.058655 0.0192003 0.00512895 0.00281254 0.00429824 0.00720126 0.0108285 0.0145848 0.0178884 0.0204476 0.0223512 0.0238301 0.0249103 0.0252916 0.0245537 0.0224889
 1.06029e-16 5.56143e-05 0.000540591 0.00359242 0.0163306 0.0508107 0.108259 0.158012 0.158036 0.108378 0.0512107 0.0174858 0.00649216 0.00687114 0.0120803 0.0198898 0.0286684 0.0361124 0.039931 0.0391143 0.0345561 0.028458 0.0229921 0.0192529 0.0171094 0.0157617
 1.09069e-16 4.01774e-05 0.000390539 0.00259527 0.0117977 0.0367073 0.0782101 0.114157 0.11419 0.0783739 0.037258 0.0133899 0.00659797 0.00914911 0.0167349 0.0277614 0.0403588 0.0515315 0.0582302 0.0590271 0.0548971 0.0484076 0.0420135 0.0368358 0.0326503 0.0286945
 1.06663e-16 6.35681e-05 0.000617905 0.00410619 0.0186662 0.0580774 0.12374 0.180605 0.180616 0.123794 0.0582562 0.019184 0.00541144 0.00348506 0.00556144 0.00923228 0.0136208 0.0178226 0.0209552 0.022616 0.0230748 0.0229743 0.0227955 0.0225408 0.0218454 0.0203375
 1.04807e-16 5.99122e-05 0.000582368 0.00387004 0.0175927 0.0547374 0.116625 0.170221 0.170242 0.116724 0.0550708 0.0185556 0.0062876 0.00586163 0.0100916 0.016604 0.0239526 0.0302137 0.0334788 0.0328951 0.029181 0.0241337 0.0195305 0.0162739 0.0142799 0.012936
 1.08899e-16 3.21774e-05 0.000312776 0.00207851 0.00944861 0.0293984 0.0626379 0.0914309 0.0914737 0.0628475 0.0301024 0.0114835 0.00719149 0.0114914 0.021312 0.0353121 0.0511694 0.0649851 0.0727846 0.0727146 0.0660881 0.0563628 0.046928 0.0394646 0.0338435 0.029106
 1.16496e-16 3.99381e-05 0.000388212 0.00257981 0.0117274 0.0364885 0.0777434 0.113473 0.113493 0.0778403 0.0368148 0.0126742 0.00497256 0.00566582 0.0102229 0.0172571 0.0258427 0.0345794 0.0420312 0.0475129 0.0513427 0.0542621 0.0565444 0.0576124 0.0564591 0.0524325
pSPR Fmed_Fpbrs
0.659709   0.210834 0.210834
Fs Fmed_Fpbrs
0.222976   1.005 1.005
SSBpbr Bo_Bmed_Bpbrs
2.00305e+06  1.22128e+06  322160 322160
Ro
182859
SPR SPRFo_SPRFmed_SPRFpbrs
1.30166e+06 858718 274435
Fref
1.005
log_Ro
11.9365
likeval ReclasPelacesDesembMPH_pf_preclas_ppelaces_ptallas_desvR_qrecl_qpela
 14.4328 16.7584 0.0723578 0.000809938 228.748 105.6 76.7139 0 22.8858 1.94815e-06 3.93699e-09 0.369734 0 0 0
q_reclas_q_pelaces
0.820546 1.00897
M
1
N
 203747 46010.1 157739 9145.04 0.296562
 116409 67799.7 14968.4 51241.5 2970.63
 116138 35683.3 19946.4 4391.85 15904
 200305 35774.1 10560.6 5887.83 5990.12
 160756 56480.6 9500.86 2793.74 3141.56
 270889 54103.2 18631.6 3130.02 1955.22
 113528 83667.7 16065.2 5518.2 1505.9
 52681.2 28524.4 19291.9 3683.57 1610.06
 49226.5 18247.4 9746.96 6586.33 1807.18
 65251.2 14325.8 5037.25 2681.43 2308.66
 119971 17699 3628.03 1269.99 1257.79
 155347 40955.5 5941.18 1216.51 847.54
 129911 40824.4 9977.6 1440.25 500.23
 90550.2 34892.3 10214.9 2485.02 483.176
 90926.1 19766.2 6771.89 1967.34 571.428
 482031 23418.4 4698.04 1601.14 600.094
 104180 131343 5963.8 1191.15 557.971
 748660 31563.6 38090.7 1724.63 505.74
 433407 226651 9145.29 11004.9 644.285
 353647 120686 59275.8 2381.98 3033.49
 493682 102051 32972.4 16137 1474
 657215 150800 29894.1 9632.35 5144
 141237 190378 41393.6 8176.93 4041.01
 411961 45141.7 58950.8 12791.1 3775.07
 349460 134005 14282.6 18618 5231.47
 156784 113499 42318.1 4502.1 7517
 352496 52159.4 36913.3 13742.9 3902.9
 389236 114904 16545.6 11688.5 5586.97
 111766 129407 37340.4 5368.84 5605.24
 86832.9 37164.2 42061.9 12118.9 3561.38
pred_Ctot
 12394.9 3397.89 11781.8 683.47 0.0221648
 12454.2 8741.86 1951.03 6682.83 387.436
 12117.7 4488.88 2536.66 558.85 2023.8
 30213.9 6456.98 1926.03 1074.4 1093.1
 8715.64 3721.17 633.126 186.284 209.482
 27864.5 6711.39 2336.53 392.751 245.346
 23464.2 20498.2 3974.6 1365.93 372.77
 1956.34 1290.6 883.02 168.706 73.7424
 6626.66 2947.13 1590.94 1075.65 295.15
 11106.3 2908.33 1033.1 550.235 473.756
 5496.59 986.68 204.588 71.6597 70.9736
 28826.4 9041.12 1324.75 271.398 189.087
 22738.2 8515.78 2102.47 303.652 105.468
 24274.6 10968.5 3240.4 788.687 153.353
 17742.6 4581.05 1585.1 460.74 133.829
 80969.2 4693.63 951.266 324.375 121.577
 11804.7 17917.6 822.395 164.351 76.9892
 85135.1 4321 5271.09 238.795 70.0275
 68118.6 42581.2 1735.96 2090.1 122.369
 49157.4 20112.5 9982.85 401.382 511.181
 53757.8 13388.2 4372.81 2141.32 195.6
 90051.6 24781 4964.52 1600.54 854.768
 11847.9 19317.4 4246.99 839.448 414.864
 30455.2 4042.96 5339.14 1159.17 342.119
 26143.4 12143.5 1308.83 1707.13 479.702
 9560.35 8401.45 3168.16 337.254 563.119
 25635 4596.32 3289.47 1225.4 348.018
 23882.8 8558.04 1246.34 881 421.119
 6847.28 9623.71 2808.52 404.055 421.859
 7538.16 3900.7 4463.86 1286.88 378.187
F
 0.100321 0.122917 0.124392 0.12447 0.124474
 0.182423 0.223511 0.226193 0.226335 0.226343
 0.177558 0.21755 0.22016 0.220299 0.220306
 0.265943 0.325842 0.329751 0.32996 0.329971
 0.0889925 0.109036 0.110345 0.110414 0.110418
 0.174856 0.214239 0.216809 0.216946 0.216953
 0.381289 0.467168 0.472772 0.473071 0.473087
 0.0602367 0.073804 0.0746894 0.0747366 0.0747391
 0.234372 0.287161 0.290606 0.290789 0.290799
 0.304734 0.37337 0.377849 0.378088 0.3781
 0.0747643 0.0916036 0.0927026 0.0927611 0.0927642
 0.33638 0.412144 0.417088 0.417352 0.417366
 0.314583 0.385437 0.390061 0.390308 0.390321
 0.521931 0.639487 0.647158 0.647567 0.647589
 0.356526 0.436827 0.442068 0.442347 0.442362
 0.300198 0.367812 0.372225 0.37246 0.372472
 0.194118 0.23784 0.240693 0.240845 0.240853
 0.194873 0.238765 0.24163 0.241782 0.24179
 0.278487 0.341211 0.345304 0.345523 0.345534
 0.242826 0.297519 0.301088 0.301278 0.301288
 0.185934 0.227812 0.230545 0.230691 0.230699
 0.239 0.29283 0.296343 0.29653 0.29654
 0.140633 0.172308 0.174375 0.174485 0.174491
 0.123051 0.150766 0.152575 0.152671 0.152676
 0.1246 0.152664 0.154496 0.154593 0.154598
 0.100567 0.123218 0.124696 0.124775 0.124779
 0.120944 0.148185 0.149963 0.150057 0.150062
 0.101221 0.12402 0.125508 0.125587 0.125591
 0.10106 0.123823 0.125308 0.125387 0.125391
 0.145846 0.178695 0.180839 0.180953 0.180959
nmprior
 8 8 7 0
nm_flota  nm_reclas  nm_pelaces    nm_pelaL
inf 11.8298 16.4557 28.8124
cv_recla  cv_pelaces  cv_mph
0.351724 0.481704 0.878277
 ------------------------------------------------
Talla a la edad & desviación 
 8 13.2811 15.8009 17.003 17.5766
 0.8 1.32811 1.58009 1.7003 1.75766
