years
 1991 1992 1993 1994 1995 1996 1997 1998 1999 2000 2001 2002 2003 2004 2005 2006 2007 2008 2009 2010 2011 2012 2013 2014 2015 2016 2017 2018 2019 2020
reclasobs
 0 0 0 0 0 0 0 0 0 252601 567819 844713 477998 351125 339783 2.1784e+06 2.13404e+06 4.81314e+06 1.55562e+06 2.62356e+06 3.21686e+06 3.843e+06 1.13348e+06 3.07943e+06 1.97215e+06 2.03268e+06 2.025e+06 2.42433e+06 2.27542e+06 1.05018e+06
reclaspred
 2.45726e+06 1.33291e+06 657261 464876 355972 950517 459815 341860 267885 226433 392894 559619 543853 388042 366708 1.29304e+06 1.12163e+06 2.895e+06 2.35778e+06 1.70229e+06 3.0489e+06 2.47549e+06 1.79895e+06 2.87542e+06 2.08605e+06 1.73767e+06 2.21634e+06 2.51102e+06 1.94916e+06 1.03842e+06
pelacesobs
 0 0 0 0 0 0 0 0 0 0 0 0 0 0 0 552880 188675 0 991730 2.46772e+06 1.41603e+06 1.21717e+06 2.29649e+06 1.80582e+06 0 1.4828e+06 1.56532e+06 1.57751e+06 1.42118e+06 867257
pelacespred
 1.09046e+06 642360 308737 170091 145038 412416 155033 168227 111875 91642.8 178471 215930 233110 169331 165040 505647 441661 1.34402e+06 1.1065e+06 739608 1.30853e+06 1.12737e+06 822493 1.45738e+06 1.01102e+06 840902 1.22996e+06 1.36735e+06 876853 536447
mphobs
 0 0 0 0 0 0 0 0 0 0 0 498337 0 5186 125008 0 168611 109162 213762 579715 649985 157893 87575 83554 0 0 0 0 0 0
mphpred
 2.12743e+06 1.37001e+06 653322 340226 226077 217498 484832 206727 169272 114135 96219.7 266826 300050 239458 139803 172484 844216 694854 1.6471e+06 1.20036e+06 1.2457e+06 1.57638e+06 1.49078e+06 1.1153e+06 1.62888e+06 1.28812e+06 994001 1.16143e+06 1.74031e+06 1.07481e+06
desembarqueobs
 494567 514787 250237 358949 120608 361735 552515 73892 212993 205616 52469 317467 293654 387597 252695 516296 358380 742168 942051 627588 828172 859565 418607 520667 417249 300574 407403 355545 319650 289779
desembarquepred
 494553 514509 250030 358972 120606 361663 552255 73891.7 212971 205591 52469.6 317453 293627 387459 252628 516163 358376 741979 941600 627284 828116 859376 418562 520643 417199 300539 407357 355496 319611 289757
Reclutas
 150018 96764.3 88162.5 77478 61256.4 225093 61602.3 21844.2 32913.3 55212.8 97008.2 133477 106481 72678.2 66764 453571 62543.4 707750 373504 286739 439195 575171 87446.9 346248 266224 108782 296786 340476 64479.4 43473.5
log_desv_Rt
 0.13851 -0.299966 -0.393063 -0.52225 -0.757177 0.544269 -0.751545 -1.78831 -1.37837 -0.86105 -0.297449 0.0216876 -0.204275 -0.586203 -0.671081 1.24491 -0.736383 1.68985 1.05069 0.786326 1.2127 1.48242 -0.401213 0.97491 0.712094 -0.182894 0.820765 0.9581 -0.705899 -1.10009
SSB
 2.12743e+06 1.37001e+06 653322 340226 226077 217498 484832 206727 169272 114135 96219.7 266826 300050 239458 139803 172484 844216 694854 1.6471e+06 1.20036e+06 1.2457e+06 1.57638e+06 1.49078e+06 1.1153e+06 1.62888e+06 1.28812e+06 994001 1.16143e+06 1.74031e+06 1.07481e+06
BT
 2.9391e+06 1.98935e+06 956004 693327 434440 1.26585e+06 840155 455013 465466 405767 455576 760284 802527 791664 634312 1.58073e+06 1.2994e+06 3.76061e+06 3.45206e+06 2.27625e+06 3.68806e+06 3.4062e+06 2.26237e+06 3.8482e+06 2.72334e+06 2.20892e+06 3.256e+06 3.51154e+06 2.28884e+06 1.53156e+06
Ftot
 0.204269 0.383404 0.384229 0.798843 0.370957 0.48297 1.13921 0.236888 0.88428 1.02356 0.174448 0.64724 0.605099 1.09321 0.832134 0.53204 0.329478 0.327028 0.438283 0.406759 0.313488 0.394402 0.238609 0.219173 0.217399 0.18409 0.221663 0.1734 0.163568 0.278733
BD_Bspro_t
 0.968013 0.78057 0.57576 0.455256 0.343148 0.394876 0.492137 0.255737 0.281 0.245579 0.264405 0.576578 0.472158 0.374939 0.253849 0.300603 0.560072 0.500522 0.641799 0.536702 0.501532 0.557438 0.574104 0.544277 0.663806 0.664589 0.66 0.717176 0.777644 0.686243
BD_Bspro
 2.28815 1.47351 0.702677 0.365929 0.243156 0.23393 0.521459 0.222344 0.18206 0.122757 0.103489 0.286984 0.322717 0.257548 0.150364 0.185515 0.907993 0.747347 1.77153 1.29105 1.3398 1.69547 1.6034 1.19956 1.75194 1.38543 1.06909 1.24917 1.87178 1.156
BD_Bo
 1.25087 0.805528 0.384136 0.200044 0.132927 0.127883 0.285068 0.12155 0.0995273 0.0671081 0.0565747 0.156887 0.176421 0.140795 0.0822002 0.101416 0.496376 0.408556 0.968453 0.705782 0.732436 0.926868 0.876538 0.655768 0.957741 0.757382 0.584446 0.682888 1.02326 0.631958
BD_Brms
 6.39797 4.12012 1.96478 1.02319 0.679898 0.654099 1.45807 0.621704 0.509063 0.343245 0.289369 0.802445 0.902361 0.720139 0.420438 0.518724 2.53887 2.08968 4.95345 3.60994 3.74627 4.74075 4.48333 3.35413 4.89866 3.87386 2.98933 3.49284 5.23376 3.23235
Sel_flota
 0.659635 0.973561 0.998573 0.999925 0.999996
 0.659635 0.973561 0.998573 0.999925 0.999996
 0.659635 0.973561 0.998573 0.999925 0.999996
 0.659635 0.973561 0.998573 0.999925 0.999996
 0.659635 0.973561 0.998573 0.999925 0.999996
 0.659635 0.973561 0.998573 0.999925 0.999996
 0.659635 0.973561 0.998573 0.999925 0.999996
 0.659635 0.973561 0.998573 0.999925 0.999996
 0.659635 0.973561 0.998573 0.999925 0.999996
 0.659635 0.973561 0.998573 0.999925 0.999996
 0.659635 0.973561 0.998573 0.999925 0.999996
 0.659635 0.973561 0.998573 0.999925 0.999996
 0.659635 0.973561 0.998573 0.999925 0.999996
 0.659635 0.973561 0.998573 0.999925 0.999996
 0.659635 0.973561 0.998573 0.999925 0.999996
 0.659635 0.973561 0.998573 0.999925 0.999996
 0.659635 0.973561 0.998573 0.999925 0.999996
 0.659635 0.973561 0.998573 0.999925 0.999996
 0.659635 0.973561 0.998573 0.999925 0.999996
 0.659635 0.973561 0.998573 0.999925 0.999996
 0.659635 0.973561 0.998573 0.999925 0.999996
 0.659635 0.973561 0.998573 0.999925 0.999996
 0.659635 0.973561 0.998573 0.999925 0.999996
 0.659635 0.973561 0.998573 0.999925 0.999996
 0.659635 0.973561 0.998573 0.999925 0.999996
 0.659635 0.973561 0.998573 0.999925 0.999996
 0.659635 0.973561 0.998573 0.999925 0.999996
 0.659635 0.973561 0.998573 0.999925 0.999996
 0.659635 0.973561 0.998573 0.999925 0.999996
 0.659635 0.973561 0.998573 0.999925 0.999996
Sel_reclas
 1 1 1 1 1
 1 1 1 1 1
 1 1 1 1 1
 1 1 1 1 1
 1 1 1 1 1
 1 1 1 1 1
 1 1 1 1 1
 1 1 1 1 1
 1 1 1 1 1
 1 1 1 1 1
 1 1 1 1 1
 1 1 1 1 1
 1 1 1 1 1
 1 1 1 1 1
 1 1 1 1 1
 1 1 1 1 1
 1 1 1 1 1
 1 1 1 1 1
 1 1 1 1 1
 1 1 1 1 1
 1 1 1 1 1
 1 1 1 1 1
 1 1 1 1 1
 1 1 1 1 1
 1 1 1 1 1
 1 1 1 1 1
 1 1 1 1 1
 1 1 1 1 1
 1 1 1 1 1
 1 1 1 1 1
Sel_pelaces
 1 1 1 1 1
 1 1 1 1 1
 1 1 1 1 1
 1 1 1 1 1
 1 1 1 1 1
 1 1 1 1 1
 1 1 1 1 1
 1 1 1 1 1
 1 1 1 1 1
 1 1 1 1 1
 1 1 1 1 1
 1 1 1 1 1
 1 1 1 1 1
 1 1 1 1 1
 1 1 1 1 1
 1 1 1 1 1
 1 1 1 1 1
 1 1 1 1 1
 1 1 1 1 1
 1 1 1 1 1
 1 1 1 1 1
 1 1 1 1 1
 1 1 1 1 1
 1 1 1 1 1
 1 1 1 1 1
 1 1 1 1 1
 1 1 1 1 1
 1 1 1 1 1
 1 1 1 1 1
 1 1 1 1 1
pf_obs 
 0.8446 0.082 0.0669 0.0065 0
 0.8095 0.147 0.0364 0.0071 0
 0.9664 0.0169 0.016 0.0007 0
 0.9276 0.0648 0.0075 0.0001 0
 0.7033 0.2144 0.0806 0.0017 0
 0.9318 0.0425 0.0243 0.0014 0
 0.5671 0.3108 0.0964 0.0239 0.0018
 0.0768 0.2599 0.5324 0.112 0.0189
 0.490249 0.384438 0.106611 0.0170017 0.00170017
 0.7925 0.1577 0.0466 0.003 0.0002
 0.840416 0.127587 0.0312969 0.00059994 9.999e-05
 0.8084 0.0986 0.0794 0.0134 0.0002
 0.7335 0.1905 0.0724 0.0035 0.0001
 0.4001 0.4547 0.1325 0.0127 0
 0.49795 0.308269 0.164784 0.0264974 0.00249975
 0.9179 0.0499 0.0305 0.0017 0
 0.2467 0.6533 0.0926 0.0074 0
 0.9418 0.0223 0.034 0.0019 0
 0.707729 0.231977 0.0356964 0.0245975 0
 0.517169 0.277429 0.184464 0.0207286 0.00020938
 0.811772 0.124168 0.05621 0.00726502 0.000585176
 0.764997 0.148141 0.077277 0.00933861 0.000247198
 0.163321 0.427699 0.378323 0.0303852 0.000271297
 0.753843 0.0900009 0.118128 0.0371064 0.000921714
 0.721811 0.176058 0.0630433 0.0369309 0.00215725
 0.143369 0.312575 0.442814 0.0836902 0.0175525
 0.692698 0.0596174 0.167031 0.0765114 0.00414204
 0.394062 0.376323 0.152708 0.0712218 0.00568511
 0.125707 0.32114 0.495352 0.0537591 0.00404204
 0.23352 0.215282 0.420074 0.123614 0.00750983
pf_pred 
 0.420219 0.179189 0.368043 0.0325479 8.80742e-07
 0.428318 0.300515 0.085402 0.170691 0.0150735
 0.550993 0.243159 0.109807 0.0302808 0.0657599
 0.601501 0.262985 0.074431 0.0326095 0.0284735
 0.650636 0.251962 0.0651041 0.0177562 0.0145423
 0.872195 0.0951454 0.0237527 0.00595649 0.0029502
 0.418445 0.532965 0.036471 0.00881808 0.0033008
 0.447634 0.313748 0.219465 0.0143847 0.00476864
 0.665439 0.185436 0.0857309 0.0583129 0.00508142
 0.828427 0.1335 0.0214751 0.00955046 0.00704741
 0.853496 0.131309 0.0119319 0.0018424 0.00142077
 0.733651 0.238992 0.0245884 0.00217493 0.000593933
 0.664805 0.274684 0.0544869 0.00541556 0.000608698
 0.617957 0.292367 0.0739358 0.0141756 0.00156444
 0.741061 0.193533 0.0505519 0.0122518 0.00260229
 0.950507 0.041148 0.00629686 0.00158394 0.000464475
 0.266901 0.710115 0.0192141 0.00284638 0.00092432
 0.906399 0.0335963 0.0581761 0.00152883 0.000299553
 0.544164 0.42764 0.0103109 0.0173407 0.000544131
 0.564359 0.284332 0.142227 0.00332469 0.00575727
 0.720312 0.187749 0.0606393 0.029424 0.00187571
 0.713409 0.229103 0.038963 0.0122249 0.00630025
 0.229501 0.613075 0.126614 0.0208929 0.0099173
 0.73197 0.0834043 0.147738 0.0296772 0.00721074
 0.575823 0.342318 0.0259612 0.0447425 0.011155
 0.37407 0.42066 0.166556 0.0122904 0.0264237
 0.734313 0.125841 0.0948177 0.0365463 0.00848216
 0.668959 0.267547 0.0305154 0.0223704 0.0106079
 0.230822 0.578024 0.155297 0.0172461 0.018611
 0.307542 0.214684 0.36142 0.0945537 0.0218
pobs_RECLAS
 0 0 0 0 0
 0 0 0 0 0
 0 0 0 0 0
 0 0 0 0 0
 0 0 0 0 0
 0 0 0 0 0
 0 0 0 0 0
 0 0 0 0 0
 0 0 0 0 0
 0 0 0 0 0
 0.991045 0.00858322 0.000360255 1.14367e-05 0
 0.934742 0.0480273 0.0164251 0.00080598 0
 0.827803 0.169806 0.00239088 0 0
 0.941827 0.0461693 0.0120037 0 0
 0.791401 0.0380133 0.147996 0.0225897 0
 0.846168 0.0940531 0.0597789 0 0
 0.134021 0.677848 0.182769 0.00536245 0
 0.80878 0.0450904 0.141981 0.00414843 0
 0.846168 0.0940531 0.0597789 0 0
 0.905697 0.0802665 0.012482 0.00150086 5.37128e-05
 0.989698 0.0102097 9.19794e-05 0 0
 0.975433 0.0193895 0.00387452 0.00125025 5.28907e-05
 0.303575 0.632131 0.0575291 0.00676475 0
 0.966965 0.00978017 0.0227588 0.000495775 0
 0.843318 0.132988 0.00938335 0.0141283 0.000182051
 0.564624 0.303363 0.111486 0.0197234 0.00080311
 0.826376 0.0876187 0.0782897 0.00655872 0.00115652
 0.89761 0.0855135 0.0140674 0.00269457 0.000114338
 0.34875 0.467042 0.161289 0.0227151 0.000203297
 0.318654 0.224769 0.449479 0.00709798 0
ppred_RECLAS
 0.522828 0.150137 0.300497 0.0265378 7.18057e-07
 0.531525 0.249461 0.0690438 0.137802 0.0121682
 0.650023 0.191883 0.0843906 0.0232392 0.0504639
 0.69926 0.200411 0.0551441 0.0241232 0.0210619
 0.737076 0.191033 0.0480751 0.0130934 0.0107226
 0.911633 0.0662401 0.0160993 0.00403146 0.0019966
 0.529178 0.432569 0.0287241 0.00693384 0.00259527
 0.549202 0.258936 0.176482 0.0115514 0.00382911
 0.755439 0.137318 0.0616932 0.0418986 0.00365078
 0.882568 0.0919783 0.0143673 0.00637942 0.00470706
 0.896538 0.0929795 0.00823384 0.00126964 0.000979017
 0.806937 0.17372 0.0173884 0.00153581 0.00041937
 0.750591 0.205388 0.0396441 0.00393456 0.000442203
 0.716723 0.218302 0.0535852 0.0102575 0.00113193
 0.815007 0.13926 0.0353584 0.00855653 0.00181726
 0.966699 0.0278124 0.00414277 0.00104059 0.000305119
 0.352137 0.628065 0.0165537 0.00244884 0.000795165
 0.936258 0.023266 0.0392445 0.00102987 0.000201775
 0.641799 0.33661 0.00790278 0.0132718 0.000416424
 0.661745 0.222802 0.108533 0.00253346 0.0043868
 0.794785 0.138959 0.0437206 0.0211849 0.00135039
 0.789161 0.169449 0.028065 0.00879318 0.00453131
 0.308047 0.553506 0.111382 0.0183539 0.00871148
 0.805101 0.0617471 0.106578 0.0213796 0.00519426
 0.669649 0.267969 0.019803 0.0340821 0.00849659
 0.472123 0.357784 0.138051 0.010173 0.0218697
 0.806336 0.0930015 0.0682814 0.0262819 0.0060994
 0.750794 0.202424 0.0225 0.0164718 0.00781023
 0.309331 0.52236 0.136773 0.0151682 0.0163675
 0.402402 0.18867 0.309446 0.0808438 0.0186377
pobs_PELACES
 0 0 0 0 0
 0 0 0 0 0
 0 0 0 0 0
 0 0 0 0 0
 0 0 0 0 0
 0 0 0 0 0
 0 0 0 0 0
 0 0 0 0 0
 0 0 0 0 0
 0 0 0 0 0
 0 0 0 0 0
 0 0 0 0 0
 0 0 0 0 0
 0 0 0 0 0
 0 0 0 0 0
 0 0 0 0 0
 0.505614 0.472636 0.0217494 0 0
 0 0 0 0 0
 0.443492 0.261883 0.143347 0.151278 0
 0.227955 0.32914 0.350689 0.0885471 0.00366901
 0.970185 0.0296113 0.000203453 0 0
 0.997202 0.00247181 0.000326279 0 0
 0.445219 0.490057 0.0546422 0.010081 0
 0.90214 0.0892962 0.00764917 0.000914606 0
 0 0 0 0 0
 0.581667 0.319106 0.0959925 0.00289975 0.000334073
 0.762889 0.0836404 0.116647 0.0363945 0.000428098
 0.88444 0.0763242 0.0277011 0.0115352 0
 0.521256 0.241999 0.230069 0.00667565 0
 0.616807 0.101726 0.260614 0.0208532 0
ppred_PELACES
 0.528394 0.148558 0.296836 0.0262121 7.09241e-07
 0.541782 0.244374 0.067422 0.134542 0.0118802
 0.659353 0.187042 0.082001 0.0225773 0.0490262
 0.716828 0.189128 0.0516977 0.0226075 0.0197381
 0.744617 0.185712 0.0465931 0.0126876 0.0103902
 0.915659 0.0632858 0.01532 0.0038355 0.00189953
 0.558637 0.405816 0.0266954 0.00644085 0.00241068
 0.555476 0.255545 0.173831 0.0113767 0.00377117
 0.77254 0.128134 0.0571485 0.0387968 0.00338043
 0.893298 0.0837303 0.0129689 0.00575587 0.00424687
 0.898216 0.0914851 0.00808985 0.00124734 0.000961818
 0.817248 0.16453 0.0163808 0.0014464 0.000394948
 0.762301 0.195918 0.0376278 0.00373344 0.000419593
 0.739544 0.201134 0.0489276 0.00936132 0.00103301
 0.827898 0.129779 0.0327255 0.00791644 0.00168129
 0.968451 0.0263687 0.0039105 0.000982017 0.000287941
 0.359982 0.620512 0.0163102 0.00241246 0.000783348
 0.938349 0.0225413 0.0379194 0.000994955 0.000194932
 0.65222 0.326891 0.00764689 0.0128396 0.000402857
 0.671365 0.216714 0.105213 0.00245553 0.00425182
 0.800167 0.13543 0.0425 0.0205906 0.0013125
 0.795985 0.164072 0.0270861 0.00848497 0.00437244
 0.313426 0.549422 0.110343 0.0181807 0.00862922
 0.808833 0.0606407 0.104479 0.0209565 0.00509144
 0.674689 0.263974 0.0194727 0.0335104 0.00835404
 0.477001 0.354652 0.136635 0.0100678 0.0216435
 0.810045 0.0913084 0.0669158 0.0257537 0.00597679
 0.754191 0.19972 0.0221677 0.0162273 0.00769425
 0.313034 0.519732 0.135902 0.0150704 0.0162619
 0.409751 0.186648 0.305425 0.0797834 0.0183932
pobs_pel_tallas
 0 0 0 0 0 0 0 0 0 0 0 0 0 0 0 0 0 0 0 0 0 0 0 0 0 0
 0 0 0 0 0 0 0 0 0 0 0 0 0 0 0 0 0 0 0 0 0 0 0 0 0 0
 0 0 0 0 0 0 0 0 0 0 0 0 0 0 0 0 0 0 0 0 0 0 0 0 0 0
 0 0 0 0 0 0 0 0 0 0 0 0 0 0 0 0 0 0 0 0 0 0 0 0 0 0
 0 0 0 0 0 0 0 0 0 0 0 0 0 0 0 0 0 0 0 0 0 0 0 0 0 0
 0 0 0 0 0 0 0 0 0 0 0 0 0 0 0 0 0 0 0 0 0 0 0 0 0 0
 0 0 0 0 0 0 0 0 0 0 0 0 0 0 0 0 0 0 0 0 0 0 0 0 0 0
 0 0 0 0 0 0 0 0 0 0 0 0 0 0 0 0 0 0 0 0 0 0 0 0 0 0
 0 0 0 0 0 0 0 0 0 0 0 0 0 0 0 0 0 0 0 0 0 0 0 0 0 0
 0 0 0 0 0 0 0 0 0 0 0 0 0 0 0 0 0 0 0 0 0 0 0 0 0 0
 0 0 0 0 0 0 0 0 0 0 0 0 0 0 0 0 0 0 0 0 0 0 0 0 0 0
 0 0 0 0 0 0 0 0 0 0 0 0 0 0 0 0 0 0 0 0 0 0 0 0 0 0
 0.00862536 0 0 0.000197151 0.00414017 0.0128641 0.00837892 0.0270097 0.101434 0.158115 0.152841 0.127902 0.109271 0.109419 0.0830992 0.0579132 0.0238553 0.00714673 0.00463305 0.00128148 0.00103504 0.000492878 0.000147863 0.000147863 4.92878e-05 0
 0 0 0 0 0 0 0 0 0 0 0 0 0 0 0 0 0 0 0 0 0 0 0 0 0 0
 0 0 0 0 0 0 0 0.0054083 0.00873648 0.0413646 0.0450493 0.0745869 0.0622846 0.0627006 0.0613931 0.0827291 0.12552 0.122667 0.0946155 0.0697135 0.0546179 0.0294188 0.0215738 0.0213955 0.0102223 0.00600262
 0 0 0 0 0.00359764 0.0251062 0.0480494 0.140153 0.205849 0.193036 0.1447 0.116669 0.0760912 0.0342217 0.00950174 0.001854 0.000860785 0 0 0 0.000165536 0 0.000143464 0 0 0
 0 0 0 0 0 0 0 0.000145254 0.000435761 0.0275982 0.070085 0.0708112 0.156366 0.174668 0.174014 0.160142 0.0824315 0.0480064 0.0283245 0.00493863 0.00203355 0 0 0 0 0
 0 0 0 0 0 0 0 0 0 0 0 0 0 0 0 0 0 0 0 0 0 0 0 0 0 0
 0 0 1.00437e-05 0.000401748 0.00122533 0.00171747 0.00176769 0.0269171 0.070346 0.194647 0.189555 0.159765 0.064822 0.0314167 0.0384472 0.0292271 0.0345202 0.0313363 0.0194345 0.0106764 0.0143323 0.0359363 0.0279516 0.0138201 0.00172751 0
 0 0.0021121 0.0136068 0.0755702 0.200478 0.177729 0.0527432 0.0373336 0.0318909 0.0142505 0.0149659 0.0166563 0.0217959 0.0798694 0.0677717 0.0528807 0.04013 0.0224614 0.0357745 0.0225083 0.00881397 0.00855152 0.00135912 0.000746735 0 0
 0 0 0 0 5.4009e-05 0.00500934 0.000945158 0.0243581 0.138947 0.33067 0.221406 0.137944 0.0707744 0.0437923 0.0131692 0.00525238 0.0047753 0.00276346 9.45158e-05 9.00151e-06 2.25038e-05 9.00151e-06 4.50075e-06 0 0 0
 0.000866109 0.00284123 0.00948549 0.0512746 0.133035 0.25785 0.225252 0.132002 0.0553304 0.0519788 0.0540692 0.017754 0.00435017 0.00159236 0.00146478 0.000404838 0.000125132 0.000115318 0.000107957 0.000100596 0 0 0 0 0 0
 0 0 0 0 0.00144013 0.00171154 0.00461396 0.0210425 0.0478622 0.0707936 0.0888783 0.103762 0.0637923 0.0337046 0.0602308 0.124433 0.169614 0.0934646 0.0462172 0.0250306 0.0313229 0.00938855 0.002487 0.000210481 0 0
 0 0.00764035 0.051015 0.0998891 0.058973 0.0496711 0.0374665 0.0718981 0.12319 0.153886 0.159021 0.0857701 0.0377988 0.023471 0.0147837 0.00900784 0.00315554 0.000888139 0.00291439 0.00214683 0.00393193 0.00274676 0.000635225 9.99891e-05 0 0
 0 0 0 0 0 0 0 0 0 0 0 0 0 0 0 0 0 0 0 0 0 0 0 0 0 0
 0 0 0 0 0 0 0 0 0 0 0 0 0 0 0 0 0 0 0 0 0 0 0 0 0 0
 0 0 0 0 0 0 0 0 0 0 0 0 0 0 0 0 0 0 0 0 0 0 0 0 0 0
 0 0 0 0 0 0 0 0 0 0 0 0 0 0 0 0 0 0 0 0 0 0 0 0 0 0
 0 0 0 0 0 0 0 0 0 0 0 0 0 0 0 0 0 0 0 0 0 0 0 0 0 0
 0 0 0 0 0 0 0 0 0 0 0 0 0 0 0 0 0 0 0 0 0 0 0 0 0 0
ppred_pel_tallas
 1.11233e-16 4.35231e-05 0.00042306 0.00281138 0.0127802 0.0397639 0.0847217 0.123657 0.123672 0.084794 0.0400078 0.0134903 0.00461474 0.00442854 0.00785177 0.0134353 0.0205672 0.0283945 0.0359846 0.0427634 0.0485902 0.053334 0.0564016 0.05678 0.0536475 0.0470423
 1.17512e-16 4.46259e-05 0.00043378 0.00288262 0.013104 0.0407715 0.0868689 0.126793 0.126816 0.0869845 0.04116 0.0142275 0.00570831 0.00662101 0.0118527 0.019682 0.0287394 0.0370167 0.0425536 0.0445954 0.0440795 0.0429354 0.0427313 0.0437202 0.0448924 0.0447855
 1.12976e-16 5.43101e-05 0.000527913 0.00350817 0.0159476 0.0496191 0.105719 0.154304 0.154323 0.105808 0.049917 0.0168094 0.00567646 0.00527856 0.00912813 0.0151422 0.0221376 0.0285522 0.0328463 0.0343651 0.0337222 0.0323096 0.0313306 0.0311215 0.0311777 0.0306734
 1.07148e-16 5.90442e-05 0.000573931 0.00381397 0.0173378 0.0539444 0.114935 0.167755 0.167773 0.115024 0.0542445 0.0182052 0.00599368 0.00534056 0.00913661 0.0150779 0.0218751 0.0278574 0.031371 0.0316835 0.029414 0.0260722 0.0230826 0.0210609 0.0197735 0.0185956
 1.04423e-16 6.13332e-05 0.00059618 0.00396183 0.0180099 0.0560356 0.11939 0.174258 0.174276 0.119478 0.05633 0.0188607 0.0060993 0.00526821 0.00895189 0.0147486 0.0213501 0.0270833 0.0302854 0.0301962 0.0273954 0.0233693 0.0195689 0.0167033 0.0146837 0.0130391
 1.01165e-16 7.54216e-05 0.000733125 0.00487188 0.0221468 0.0689071 0.146814 0.214281 0.214287 0.146844 0.0690074 0.0224367 0.00559994 0.00232424 0.00310242 0.00502317 0.00726078 0.00919814 0.0102608 0.0101849 0.00916416 0.00770498 0.00630677 0.00522218 0.00443674 0.00380703
 1.01929e-16 4.60143e-05 0.000447275 0.0029723 0.0135117 0.0420401 0.0895723 0.130742 0.130781 0.0897631 0.0426808 0.0153615 0.00761325 0.0105704 0.0192477 0.0316848 0.0454915 0.0568968 0.0620887 0.0593096 0.0499174 0.0374991 0.0257762 0.0169173 0.0112179 0.00785195
 1.06861e-16 4.57539e-05 0.000444744 0.00295548 0.0134352 0.041802 0.0890646 0.129998 0.130022 0.0891861 0.0422106 0.014618 0.00593466 0.0069821 0.0125601 0.0209486 0.0307682 0.0399266 0.0462701 0.0487241 0.0477921 0.0449476 0.041479 0.0377867 0.0335737 0.028524
 1.06145e-16 6.36331e-05 0.000618537 0.00411039 0.0186853 0.0581369 0.123867 0.18079 0.180803 0.123928 0.058341 0.0192759 0.00559667 0.00387548 0.00628609 0.0103898 0.0151952 0.0196119 0.0225775 0.0236243 0.0231332 0.0219991 0.0209814 0.0202694 0.0195339 0.0183062
 1.01692e-16 7.35798e-05 0.000715222 0.0047529 0.021606 0.0672243 0.143229 0.209048 0.209056 0.143268 0.0673568 0.0219887 0.00571372 0.00281339 0.00406051 0.00660228 0.00951843 0.012003 0.0132911 0.0130382 0.0115237 0.00945721 0.00754597 0.00615778 0.00527641 0.0046788
 1.00545e-16 7.39849e-05 0.000719159 0.00477907 0.0217249 0.0675944 0.144017 0.210199 0.210208 0.14406 0.0677389 0.0221422 0.00582604 0.00300339 0.00440825 0.00716036 0.0102834 0.0128803 0.0140912 0.0135204 0.0114698 0.00873835 0.00615195 0.00418711 0.00290388 0.0021175
 1.00727e-16 6.73157e-05 0.000654332 0.00434827 0.0197666 0.0615014 0.131036 0.191254 0.19127 0.131113 0.0617613 0.0205172 0.00623168 0.00476377 0.00786575 0.0128808 0.0185099 0.023193 0.0253868 0.0243752 0.0206922 0.0157631 0.0110629 0.00744661 0.00503195 0.00350759
 1.01582e-16 6.27897e-05 0.000610339 0.00405592 0.0184376 0.0573664 0.122226 0.178396 0.178415 0.122318 0.0576765 0.0193335 0.00630529 0.00552284 0.00939859 0.0154538 0.0222906 0.0281007 0.0310775 0.0303738 0.0265862 0.0213205 0.0162088 0.012152 0.00922784 0.00708336
 1.02578e-16 6.09153e-05 0.000592118 0.00393484 0.0178872 0.0556538 0.118577 0.173071 0.17309 0.118672 0.0559726 0.0188082 0.0062483 0.00564759 0.00967724 0.0159412 0.0230491 0.0291738 0.0324873 0.0321338 0.0287119 0.02382 0.0190514 0.0152386 0.0123887 0.0101114
 1.02057e-16 6.81929e-05 0.000662859 0.00440493 0.0200242 0.0623027 0.132743 0.193745 0.193758 0.132804 0.0625085 0.0206187 0.00589831 0.00392671 0.00627804 0.0103002 0.0148998 0.0188804 0.0210678 0.0209158 0.0188137 0.0157891 0.0128575 0.0105358 0.00880484 0.00739208
 1.00267e-16 7.977e-05 0.000775393 0.00515276 0.0234237 0.0728798 0.155278 0.226634 0.226636 0.155291 0.0729215 0.0235442 0.00545515 0.00143557 0.00133372 0.00207905 0.00298812 0.00375935 0.00414487 0.00403188 0.00350476 0.0027859 0.00210132 0.00157568 0.00121737 0.00097125
 1.01004e-16 2.96514e-05 0.000288222 0.00191534 0.0087069 0.0270907 0.0577218 0.0842592 0.0843189 0.0580134 0.0280695 0.0115324 0.00900198 0.0157393 0.0293177 0.0482732 0.0691888 0.086274 0.0936476 0.0885984 0.0732407 0.0531766 0.0342777 0.0200527 0.0110929 0.00617234
 1.01233e-16 7.72906e-05 0.000751292 0.0049926 0.0226956 0.0706146 0.150452 0.219589 0.219592 0.150463 0.0706513 0.0228025 0.00526343 0.00135097 0.00124092 0.00199338 0.00301287 0.00409692 0.00508403 0.00588052 0.00647735 0.00689061 0.00708491 0.00696401 0.00644321 0.00553594
 1.01661e-16 5.37226e-05 0.000522202 0.00347022 0.0157751 0.0490825 0.104577 0.152639 0.152671 0.10473 0.0495982 0.0172639 0.00720426 0.00866427 0.0154896 0.0254512 0.0364928 0.045547 0.0495333 0.0470478 0.0392254 0.029023 0.0195103 0.0124775 0.00815163 0.00579976
 1.04058e-16 5.52995e-05 0.000537531 0.00357208 0.0162382 0.0505231 0.107646 0.157116 0.157137 0.107748 0.0508682 0.0172363 0.00608292 0.00603656 0.010551 0.0174905 0.0255027 0.0327153 0.0372275 0.0381118 0.0358855 0.0320118 0.0278802 0.0241133 0.0206179 0.0170949
 1.03549e-16 6.59087e-05 0.000640656 0.00425739 0.0193535 0.0602159 0.128297 0.187256 0.187269 0.128361 0.0604309 0.0199751 0.00581988 0.00405858 0.00657787 0.010825 0.0157174 0.0200416 0.022607 0.0228694 0.0212347 0.018733 0.0163374 0.0144722 0.0130051 0.0115794
 1.02415e-16 6.55642e-05 0.000637308 0.00423513 0.0192523 0.0599012 0.127626 0.186278 0.186294 0.127704 0.0601608 0.0200023 0.00611801 0.00474897 0.00787834 0.0129314 0.0186475 0.0235052 0.0260011 0.0254458 0.0223681 0.0181429 0.0141521 0.0111344 0.00909998 0.0076704
 1.06609e-16 2.58166e-05 0.000250947 0.00166763 0.00758084 0.0235871 0.0502568 0.0733623 0.0734153 0.0505158 0.024457 0.010094 0.00797846 0.0140356 0.0262291 0.0433827 0.0626348 0.0790614 0.0876391 0.0860261 0.0759155 0.0618005 0.0482059 0.0375648 0.0299763 0.0243361
 1.05994e-16 6.66225e-05 0.000647594 0.00430349 0.0195631 0.0608679 0.129686 0.189281 0.189287 0.129715 0.0609671 0.0198514 0.0050349 0.00226935 0.00322036 0.00541143 0.00824043 0.011309 0.0142366 0.0168208 0.0190728 0.0210332 0.0225437 0.0232159 0.0226483 0.0207061
 1.05404e-16 5.55733e-05 0.000540192 0.00358977 0.0163186 0.0507733 0.108179 0.157896 0.157921 0.108303 0.0511904 0.017523 0.00661244 0.00713666 0.0125781 0.020694 0.0297826 0.0374201 0.0411942 0.0400394 0.0348989 0.0281098 0.0220038 0.0177966 0.01541 0.0140341
 1.08707e-16 3.92901e-05 0.000381913 0.00253795 0.0115372 0.0358966 0.0764828 0.111636 0.11167 0.0766505 0.0364603 0.013167 0.00663562 0.00934898 0.0171334 0.0284298 0.0413402 0.0528009 0.0596878 0.0605272 0.0562953 0.0495931 0.0429129 0.037403 0.0328637 0.0285682
 1.05549e-16 6.67224e-05 0.000648565 0.00430994 0.0195924 0.0609592 0.12988 0.189566 0.189575 0.129924 0.0611056 0.0200162 0.00537841 0.00299627 0.00457047 0.00756902 0.0111772 0.0146494 0.0172681 0.0187061 0.0191791 0.0191993 0.0191398 0.0189817 0.0184129 0.017128
 1.03621e-16 6.21218e-05 0.000603846 0.00401277 0.0182415 0.0567561 0.120926 0.176498 0.176518 0.12102 0.0570718 0.0191534 0.00630156 0.00559989 0.00954961 0.0156877 0.0225919 0.0284155 0.0313283 0.0305083 0.0266403 0.0214569 0.0166965 0.0132814 0.0111929 0.00988659
 1.08319e-16 2.57843e-05 0.000250633 0.00166555 0.00757137 0.0235576 0.0501938 0.0732698 0.07332 0.0504391 0.0243815 0.00995234 0.00764682 0.0133234 0.0248989 0.0412409 0.059683 0.0756291 0.0843829 0.0837455 0.075261 0.063036 0.0511478 0.0417006 0.0346688 0.0290078
 1.19976e-16 3.37506e-05 0.000328068 0.00218013 0.00991057 0.0308356 0.0656991 0.0958936 0.095912 0.0657894 0.0311403 0.0107968 0.00442716 0.00530804 0.00971144 0.0165783 0.0252316 0.034576 0.0434599 0.0512982 0.0581953 0.0643633 0.069382 0.0720585 0.0710662 0.0658249
pSPR Fmed_Fpbrs
0.53658   0.245511 0.245511
Fs Fmed_Fpbrs
0.382574   1.005 1.005
SSBpbr Bo_Bmed_Bpbrs
1.70076e+06  827553  332516 332516
Ro
130614
SPR SPRFo_SPRFmed_SPRFpbrs
929760 498890 228266
Fref
1.005
log_Ro
11.6
likeval ReclasPelacesDesembMPH_pf_preclas_ppelaces_ptallas_desvR_qrecl_qpela
 11.8302 23.1768 0.0110676 0.00231387 229.363 103.834 78.3176 0 33.368 0 0 0.0233424 0 0 0
q_reclas_q_pelaces
1 1
M
1
N
 150018 44483.2 89260.3 7883.95 0.213325
 96764.3 48231.5 13413.3 26777.9 2364.58
 88162.5 27643 12216 3364.86 7306.92
 77478 25171.9 6995.74 3061.99 2673.49
 61256.4 16828.1 4254.63 1159.05 949.196
 225093 17643.6 4314.15 1080.67 535.215
 61602.3 60215.5 4055.89 979.826 366.754
 21844.2 10689.2 7307.02 478.348 158.566
 32913.3 6873.52 3122.42 2121.84 184.89
 55212.8 6756.96 1069.06 475.015 350.503
 97008.2 10340 917.659 141.518 109.125
 133477 31808.2 3209.71 283.618 77.4466
 106481 32040.2 6231.37 618.699 69.5367
 72678.2 26280.4 6539.68 1252.77 138.251
 66764 12999.7 3335.17 807.545 171.514
 453571 14186 2127.17 534.5 156.728
 62543.4 117472 3108.95 460.018 149.375
 707750 18514 31356.8 823.063 161.258
 373504 209846 4953.75 8321.73 261.111
 286739 102907 50384.1 1176.43 2037.07
 439195 80661.3 25478.1 12348 787.112
 575171 131388 21868.8 6853.63 3531.87
 87446.9 163123 32923.4 5426.1 2575.46
 346248 27484.9 47570.1 9544.01 2318.78
 266224 110231 8168.28 14060.2 3505.2
 108782 84854.2 32816.5 2418.55 5199.4
 296786 35442.7 26094.2 10045.3 2331.29
 340476 94329.5 10507.8 7693.43 3647.92
 64479.4 111716 29311.4 3251 3508.06
 43473.5 21294.5 35048.1 9158.14 2111.34
pred_Ctot
 12086.5 5153.9 10585.8 936.153 0.0253322
 13952.6 9789.35 2781.99 5560.31 491.024
 12736.9 5620.91 2538.31 699.977 1520.12
 20930.2 9150.96 2589.94 1134.7 990.778
 8573.89 3320.28 857.924 233.986 191.634
 39836.2 4345.62 1084.87 272.053 134.746
 21844.3 27822.6 1903.91 460.334 172.313
 2023.17 1418.05 991.914 65.0144 21.5529
 9636.21 2685.29 1241.47 844.428 73.584
 18086 2914.54 468.838 208.503 153.857
 6728.45 1035.16 94.0637 14.5244 11.2005
 30350.1 9886.74 1017.19 89.9738 24.5702
 22879.5 9453.37 1875.19 186.379 20.9486
 25004.2 11830 2991.65 573.584 63.3014
 18632.7 4866.04 1271.04 308.051 65.43
 87312.3 3779.8 578.421 145.499 42.6661
 7860.74 20914.3 565.892 83.8314 27.223
 88349 3274.72 5670.58 149.019 29.1982
 60686.8 47691.7 1149.91 1933.89 60.6831
 43595.8 21964.2 10986.8 256.827 444.74
 52743.8 13747.6 4440.23 2154.53 137.347
 85067.5 27318.4 4645.99 1457.71 751.247
 8154.27 21782.9 4498.67 742.334 352.367
 29811.9 3396.91 6017.09 1208.7 293.681
 22747.1 13522.8 1025.56 1767.49 440.665
 7941.44 8930.56 3535.95 260.924 560.971
 25826.2 4425.89 3334.79 1285.35 298.322
 23480.1 9390.76 1071.07 785.189 372.33
 4205.66 10531.8 2829.56 314.23 339.099
 4685.07 3270.48 5505.84 1440.42 332.099
F
 0.134743 0.198869 0.203978 0.204254 0.204269
 0.252907 0.373267 0.382857 0.383375 0.383403
 0.253451 0.374071 0.383681 0.3842 0.384228
 0.526945 0.777723 0.797703 0.798783 0.79884
 0.244696 0.361149 0.370428 0.370929 0.370956
 0.318584 0.4702 0.48228 0.482933 0.482968
 0.751466 1.10909 1.13759 1.13913 1.13921
 0.15626 0.230625 0.23655 0.23687 0.236887
 0.583302 0.8609 0.883018 0.884214 0.884277
 0.67518 0.996503 1.0221 1.02349 1.02356
 0.115072 0.169836 0.174199 0.174435 0.174447
 0.426942 0.630128 0.646316 0.647191 0.647238
 0.399145 0.589101 0.604236 0.605054 0.605097
 0.721117 1.0643 1.09165 1.09312 1.0932
 0.548905 0.810133 0.830946 0.832071 0.832131
 0.350953 0.517974 0.531281 0.532 0.532038
 0.217335 0.320767 0.329008 0.329453 0.329477
 0.215719 0.318382 0.326561 0.327003 0.327027
 0.289107 0.426696 0.437658 0.43825 0.438282
 0.268313 0.396005 0.406179 0.406728 0.406757
 0.206787 0.305199 0.31304 0.313464 0.313486
 0.260161 0.383974 0.393839 0.394372 0.3944
 0.157395 0.2323 0.238269 0.238591 0.238608
 0.144574 0.213378 0.21886 0.219156 0.219172
 0.143404 0.211651 0.217088 0.217382 0.217398
 0.121432 0.179222 0.183827 0.184076 0.184089
 0.146216 0.215802 0.221346 0.221646 0.221662
 0.114381 0.168816 0.173153 0.173387 0.1734
 0.107895 0.159243 0.163334 0.163555 0.163567
 0.183862 0.271364 0.278335 0.278712 0.278732
nmprior
 8 8 7 0
nm_flota  nm_reclas  nm_pelaces    nm_pelaL
inf 13.8923 11.1869 18.1322
cv_recla  cv_pelaces  cv_mph
0.318437 0.566489 1.48448
 ------------------------------------------------
Talla a la edad & desviación 
 8 13.2811 15.8009 17.003 17.5766
 0.8 1.32811 1.58009 1.7003 1.75766
