years
 1991 1992 1993 1994 1995 1996 1997 1998 1999 2000 2001 2002 2003 2004 2005 2006 2007 2008 2009 2010 2011 2012 2013 2014 2015 2016 2017 2018 2019 2020
reclasobs
 0 0 0 0 0 0 0 0 0 252601 567819 844713 477998 351125 339783 2.1784e+06 2.13404e+06 4.81314e+06 1.55562e+06 2.62356e+06 3.21686e+06 3.843e+06 1.13348e+06 3.07943e+06 1.97215e+06 2.03268e+06 2.025e+06 2.42433e+06 2.27542e+06 1.05018e+06
reclaspred
 4.36283e+06 1.64065e+06 905647 642547 288310 2.66171e+06 1.21963e+06 663747 442605 240854 430178 772970 727165 516681 397258 1.66407e+06 876109 4.01363e+06 2.44107e+06 1.99799e+06 2.9585e+06 2.92842e+06 1.67954e+06 2.99219e+06 2.20806e+06 1.63947e+06 2.18495e+06 3.14711e+06 2.20658e+06 764496
pelacesobs
 0 0 0 0 0 0 0 0 0 0 0 0 0 0 0 552880 188675 0 991730 2.46772e+06 1.41603e+06 1.21717e+06 2.29649e+06 1.80582e+06 0 1.4828e+06 1.56532e+06 1.57751e+06 1.42118e+06 867257
pelacespred
 2.8851e+06 1.03987e+06 486403 258282 133165 1.70881e+06 597160 462939 233254 104183 262166 373082 390943 261894 200021 826251 399489 2.54516e+06 1.37078e+06 988644 1.63241e+06 1.58703e+06 939962 2.03919e+06 1.34189e+06 1.00741e+06 1.61008e+06 2.3272e+06 1.33142e+06 460052
mphobs
 0 0 0 0 0 0 0 0 0 0 0 498337 0 5186 125008 0 168611 109162 213762 579715 649985 157893 87575 83554 0 0 0 0 0 0
mphpred
 996532 474281 133432 102608 50713.1 29964.1 331692 115656 66898 29623.1 14854.9 58215.3 73488.1 52347.4 25966 27534.7 192479 84472 457027 200687 263596 276544 341067 188949 338794 279291 177985 230000 472022 222166
desembarqueobs
 494567 514787 250237 358949 120608 361735 552515 73892 212993 205616 52469 317467 293654 387597 252695 516296 358380 742168 942051 627588 828172 859565 418607 520667 417249 300574 407403 355545 319650 289779
desembarquepred
 494512 514593 249908 358781 120566 361598 552038 73881.3 212871 205486 52461.6 317270 293422 387080 252464 515899 358186 741666 940831 626808 827808 858778 418319 520446 416944 300395 407171 355331 319392 289484
Reclutas
 57246.2 44587.3 134658 58040.7 24951.8 278258 38491.1 11236.8 25807.6 39014.1 46448 110806 83384.4 66561.5 44711.6 272171 22865.6 473477 183652 238946 217399 424599 37369.5 176926 162102 45866.3 142101 196819 31079.8 16977
log_desv_Rt
 -0.314054 -0.563965 0.541322 -0.300271 -1.14447 1.26714 -0.710989 -1.94222 -1.11075 -0.697493 -0.523081 0.346364 0.062046 -0.163288 -0.561183 1.24501 -1.23178 1.79869 0.851626 1.11482 1.02032 1.68973 -0.74056 0.814317 0.726809 -0.535684 0.595126 0.92087 -0.924855 -1.52955
SSB
 1.48527e+06 706886 198872 152931 75584.7 44659.7 494366 172377 99707.4 44151.4 22140.3 86766.3 109529 78020.5 38700.6 41038.8 286878 125900 681171 299112 392873 412172 508340 281617 504952 416266 265276 342801 703519 331124
BT
 1.97214e+06 1.07875e+06 482683 407860 169312 1.281e+06 798841 317742 332191 249897 190385 468072 481283 547011 360897 873469 493879 2.10519e+06 1.63072e+06 1.05619e+06 1.59454e+06 1.62269e+06 857179 1.63669e+06 1.10384e+06 807519 1.32404e+06 1.64796e+06 974085 539645
Ftot
 0.321987 0.846841 0.851401 1.51915 1.18394 0.49377 1.18792 0.331796 1.4089 2.29352 0.434676 1.28611 1.23646 2.11343 1.91294 1.06974 1.10311 0.654941 1.11017 0.99876 0.877691 0.944333 0.706656 0.587249 0.588316 0.544777 0.62136 0.389448 0.412364 1.01089
BD_Bspro_t
 0.949982 0.643053 0.311711 0.2729 0.135416 0.108324 0.474867 0.215531 0.183254 0.111877 0.0785889 0.316417 0.246501 0.163511 0.0856961 0.0937734 0.298715 0.158137 0.416968 0.227218 0.23768 0.246356 0.300482 0.215055 0.361224 0.371613 0.326661 0.421597 0.57469 0.391027
BD_Bspro
 2.66247 1.26715 0.356494 0.274142 0.135492 0.0800562 0.886193 0.309001 0.178734 0.0791451 0.0396884 0.155536 0.196341 0.139858 0.0693742 0.0735655 0.514253 0.225687 1.22106 0.536183 0.704258 0.738853 0.911242 0.504822 0.905169 0.746191 0.47553 0.6145 1.26112 0.593569
BD_Bo
 1.10623 0.526491 0.14812 0.113904 0.0562957 0.0332626 0.368205 0.128387 0.0742623 0.0328841 0.0164902 0.0646238 0.0815778 0.0581099 0.0288244 0.0305658 0.213668 0.0937709 0.507338 0.222779 0.292613 0.306987 0.378613 0.209749 0.37609 0.310036 0.197578 0.255319 0.523983 0.246623
BD_Brms
 5.97495 2.84367 0.800022 0.615213 0.304062 0.179657 1.98874 0.693441 0.401103 0.177612 0.0890663 0.349044 0.440616 0.313861 0.155685 0.165091 1.15405 0.506472 2.74022 1.20327 1.58045 1.65809 2.04495 1.13289 2.03132 1.67456 1.06715 1.37902 2.83012 1.33205
Sel_flota
 0.70089 0.978032 0.998819 0.999938 0.999997
 0.70089 0.978032 0.998819 0.999938 0.999997
 0.70089 0.978032 0.998819 0.999938 0.999997
 0.70089 0.978032 0.998819 0.999938 0.999997
 0.70089 0.978032 0.998819 0.999938 0.999997
 0.70089 0.978032 0.998819 0.999938 0.999997
 0.70089 0.978032 0.998819 0.999938 0.999997
 0.70089 0.978032 0.998819 0.999938 0.999997
 0.70089 0.978032 0.998819 0.999938 0.999997
 0.70089 0.978032 0.998819 0.999938 0.999997
 0.70089 0.978032 0.998819 0.999938 0.999997
 0.70089 0.978032 0.998819 0.999938 0.999997
 0.70089 0.978032 0.998819 0.999938 0.999997
 0.70089 0.978032 0.998819 0.999938 0.999997
 0.70089 0.978032 0.998819 0.999938 0.999997
 0.70089 0.978032 0.998819 0.999938 0.999997
 0.70089 0.978032 0.998819 0.999938 0.999997
 0.70089 0.978032 0.998819 0.999938 0.999997
 0.70089 0.978032 0.998819 0.999938 0.999997
 0.70089 0.978032 0.998819 0.999938 0.999997
 0.70089 0.978032 0.998819 0.999938 0.999997
 0.70089 0.978032 0.998819 0.999938 0.999997
 0.70089 0.978032 0.998819 0.999938 0.999997
 0.70089 0.978032 0.998819 0.999938 0.999997
 0.70089 0.978032 0.998819 0.999938 0.999997
 0.70089 0.978032 0.998819 0.999938 0.999997
 0.70089 0.978032 0.998819 0.999938 0.999997
 0.70089 0.978032 0.998819 0.999938 0.999997
 0.70089 0.978032 0.998819 0.999938 0.999997
 0.70089 0.978032 0.998819 0.999938 0.999997
Sel_reclas
 0.946241 1 1 1 1
 0.946241 1 1 1 1
 0.946241 1 1 1 1
 0.946241 1 1 1 1
 0.946241 1 1 1 1
 0.946241 1 1 1 1
 0.946241 1 1 1 1
 0.946241 1 1 1 1
 0.946241 1 1 1 1
 0.946241 1 1 1 1
 0.946241 1 1 1 1
 0.946241 1 1 1 1
 0.946241 1 1 1 1
 0.946241 1 1 1 1
 0.946241 1 1 1 1
 0.946241 1 1 1 1
 0.946241 1 1 1 1
 0.946241 1 1 1 1
 0.946241 1 1 1 1
 0.946241 1 1 1 1
 0.946241 1 1 1 1
 0.946241 1 1 1 1
 0.946241 1 1 1 1
 0.946241 1 1 1 1
 0.946241 1 1 1 1
 0.946241 1 1 1 1
 0.946241 1 1 1 1
 0.946241 1 1 1 1
 0.946241 1 1 1 1
 0.946241 1 1 1 1
Sel_pelaces
 0.933918 1 1 1 1
 0.933918 1 1 1 1
 0.933918 1 1 1 1
 0.933918 1 1 1 1
 0.933918 1 1 1 1
 0.933918 1 1 1 1
 0.933918 1 1 1 1
 0.933918 1 1 1 1
 0.933918 1 1 1 1
 0.933918 1 1 1 1
 0.933918 1 1 1 1
 0.933918 1 1 1 1
 0.933918 1 1 1 1
 0.933918 1 1 1 1
 0.933918 1 1 1 1
 0.933918 1 1 1 1
 0.933918 1 1 1 1
 0.933918 1 1 1 1
 0.933918 1 1 1 1
 0.933918 1 1 1 1
 0.933918 1 1 1 1
 0.933918 1 1 1 1
 0.933918 1 1 1 1
 0.933918 1 1 1 1
 0.933918 1 1 1 1
 0.933918 1 1 1 1
 0.933918 1 1 1 1
 0.933918 1 1 1 1
 0.933918 1 1 1 1
 0.933918 1 1 1 1
pf_obs 
 0.8446 0.082 0.0669 0.0065 0
 0.8095 0.147 0.0364 0.0071 0
 0.9664 0.0169 0.016 0.0007 0
 0.9276 0.0648 0.0075 0.0001 0
 0.7033 0.2144 0.0806 0.0017 0
 0.9318 0.0425 0.0243 0.0014 0
 0.5671 0.3108 0.0964 0.0239 0.0018
 0.0768 0.2599 0.5324 0.112 0.0189
 0.490249 0.384438 0.106611 0.0170017 0.00170017
 0.7925 0.1577 0.0466 0.003 0.0002
 0.840416 0.127587 0.0312969 0.00059994 9.999e-05
 0.8084 0.0986 0.0794 0.0134 0.0002
 0.7335 0.1905 0.0724 0.0035 0.0001
 0.4001 0.4547 0.1325 0.0127 0
 0.49795 0.308269 0.164784 0.0264974 0.00249975
 0.9179 0.0499 0.0305 0.0017 0
 0.2467 0.6533 0.0926 0.0074 0
 0.9418 0.0223 0.034 0.0019 0
 0.707729 0.231977 0.0356964 0.0245975 0
 0.517169 0.277429 0.184464 0.0207286 0.00020938
 0.811772 0.124168 0.05621 0.00726502 0.000585176
 0.764997 0.148141 0.077277 0.00933861 0.000247198
 0.163321 0.427699 0.378323 0.0303852 0.000271297
 0.753843 0.0900009 0.118128 0.0371064 0.000921714
 0.721811 0.176058 0.0630433 0.0369309 0.00215725
 0.143369 0.312575 0.442814 0.0836902 0.0175525
 0.692698 0.0596174 0.167031 0.0765114 0.00414204
 0.394062 0.376323 0.152708 0.0712218 0.00568511
 0.125707 0.32114 0.495352 0.0537591 0.00404204
 0.23352 0.215282 0.420074 0.123614 0.00750983
pf_pred 
 0.300578 0.199811 0.443595 0.0560151 9.06608e-07
 0.445651 0.215195 0.0985911 0.213622 0.0269408
 0.868065 0.0747999 0.0226262 0.0100437 0.024465
 0.615257 0.351858 0.0189095 0.00554058 0.00843536
 0.669791 0.246347 0.0769715 0.00396596 0.0029244
 0.976075 0.0185878 0.00401869 0.00121057 0.000108151
 0.295628 0.693101 0.00880883 0.00185427 0.000607601
 0.36101 0.266211 0.367027 0.0044972 0.00125438
 0.745187 0.115989 0.0586685 0.0789211 0.00123511
 0.888777 0.0937756 0.00812331 0.00394546 0.0053788
 0.919812 0.0758311 0.00370503 0.000303752 0.000347598
 0.870388 0.122427 0.00680374 0.000323912 5.68632e-05
 0.789015 0.194425 0.0156754 0.000838319 4.68199e-05
 0.792045 0.180234 0.0256202 0.00198895 0.000112082
 0.857401 0.126779 0.0138052 0.00186236 0.000152297
 0.978915 0.0194672 0.00144581 0.000149959 2.18269e-05
 0.275596 0.7152 0.00852015 0.00061101 7.24611e-05
 0.973289 0.0104024 0.0161087 0.000185232 1.48307e-05
 0.566749 0.425805 0.00295086 0.00443928 5.50483e-05
 0.807185 0.132585 0.0592314 0.000396122 0.000602167
 0.773129 0.198352 0.0198169 0.00855823 0.000143971
 0.867377 0.112211 0.0179181 0.00173363 0.000759982
 0.246356 0.689129 0.0548614 0.00847607 0.00117748
 0.844432 0.0524494 0.0945278 0.00730668 0.00128366
 0.719161 0.250947 0.0102655 0.0179939 0.00163277
 0.412449 0.467631 0.10748 0.00427615 0.00816338
 0.82946 0.0879054 0.066133 0.0147917 0.00170938
 0.793413 0.182348 0.0126665 0.00926427 0.00230807
 0.264146 0.625009 0.0981311 0.00664793 0.00606545
 0.352573 0.224734 0.360399 0.0551574 0.00713593
pobs_RECLAS
 0 0 0 0 0
 0 0 0 0 0
 0 0 0 0 0
 0 0 0 0 0
 0 0 0 0 0
 0 0 0 0 0
 0 0 0 0 0
 0 0 0 0 0
 0 0 0 0 0
 0 0 0 0 0
 0.991045 0.00858322 0.000360255 1.14367e-05 0
 0.934742 0.0480273 0.0164251 0.00080598 0
 0.827803 0.169806 0.00239088 0 0
 0.941827 0.0461693 0.0120037 0 0
 0.791401 0.0380133 0.147996 0.0225897 0
 0.846168 0.0940531 0.0597789 0 0
 0.134021 0.677848 0.182769 0.00536245 0
 0.80878 0.0450904 0.141981 0.00414843 0
 0.846168 0.0940531 0.0597789 0 0
 0.905697 0.0802665 0.012482 0.00150086 5.37128e-05
 0.989698 0.0102097 9.19794e-05 0 0
 0.975433 0.0193895 0.00387452 0.00125025 5.28907e-05
 0.303575 0.632131 0.0575291 0.00676475 0
 0.966965 0.00978017 0.0227588 0.000495775 0
 0.843318 0.132988 0.00938335 0.0141283 0.000182051
 0.564624 0.303363 0.111486 0.0197234 0.00080311
 0.826376 0.0876187 0.0782897 0.00655872 0.00115652
 0.89761 0.0855135 0.0140674 0.00269457 0.000114338
 0.34875 0.467042 0.161289 0.0227151 0.000203297
 0.318654 0.224769 0.449479 0.00709798 0
ppred_RECLAS
 0.367761 0.183454 0.398519 0.050265 8.13491e-07
 0.526603 0.18653 0.0834662 0.180623 0.0227776
 0.900657 0.0569159 0.0168149 0.00745464 0.0181573
 0.694954 0.279624 0.014627 0.0042796 0.00651506
 0.739378 0.195674 0.0596191 0.00306776 0.00226193
 0.98214 0.0139454 0.00294863 0.000887174 7.92547e-05
 0.368555 0.621591 0.00770349 0.00161942 0.000530607
 0.432697 0.239355 0.322893 0.00395184 0.0011022
 0.807164 0.0890791 0.0438843 0.0589503 0.000922497
 0.923987 0.0644184 0.00540361 0.00262 0.00357149
 0.938902 0.0578481 0.0027647 0.000226394 0.000259057
 0.90391 0.0908914 0.004923 0.000234053 4.10852e-05
 0.839353 0.148331 0.0116587 0.000622662 3.4773e-05
 0.850675 0.129948 0.0179106 0.00138814 7.8218e-05
 0.898336 0.09068 0.00958732 0.00129131 0.00010559
 0.984662 0.0141876 0.00102809 0.000106494 1.54993e-05
 0.344817 0.64706 0.00751987 0.000538565 6.38652e-05
 0.980353 0.00775845 0.0117433 0.000134871 1.07978e-05
 0.644204 0.349833 0.00236499 0.00355319 4.40576e-05
 0.852892 0.10192 0.0444405 0.00029682 0.000451182
 0.823544 0.154738 0.0150972 0.0065117 0.000109536
 0.899955 0.0849592 0.0132446 0.00127981 0.000561003
 0.307192 0.634747 0.0493823 0.0076202 0.00105851
 0.881219 0.040651 0.0716285 0.00552999 0.000971466
 0.775612 0.200999 0.00803869 0.0140736 0.00127697
 0.486594 0.410488 0.0922541 0.00366598 0.0069981
 0.868964 0.0682937 0.0502257 0.0112202 0.00129657
 0.837231 0.144047 0.00978892 0.00715123 0.00178152
 0.32501 0.575211 0.0883468 0.00597808 0.00545395
 0.432169 0.200271 0.313452 0.0479101 0.0061979
pobs_PELACES
 0 0 0 0 0
 0 0 0 0 0
 0 0 0 0 0
 0 0 0 0 0
 0 0 0 0 0
 0 0 0 0 0
 0 0 0 0 0
 0 0 0 0 0
 0 0 0 0 0
 0 0 0 0 0
 0 0 0 0 0
 0 0 0 0 0
 0 0 0 0 0
 0 0 0 0 0
 0 0 0 0 0
 0 0 0 0 0
 0.505614 0.472636 0.0217494 0 0
 0 0 0 0 0
 0.443492 0.261883 0.143347 0.151278 0
 0.227955 0.32914 0.350689 0.0885471 0.00366901
 0.970185 0.0296113 0.000203453 0 0
 0.997202 0.00247181 0.000326279 0 0
 0.445219 0.490057 0.0546422 0.010081 0
 0.90214 0.0892962 0.00764917 0.000914606 0
 0 0 0 0 0
 0.581667 0.319106 0.0959925 0.00289975 0.000334073
 0.762889 0.0836404 0.116647 0.0363945 0.000428098
 0.88444 0.0763242 0.0277011 0.0115352 0
 0.521256 0.241999 0.230069 0.00667565 0
 0.616807 0.101726 0.260614 0.0208532 0
ppred_PELACES
 0.371937 0.18253 0.395637 0.0498955 8.07507e-07
 0.543516 0.180524 0.0803108 0.173741 0.0219093
 0.906521 0.0536943 0.0157707 0.00698954 0.0170242
 0.721134 0.255852 0.0132447 0.003873 0.0058959
 0.757667 0.182311 0.0550983 0.0028339 0.00208945
 0.982706 0.0135133 0.00284761 0.000856624 7.65248e-05
 0.391084 0.599491 0.0073693 0.00154848 0.000507354
 0.437257 0.237744 0.319991 0.00391584 0.00109215
 0.825315 0.0811272 0.0395824 0.0531439 0.000831612
 0.936843 0.0536546 0.00443046 0.00214634 0.00292568
 0.940421 0.0564183 0.00268833 0.000220105 0.000251859
 0.912651 0.0826631 0.004438 0.000210894 3.70191e-05
 0.852462 0.136315 0.0106238 0.000567131 3.16711e-05
 0.872357 0.111288 0.0151179 0.00117079 6.59681e-05
 0.912307 0.0783296 0.00817359 0.00110012 8.99532e-05
 0.985898 0.0130514 0.000938845 9.72106e-05 1.4148e-05
 0.364931 0.627255 0.00723475 0.000517934 6.14174e-05
 0.981284 0.00741083 0.0111668 0.000128219 1.02652e-05
 0.664233 0.330184 0.00221522 0.00332681 4.12497e-05
 0.862688 0.0953327 0.0412845 0.000275639 0.000418978
 0.833197 0.146383 0.0141962 0.00612113 0.000102964
 0.906444 0.0795271 0.0123177 0.00118984 0.000521552
 0.318353 0.624777 0.0483716 0.00746229 0.00103656
 0.885673 0.039231 0.0688484 0.0053142 0.000933548
 0.782689 0.194744 0.00775717 0.0135778 0.00123196
 0.495958 0.403304 0.0903017 0.00358768 0.00684854
 0.874089 0.0657579 0.0481551 0.0107552 0.00124281
 0.840317 0.141361 0.0095807 0.00699811 0.00174336
 0.330524 0.570752 0.0874143 0.00591409 0.00539553
 0.452855 0.193849 0.301304 0.0460363 0.00595537
pobs_pel_tallas
 0 0 0 0 0 0 0 0 0 0 0 0 0 0 0 0 0 0 0 0 0 0 0 0 0 0
 0 0 0 0 0 0 0 0 0 0 0 0 0 0 0 0 0 0 0 0 0 0 0 0 0 0
 0 0 0 0 0 0 0 0 0 0 0 0 0 0 0 0 0 0 0 0 0 0 0 0 0 0
 0 0 0 0 0 0 0 0 0 0 0 0 0 0 0 0 0 0 0 0 0 0 0 0 0 0
 0 0 0 0 0 0 0 0 0 0 0 0 0 0 0 0 0 0 0 0 0 0 0 0 0 0
 0 0 0 0 0 0 0 0 0 0 0 0 0 0 0 0 0 0 0 0 0 0 0 0 0 0
 0 0 0 0 0 0 0 0 0 0 0 0 0 0 0 0 0 0 0 0 0 0 0 0 0 0
 0 0 0 0 0 0 0 0 0 0 0 0 0 0 0 0 0 0 0 0 0 0 0 0 0 0
 0 0 0 0 0 0 0 0 0 0 0 0 0 0 0 0 0 0 0 0 0 0 0 0 0 0
 0 0 0 0 0 0 0 0 0 0 0 0 0 0 0 0 0 0 0 0 0 0 0 0 0 0
 0 0 0 0 0 0 0 0 0 0 0 0 0 0 0 0 0 0 0 0 0 0 0 0 0 0
 0 0 0 0 0 0 0 0 0 0 0 0 0 0 0 0 0 0 0 0 0 0 0 0 0 0
 0.00862536 0 0 0.000197151 0.00414017 0.0128641 0.00837892 0.0270097 0.101434 0.158115 0.152841 0.127902 0.109271 0.109419 0.0830992 0.0579132 0.0238553 0.00714673 0.00463305 0.00128148 0.00103504 0.000492878 0.000147863 0.000147863 4.92878e-05 0
 0 0 0 0 0 0 0 0 0 0 0 0 0 0 0 0 0 0 0 0 0 0 0 0 0 0
 0 0 0 0 0 0 0 0.0054083 0.00873648 0.0413646 0.0450493 0.0745869 0.0622846 0.0627006 0.0613931 0.0827291 0.12552 0.122667 0.0946155 0.0697135 0.0546179 0.0294188 0.0215738 0.0213955 0.0102223 0.00600262
 0 0 0 0 0.00359764 0.0251062 0.0480494 0.140153 0.205849 0.193036 0.1447 0.116669 0.0760912 0.0342217 0.00950174 0.001854 0.000860785 0 0 0 0.000165536 0 0.000143464 0 0 0
 0 0 0 0 0 0 0 0.000145254 0.000435761 0.0275982 0.070085 0.0708112 0.156366 0.174668 0.174014 0.160142 0.0824315 0.0480064 0.0283245 0.00493863 0.00203355 0 0 0 0 0
 0 0 0 0 0 0 0 0 0 0 0 0 0 0 0 0 0 0 0 0 0 0 0 0 0 0
 0 0 1.00437e-05 0.000401748 0.00122533 0.00171747 0.00176769 0.0269171 0.070346 0.194647 0.189555 0.159765 0.064822 0.0314167 0.0384472 0.0292271 0.0345202 0.0313363 0.0194345 0.0106764 0.0143323 0.0359363 0.0279516 0.0138201 0.00172751 0
 0 0.0021121 0.0136068 0.0755702 0.200478 0.177729 0.0527432 0.0373336 0.0318909 0.0142505 0.0149659 0.0166563 0.0217959 0.0798694 0.0677717 0.0528807 0.04013 0.0224614 0.0357745 0.0225083 0.00881397 0.00855152 0.00135912 0.000746735 0 0
 0 0 0 0 5.4009e-05 0.00500934 0.000945158 0.0243581 0.138947 0.33067 0.221406 0.137944 0.0707744 0.0437923 0.0131692 0.00525238 0.0047753 0.00276346 9.45158e-05 9.00151e-06 2.25038e-05 9.00151e-06 4.50075e-06 0 0 0
 0.000866109 0.00284123 0.00948549 0.0512746 0.133035 0.25785 0.225252 0.132002 0.0553304 0.0519788 0.0540692 0.017754 0.00435017 0.00159236 0.00146478 0.000404838 0.000125132 0.000115318 0.000107957 0.000100596 0 0 0 0 0 0
 0 0 0 0 0.00144013 0.00171154 0.00461396 0.0210425 0.0478622 0.0707936 0.0888783 0.103762 0.0637923 0.0337046 0.0602308 0.124433 0.169614 0.0934646 0.0462172 0.0250306 0.0313229 0.00938855 0.002487 0.000210481 0 0
 0 0.00764035 0.051015 0.0998891 0.058973 0.0496711 0.0374665 0.0718981 0.12319 0.153886 0.159021 0.0857701 0.0377988 0.023471 0.0147837 0.00900784 0.00315554 0.000888139 0.00291439 0.00214683 0.00393193 0.00274676 0.000635225 9.99891e-05 0 0
 0 0 0 0 0 0 0 0 0 0 0 0 0 0 0 0 0 0 0 0 0 0 0 0 0 0
 0 0 0 0 0 0 0 0 0 0 0 0 0 0 0 0 0 0 0 0 0 0 0 0 0 0
 0 0 0 0 0 0 0 0 0 0 0 0 0 0 0 0 0 0 0 0 0 0 0 0 0 0
 0 0 0 0 0 0 0 0 0 0 0 0 0 0 0 0 0 0 0 0 0 0 0 0 0 0
 0 0 0 0 0 0 0 0 0 0 0 0 0 0 0 0 0 0 0 0 0 0 0 0 0 0
 0 0 0 0 0 0 0 0 0 0 0 0 0 0 0 0 0 0 0 0 0 0 0 0 0 0
ppred_pel_tallas
 1.16468e-16 3.0636e-05 0.000297792 0.00197894 0.00899597 0.0279899 0.0596361 0.0870444 0.0870626 0.0597252 0.0282908 0.00987248 0.00420734 0.00525583 0.00972047 0.0167348 0.0257654 0.0358619 0.045958 0.0553881 0.0639356 0.0712853 0.0764589 0.0779337 0.0744852 0.0660846
 1.23496e-16 4.47687e-05 0.000435168 0.00289184 0.0131459 0.0409019 0.0871465 0.127196 0.127214 0.0872323 0.0411905 0.0139816 0.00499773 0.00506029 0.00891406 0.0148996 0.0220359 0.0289971 0.0345397 0.0382955 0.0410397 0.0440738 0.048164 0.0528688 0.0567166 0.0580162
 1.04051e-16 7.4669e-05 0.000725809 0.00482326 0.0219258 0.0682194 0.145349 0.212142 0.212147 0.145374 0.0683047 0.0221724 0.00544315 0.00208229 0.00266076 0.00430754 0.00626421 0.00802488 0.00913842 0.00942397 0.00908405 0.00856285 0.00825559 0.00829241 0.00852597 0.00867563
 1.01834e-16 5.93989e-05 0.000577379 0.00383689 0.0174419 0.0542685 0.115626 0.168764 0.168789 0.115746 0.0546723 0.0186079 0.00676177 0.00695665 0.0121578 0.0199612 0.0286463 0.0358094 0.0390469 0.03726 0.0313238 0.0235258 0.0162363 0.0108309 0.00747873 0.00561512
 1.02275e-16 6.24081e-05 0.000606629 0.00403126 0.0183256 0.0570177 0.121483 0.177311 0.177329 0.121569 0.0573069 0.0191615 0.00613159 0.00519854 0.00880332 0.0145067 0.0210107 0.0266668 0.0298247 0.0297001 0.0268041 0.022533 0.0182745 0.0147479 0.0119665 0.00962719
 1.00185e-16 8.09442e-05 0.000786806 0.0052286 0.0237685 0.0739526 0.157564 0.229969 0.229971 0.15757 0.073974 0.0238303 0.0053839 0.00112608 0.000726044 0.00107416 0.00154413 0.0019513 0.00216798 0.00213691 0.00189973 0.00156607 0.00124529 0.000994611 0.000813915 0.000674454
 1.00608e-16 3.22132e-05 0.000313124 0.00208082 0.00945915 0.0294312 0.0627085 0.091537 0.0915946 0.0629901 0.0303766 0.012188 0.00892431 0.0152319 0.0283051 0.0465839 0.0667292 0.0831273 0.0900819 0.0849706 0.0698541 0.0501863 0.0316972 0.0178309 0.00918821 0.00457778
 1.09873e-16 3.60163e-05 0.000350091 0.00232648 0.0105759 0.0329056 0.0701096 0.102332 0.102355 0.0702239 0.0332907 0.0116938 0.00515376 0.00659133 0.0120914 0.0204572 0.0306808 0.0410952 0.0499131 0.0561268 0.0598157 0.0615496 0.0614998 0.0591576 0.0538961 0.0457723
 1.06634e-16 6.79801e-05 0.000660791 0.00439119 0.0199617 0.0621083 0.132329 0.193139 0.193147 0.132367 0.0622379 0.0203368 0.00533601 0.00273427 0.00403881 0.00665816 0.00979996 0.012794 0.0150222 0.0162458 0.0167419 0.0170592 0.0175834 0.0182607 0.0186669 0.0183119
 1.00853e-16 7.71665e-05 0.000750086 0.00498459 0.0226592 0.0705012 0.150211 0.219238 0.219243 0.150236 0.070586 0.022904 0.00559877 0.00209023 0.0026206 0.00420583 0.00604135 0.0075779 0.00831525 0.00802955 0.00690682 0.00542165 0.00405675 0.00307837 0.00249662 0.00217126
 1.00157e-16 7.74613e-05 0.000752951 0.00500363 0.0227458 0.0707705 0.150784 0.220075 0.220081 0.150811 0.0708596 0.0230028 0.0056484 0.00215906 0.00274368 0.0044021 0.00630759 0.00787629 0.00857101 0.00814551 0.00678965 0.00500705 0.0033236 0.0020507 0.0012378 0.000773939
 1.00177e-16 7.51739e-05 0.000730717 0.00485587 0.0220741 0.0686807 0.146332 0.213577 0.213585 0.146371 0.0688112 0.0224507 0.00580073 0.00279134 0.00398274 0.00644963 0.00924666 0.0115494 0.012573 0.0119559 0.00997405 0.00736226 0.00488804 0.00300638 0.00179139 0.00108515
 1.00404e-16 7.02162e-05 0.000682526 0.00453563 0.0206183 0.0641513 0.136682 0.199494 0.199507 0.136746 0.0643666 0.0212398 0.00609494 0.00408403 0.00652289 0.010653 0.0152927 0.0191318 0.0208846 0.0199555 0.0167922 0.0125897 0.00859129 0.00552683 0.00350836 0.00227997
 1.00594e-16 7.18549e-05 0.000698455 0.00464148 0.0210995 0.0656485 0.139871 0.204149 0.204159 0.139924 0.0658244 0.0216077 0.00591687 0.00348224 0.0053575 0.00873975 0.012574 0.0157914 0.0173524 0.0167727 0.0144039 0.0111894 0.00809979 0.00568928 0.00402678 0.00290918
 1.00382e-16 7.51455e-05 0.000730441 0.00485404 0.0220658 0.0686548 0.146277 0.213497 0.213504 0.146313 0.0687786 0.0224231 0.00575086 0.00268736 0.00378912 0.00613841 0.008819 0.011055 0.01211 0.0116438 0.00991006 0.00758533 0.00536838 0.00366203 0.00251889 0.00178923
 1.00043e-16 8.12071e-05 0.000789362 0.00524559 0.0238457 0.0741928 0.158076 0.230716 0.230718 0.158082 0.0742134 0.0239052 0.00539486 0.00111497 0.000698845 0.00102481 0.00146365 0.0018303 0.00199716 0.00190708 0.0016032 0.00120034 0.000817965 0.000526132 0.00033538 0.000220654
 1.00432e-16 3.0059e-05 0.000292184 0.00194167 0.00882658 0.0274631 0.0585153 0.0854174 0.0854777 0.05881 0.0284522 0.0116817 0.00910181 0.0159011 0.02961 0.0487353 0.0698066 0.0869502 0.0942027 0.088817 0.0729471 0.0523012 0.0328806 0.0182989 0.00919784 0.00434202
 1.00339e-16 8.08271e-05 0.000785668 0.00522104 0.0237341 0.0738455 0.157336 0.229636 0.229637 0.157339 0.0738576 0.0237691 0.00530959 0.000981431 0.000459763 0.000650686 0.000972375 0.00131131 0.00160868 0.00183287 0.0019835 0.00207229 0.0020967 0.00203394 0.00186143 0.00158323
 1.0049e-16 5.4712e-05 0.000531821 0.00353414 0.0160657 0.0499865 0.106503 0.15545 0.155482 0.106658 0.0505071 0.0175685 0.00730292 0.00874749 0.0156237 0.0256531 0.0367397 0.0457616 0.0495808 0.0467573 0.038434 0.0276237 0.0174882 0.00992219 0.00524451 0.00277948
 1.01315e-16 7.10585e-05 0.000690714 0.00459004 0.0208657 0.0649208 0.138321 0.201886 0.201895 0.138366 0.0650725 0.0213041 0.00569262 0.00310416 0.00467354 0.00766272 0.0111441 0.0142451 0.0161154 0.0163416 0.0151579 0.0132305 0.0112058 0.00939574 0.00778787 0.00626061
 1.01079e-16 6.86294e-05 0.000667102 0.00443313 0.0201524 0.0627015 0.133593 0.194986 0.195 0.133662 0.0629328 0.0208202 0.00610911 0.00432424 0.00700966 0.011468 0.0164859 0.0206742 0.022667 0.0218369 0.0186673 0.0144278 0.0104211 0.00738421 0.00538794 0.00412119
 1.00584e-16 7.46626e-05 0.000725747 0.00482284 0.021924 0.0682136 0.145337 0.212125 0.212132 0.145374 0.0683394 0.0222873 0.00573484 0.00271678 0.00385633 0.00625786 0.00900877 0.0113304 0.0124819 0.0121194 0.0104921 0.00826757 0.00612841 0.00445842 0.00329712 0.00249527
 1.0248e-16 2.62224e-05 0.000254892 0.00169385 0.00770002 0.0239579 0.0510472 0.0745174 0.0745776 0.051341 0.0249445 0.0105487 0.00884106 0.0158462 0.0296043 0.0488142 0.0701125 0.0877365 0.0958214 0.0916508 0.0772876 0.0582123 0.0401131 0.0263075 0.0172675 0.0117757
 1.02688e-16 7.29517e-05 0.000709117 0.00471233 0.0214216 0.0666505 0.142006 0.207263 0.207267 0.142025 0.0667146 0.021608 0.00518506 0.00175684 0.00210885 0.00349084 0.00530042 0.00724492 0.00905884 0.0105885 0.0118187 0.0127646 0.0133364 0.0133286 0.0125552 0.011013
 1.01844e-16 6.44691e-05 0.000626663 0.0041644 0.0189308 0.0589007 0.125495 0.183167 0.183186 0.125586 0.0592081 0.0198182 0.00639068 0.00548239 0.00927402 0.0151981 0.0218148 0.0272854 0.0297902 0.0285077 0.0241188 0.018371 0.0130569 0.00918848 0.00684145 0.00553236
 1.04228e-16 4.08515e-05 0.000397091 0.00263881 0.0119957 0.0373232 0.0795224 0.116073 0.116112 0.0797126 0.037962 0.0138412 0.00727373 0.0105226 0.0192926 0.0318853 0.046055 0.058174 0.0645499 0.0634451 0.0560655 0.0456631 0.0355226 0.027428 0.0214977 0.0170051
 1.02696e-16 7.19976e-05 0.000699842 0.0046507 0.0211414 0.0657788 0.140149 0.204553 0.204559 0.14018 0.0658841 0.0214464 0.00541927 0.00238783 0.00330768 0.00543252 0.00800169 0.0104455 0.012226 0.0130841 0.0131548 0.0128011 0.0123118 0.0117259 0.0108973 0.00969065
 1.0131e-16 6.92158e-05 0.000672803 0.00447101 0.0203246 0.0632374 0.134734 0.196652 0.196665 0.134801 0.0634606 0.0209691 0.00608821 0.00420084 0.00676285 0.0110534 0.0158762 0.0198828 0.021753 0.0208865 0.0177658 0.0136407 0.00979375 0.00694954 0.00516867 0.00412079
 1.04175e-16 2.72249e-05 0.000264636 0.0017586 0.00799438 0.0248738 0.0529983 0.0773641 0.0774191 0.0532671 0.0257765 0.0106016 0.00830335 0.0145524 0.0271637 0.0448665 0.0646321 0.0812751 0.0895068 0.0868573 0.0751187 0.0590886 0.04368 0.0316623 0.0233307 0.0176172
 1.1437e-16 3.73011e-05 0.00036258 0.00240947 0.0109531 0.0340793 0.0726103 0.105981 0.106 0.072704 0.034395 0.0118705 0.0047334 0.00550576 0.0100105 0.0170265 0.0257745 0.0350237 0.043464 0.0503786 0.0558205 0.060063 0.0628696 0.0633377 0.060494 0.0540957
pSPR Fmed_Fpbrs
0.283446   0.235145 0.235145
Fs Fmed_Fpbrs
0.847529   1.005 1.005
SSBpbr Bo_Bmed_Bpbrs
1.34264e+06  313433  248583 248583
Ro
78367.9
SPR SPRFo_SPRFmed_SPRFpbrs
557854 158121 131177
Fref
1.005
log_Ro
11.0892
likeval ReclasPelacesDesembMPH_pf_preclas_ppelaces_ptallas_desvR_qrecl_qpela
 11.573 18.2034 0.0851699 0.000892703 250.914 103.175 84.5232 0 40.3376 5.82362e-05 0.000107617 0.021436 0 0 0
q_reclas_q_pelaces
2.94875 4.37491
M
1
N
 57246.2 28254.4 61583.2 7768.85 0.125733
 44587.3 16805.1 7586.24 16424.6 2071.29
 134658 9060.35 2700.52 1197.81 2917.59
 58040.7 27275.8 1449.49 424.454 646.198
 24951.8 7362.41 2271 116.934 86.221
 278258 4003.35 850.827 256.065 22.8756
 38491.1 72419.2 908.654 191.143 62.6307
 11236.8 6158.45 8336.53 102.048 28.4623
 25807.6 3276.06 1637.74 2201.73 34.4557
 39014.1 3536.66 303.822 147.501 201.081
 46448 2876.06 138.076 11.3094 12.9413
 110806 12599.7 691.628 32.9055 5.7764
 83384.4 16549.5 1317.61 70.4186 3.93272
 66561.5 12894.9 1816.76 140.973 7.94395
 44711.6 5566.94 600.394 80.9535 6.61991
 272171 4303.7 315.351 32.6848 4.75717
 22865.6 47307.1 556.123 39.8535 4.72615
 473477 3882.47 5916.7 67.9776 5.44243
 183652 110064 752.706 1131.58 14.0314
 238946 31029.3 13671 91.3605 138.877
 217399 43650.6 4297.84 1854.65 31.1987
 424599 43231.6 6806.01 658.006 288.443
 37369.5 80581.7 6315.35 974.908 135.426
 176926 8377.65 14852.1 1147.01 201.502
 162102 43126.4 1735.37 3039.17 275.763
 45866.3 39483.4 8923.99 354.728 677.162
 142101 11517.9 8525.57 1905.24 220.166
 196819 33819.4 2307.56 1686.14 420.058
 31079.8 55109.6 8500.66 575.339 524.902
 16977 8563.75 13545 2071.49 267.986
pred_Ctot
 7446.19 4949.9 10989.1 1387.66 0.0224593
 13232.6 6389.74 2927.45 6343.05 799.947
 40131.2 3458.04 1046.02 464.325 1131.03
 26133.8 14945.6 803.207 235.343 358.303
 9500.03 3494.08 1091.73 56.2515 41.4785
 52921.5 1007.81 217.888 65.6353 5.86382
 14689.6 34439.8 437.706 92.1377 30.1913
 1502 1107.58 1527.03 18.7108 5.21889
 11065.4 1722.33 871.175 1171.91 18.3402
 22278.8 2350.65 203.625 98.9 134.829
 7904.14 651.633 31.8381 2.6102 2.98698
 44684.7 6285.28 349.297 16.6293 2.91929
 32726.4 8064.26 650.177 34.7714 1.94197
 36412.7 8285.9 1177.84 91.4382 5.15275
 23145.1 3422.35 372.666 50.2735 4.11119
 96353.2 1916.13 142.309 14.7602 2.14839
 8277.31 21480.4 255.896 18.3512 2.17631
 114336 1222.02 1892.35 21.76 1.74222
 66788.3 50178.8 347.742 523.144 6.48713
 80417.1 13209 5901.03 39.4643 59.9919
 66334.9 17018.7 1700.3 734.301 12.3528
 137012 17724.9 2830.36 273.845 120.047
 9603.04 26862.4 2138.51 330.399 45.8983
 39013.6 2423.22 4367.28 337.576 59.3065
 35799.3 12492 511.011 895.722 81.2782
 9491.2 10761 2473.32 98.402 187.854
 32850.7 3481.48 2619.19 585.825 67.7
 30386.6 6983.7 485.111 354.809 88.3959
 5048.51 11945.5 1875.54 127.059 115.926
 5765.13 3674.77 5893.1 901.912 116.684
F
 0.225677 0.314914 0.321607 0.321967 0.321986
 0.593542 0.828238 0.845841 0.846788 0.846838
 0.596738 0.832698 0.850396 0.851348 0.851399
 1.06476 1.48578 1.51736 1.51906 1.51915
 0.829813 1.15793 1.18254 1.18387 1.18394
 0.346078 0.482923 0.493187 0.49374 0.493769
 0.832601 1.16182 1.18652 1.18785 1.18792
 0.232552 0.324507 0.331404 0.331775 0.331795
 0.987486 1.37795 1.40724 1.40882 1.4089
 1.6075 2.24313 2.29081 2.29337 2.29351
 0.30466 0.425127 0.434163 0.434649 0.434674
 0.90142 1.25786 1.28459 1.28603 1.2861
 0.866625 1.2093 1.235 1.23639 1.23646
 1.48128 2.067 2.11094 2.1133 2.11342
 1.34076 1.87091 1.91068 1.91282 1.91293
 0.749769 1.04624 1.06848 1.06967 1.06974
 0.773161 1.07888 1.10181 1.10305 1.10311
 0.459041 0.640553 0.654167 0.6549 0.654938
 0.778108 1.08578 1.10886 1.1101 1.11017
 0.700021 0.97682 0.997581 0.998698 0.998757
 0.615164 0.85841 0.876655 0.877636 0.877688
 0.661873 0.923589 0.943218 0.944275 0.94433
 0.495288 0.691133 0.705822 0.706612 0.706654
 0.411597 0.574349 0.586556 0.587213 0.587247
 0.412344 0.575392 0.587621 0.588279 0.588314
 0.381829 0.53281 0.544134 0.544744 0.544776
 0.435505 0.607711 0.620627 0.621322 0.621358
 0.27296 0.380893 0.388988 0.389424 0.389446
 0.289022 0.403305 0.411877 0.412338 0.412363
 0.708525 0.988686 1.0097 1.01083 1.01089
nmprior
 8 8 7 0
nm_flota  nm_reclas  nm_pelaces    nm_pelaL
inf 23.1643 10.2839 16.3904
cv_recla  cv_pelaces  cv_mph
0.314956 0.502042 0.922059
 ------------------------------------------------
Talla a la edad & desviación 
 8 13.2811 15.8009 17.003 17.5766
 0.8 1.32811 1.58009 1.7003 1.75766
