years
 1991 1992 1993 1994 1995 1996 1997 1998 1999 2000 2001 2002 2003 2004 2005 2006 2007 2008 2009 2010 2011 2012 2013 2014 2015 2016 2017 2018 2019 2020
reclasobs
 0 0 0 0 0 0 0 0 0 252601 567819 844713 477998 351125 339783 2.1784e+06 2.13404e+06 4.81314e+06 1.55562e+06 2.62356e+06 3.21686e+06 3.843e+06 1.13348e+06 3.07943e+06 1.97215e+06 2.03268e+06 2.025e+06 2.42433e+06 2.27542e+06 1.05018e+06
reclaspred
 1.99028e+06 1.0773e+06 506216 239908 78973.3 947063 390764 194350 111222 182086 340460 510080 485574 330105 284468 1.22587e+06 939918 2.94759e+06 2.31458e+06 1.45967e+06 2.72466e+06 2.31654e+06 1.52585e+06 2.62816e+06 1.8408e+06 1.37715e+06 1.89856e+06 2.33427e+06 1.73843e+06 779423
pelacesobs
 0 0 0 0 0 0 0 0 0 0 0 0 0 0 0 552880 188675 0 991730 2.46772e+06 1.41603e+06 1.21717e+06 2.29649e+06 1.80582e+06 0 1.4828e+06 1.56532e+06 1.57751e+06 1.42118e+06 867257
pelacespred
 906471 505733 224713 72879.4 23879.7 415597 126933 90573.5 35326.4 70118.6 151551 193348 204077 138550 121310 473264 364840 1.38014e+06 1.07701e+06 636446 1.17436e+06 1.03193e+06 683432 1.32832e+06 885674 659133 1.04858e+06 1.25717e+06 777084 405755
mphobs
 0 0 0 0 0 0 0 0 0 0 0 498337 0 5186 125008 0 168611 109162 213762 579715 649985 157893 87575 83554 0 0 0 0 0 0
mphpred
 1.94362e+06 1.03931e+06 507169 235760 74697.8 30731.4 486960 154301 75013.6 31225.8 74546.3 228082 266199 202137 107292 122389 792156 552860 1.70526e+06 1.159e+06 1.02543e+06 1.40106e+06 1.38546e+06 924793 1.47722e+06 1.10938e+06 759494 986058 1.61648e+06 920223
desembarqueobs
 494567 514787 250237 358949 120608 361735 552515 73892 212993 205616 52469 317467 293654 387597 252695 516296 358380 742168 942051 627588 828172 859565 418607 520667 417249 300574 407403 355545 319650 289779
desembarquepred
 494524 514958 249578 358819 120560 361585 551988 73878.7 212832 205511 52465.8 317347 293524 387243 252541 516062 358332 741879 941327 627052 827948 859141 418489 520571 417126 300482 407291 355451 319568 289702
Reclutas
 66627.5 125063 71173 38099.4 18522.3 281540 30509.7 9026.24 22532.1 69054 86477.8 131182 98941.9 67819 57206.3 448486 33402.8 771668 332553 218261 430831 566774 47586 336458 226778 73820.3 276951 332764 35956.6 20038.7
log_desv_Rt
 -0.398687 0.231011 -0.332691 -0.957605 -1.67883 1.04247 -1.17976 -2.39767 -1.48287 -0.362915 -0.137917 0.278783 -0.0032718 -0.380962 -0.55114 1.50807 -1.08916 2.05075 1.209 0.787889 1.46791 1.74216 -0.735267 1.22067 0.826169 -0.296171 1.02604 1.20963 -1.01549 -1.60014
SSB
 1.94362e+06 1.03931e+06 507169 235760 74697.8 30731.4 486960 154301 75013.6 31225.8 74546.3 228082 266199 202137 107292 122389 792156 552860 1.70526e+06 1.159e+06 1.02543e+06 1.40106e+06 1.38546e+06 924793 1.47722e+06 1.10938e+06 759494 986058 1.61648e+06 920223
BT
 2.53136e+06 1.68211e+06 758151 463571 157054 1.27821e+06 775791 276793 283609 356880 393116 707244 734424 719226 533221 1.50335e+06 1.12373e+06 3.84962e+06 3.37718e+06 2.05454e+06 3.38664e+06 3.17817e+06 1.94046e+06 3.5525e+06 2.43762e+06 1.79309e+06 2.84194e+06 3.25659e+06 2.05962e+06 1.24201e+06
Ftot
 0.245147 0.493913 0.501917 1.4047 1.4838 0.569275 1.27703 0.397457 2.0267 1.47903 0.214705 0.745251 0.700548 1.32471 1.11687 0.607796 0.384907 0.349128 0.451792 0.472592 0.369673 0.439755 0.276293 0.253962 0.250213 0.231255 0.275238 0.197756 0.182301 0.36102
BD_Bspro_t
 0.961799 0.733953 0.520388 0.360302 0.148071 0.0927817 0.489925 0.203534 0.147511 0.0867521 0.218617 0.524276 0.433396 0.331399 0.206557 0.235716 0.542136 0.445455 0.646695 0.52447 0.454286 0.52985 0.556626 0.49841 0.640824 0.630893 0.601624 0.684798 0.764238 0.65021
BD_Bspro
 2.75061 1.47083 0.717744 0.333647 0.105712 0.043491 0.689144 0.218366 0.106159 0.0441907 0.105498 0.322781 0.376724 0.286063 0.151839 0.173204 1.12106 0.782406 2.41329 1.64021 1.45119 1.98278 1.9607 1.30876 2.09056 1.56998 1.07483 1.39547 2.28764 1.3023
BD_Bo
 1.14332 0.611368 0.298339 0.138684 0.0439405 0.0180776 0.286451 0.0907667 0.0441263 0.0183684 0.0438514 0.134168 0.15659 0.118906 0.0631139 0.0719945 0.46598 0.325217 1.00311 0.681775 0.603205 0.824166 0.814989 0.544004 0.868965 0.652583 0.446767 0.580042 0.950885 0.541315
BD_Brms
 5.484 2.93246 1.431 0.665206 0.210763 0.08671 1.37398 0.435367 0.211654 0.0881048 0.210335 0.643543 0.751091 0.570337 0.302729 0.345325 2.2351 1.55992 4.81147 3.27016 2.8933 3.95315 3.90913 2.60934 4.16803 3.13014 2.14294 2.7822 4.56097 2.59644
Sel_flota
 0.610655 0.967532 0.998237 0.999907 0.999995
 0.610655 0.967532 0.998237 0.999907 0.999995
 0.610655 0.967532 0.998237 0.999907 0.999995
 0.610655 0.967532 0.998237 0.999907 0.999995
 0.610655 0.967532 0.998237 0.999907 0.999995
 0.610655 0.967532 0.998237 0.999907 0.999995
 0.610655 0.967532 0.998237 0.999907 0.999995
 0.610655 0.967532 0.998237 0.999907 0.999995
 0.610655 0.967532 0.998237 0.999907 0.999995
 0.610655 0.967532 0.998237 0.999907 0.999995
 0.610655 0.967532 0.998237 0.999907 0.999995
 0.610655 0.967532 0.998237 0.999907 0.999995
 0.610655 0.967532 0.998237 0.999907 0.999995
 0.610655 0.967532 0.998237 0.999907 0.999995
 0.610655 0.967532 0.998237 0.999907 0.999995
 0.610655 0.967532 0.998237 0.999907 0.999995
 0.610655 0.967532 0.998237 0.999907 0.999995
 0.610655 0.967532 0.998237 0.999907 0.999995
 0.610655 0.967532 0.998237 0.999907 0.999995
 0.610655 0.967532 0.998237 0.999907 0.999995
 0.610655 0.967532 0.998237 0.999907 0.999995
 0.610655 0.967532 0.998237 0.999907 0.999995
 0.610655 0.967532 0.998237 0.999907 0.999995
 0.610655 0.967532 0.998237 0.999907 0.999995
 0.610655 0.967532 0.998237 0.999907 0.999995
 0.610655 0.967532 0.998237 0.999907 0.999995
 0.610655 0.967532 0.998237 0.999907 0.999995
 0.610655 0.967532 0.998237 0.999907 0.999995
 0.610655 0.967532 0.998237 0.999907 0.999995
 0.610655 0.967532 0.998237 0.999907 0.999995
Sel_reclas
 1 1 1 1 1
 1 1 1 1 1
 1 1 1 1 1
 1 1 1 1 1
 1 1 1 1 1
 1 1 1 1 1
 1 1 1 1 1
 1 1 1 1 1
 1 1 1 1 1
 1 1 1 1 1
 1 1 1 1 1
 1 1 1 1 1
 1 1 1 1 1
 1 1 1 1 1
 1 1 1 1 1
 1 1 1 1 1
 1 1 1 1 1
 1 1 1 1 1
 1 1 1 1 1
 1 1 1 1 1
 1 1 1 1 1
 1 1 1 1 1
 1 1 1 1 1
 1 1 1 1 1
 1 1 1 1 1
 1 1 1 1 1
 1 1 1 1 1
 1 1 1 1 1
 1 1 1 1 1
 1 1 1 1 1
Sel_pelaces
 1 1 1 1 1
 1 1 1 1 1
 1 1 1 1 1
 1 1 1 1 1
 1 1 1 1 1
 1 1 1 1 1
 1 1 1 1 1
 1 1 1 1 1
 1 1 1 1 1
 1 1 1 1 1
 1 1 1 1 1
 1 1 1 1 1
 1 1 1 1 1
 1 1 1 1 1
 1 1 1 1 1
 1 1 1 1 1
 1 1 1 1 1
 1 1 1 1 1
 1 1 1 1 1
 1 1 1 1 1
 1 1 1 1 1
 1 1 1 1 1
 1 1 1 1 1
 1 1 1 1 1
 1 1 1 1 1
 1 1 1 1 1
 1 1 1 1 1
 1 1 1 1 1
 1 1 1 1 1
 1 1 1 1 1
pf_obs 
 0.8446 0.082 0.0669 0.0065 0
 0.8095 0.147 0.0364 0.0071 0
 0.9664 0.0169 0.016 0.0007 0
 0.9276 0.0648 0.0075 0.0001 0
 0.7033 0.2144 0.0806 0.0017 0
 0.9318 0.0425 0.0243 0.0014 0
 0.5671 0.3108 0.0964 0.0239 0.0018
 0.0768 0.2599 0.5324 0.112 0.0189
 0.490249 0.384438 0.106611 0.0170017 0.00170017
 0.7925 0.1577 0.0466 0.003 0.0002
 0.840416 0.127587 0.0312969 0.00059994 9.999e-05
 0.8084 0.0986 0.0794 0.0134 0.0002
 0.7335 0.1905 0.0724 0.0035 0.0001
 0.4001 0.4547 0.1325 0.0127 0
 0.49795 0.308269 0.164784 0.0264974 0.00249975
 0.9179 0.0499 0.0305 0.0017 0
 0.2467 0.6533 0.0926 0.0074 0
 0.9418 0.0223 0.034 0.0019 0
 0.707729 0.231977 0.0356964 0.0245975 0
 0.517169 0.277429 0.184464 0.0207286 0.00020938
 0.811772 0.124168 0.05621 0.00726502 0.000585176
 0.764997 0.148141 0.077277 0.00933861 0.000247198
 0.163321 0.427699 0.378323 0.0303852 0.000271297
 0.753843 0.0900009 0.118128 0.0371064 0.000921714
 0.721811 0.176058 0.0630433 0.0369309 0.00215725
 0.143369 0.312575 0.442814 0.0836902 0.0175525
 0.692698 0.0596174 0.167031 0.0765114 0.00414204
 0.394062 0.376323 0.152708 0.0712218 0.00568511
 0.125707 0.32114 0.495352 0.0537591 0.00404204
 0.23352 0.215282 0.420074 0.123614 0.00750983
pf_pred 
 0.245815 0.254987 0.442124 0.0570732 9.43889e-07
 0.584856 0.146033 0.0930817 0.155936 0.0200928
 0.502317 0.355017 0.0515158 0.0315713 0.0595786
 0.48573 0.328897 0.133785 0.0186545 0.0329333
 0.613534 0.261666 0.0815451 0.031246 0.0120084
 0.981975 0.0140768 0.00272676 0.000799303 0.000422558
 0.233485 0.758687 0.00616869 0.0011467 0.000512677
 0.312421 0.266888 0.41663 0.00320224 0.000858748
 0.750474 0.110279 0.0553119 0.0831267 0.000808587
 0.950551 0.0440052 0.00251059 0.00116816 0.00176549
 0.842328 0.154038 0.00325566 0.00017477 0.000203528
 0.746033 0.227691 0.0256909 0.000524856 6.08723e-05
 0.654008 0.291899 0.0487163 0.00525708 0.000119567
 0.621772 0.293454 0.0720073 0.0115011 0.00126634
 0.744511 0.199127 0.0442906 0.0102584 0.0018132
 0.961102 0.0332622 0.00444317 0.000937542 0.0002548
 0.160477 0.820807 0.0160996 0.00206309 0.000552388
 0.927476 0.0176074 0.0537363 0.00101569 0.000164674
 0.482373 0.495002 0.00564588 0.016615 0.000364247
 0.49309 0.311224 0.187454 0.00205747 0.00617479
 0.749382 0.157387 0.0580954 0.0336607 0.00147504
 0.715261 0.237819 0.0298749 0.0106294 0.00641585
 0.137135 0.699619 0.137206 0.0165922 0.00944695
 0.755298 0.0507145 0.158322 0.0299857 0.00567986
 0.539701 0.385564 0.0159203 0.0480183 0.0107971
 0.306509 0.455636 0.20038 0.00799456 0.0294799
 0.764008 0.0990856 0.0910026 0.0386829 0.00722061
 0.679187 0.270645 0.0214979 0.0190689 0.00960065
 0.142477 0.663344 0.164684 0.0126525 0.0168427
 0.192203 0.170904 0.496368 0.119213 0.0213122
pobs_RECLAS
 0 0 0 0 0
 0 0 0 0 0
 0 0 0 0 0
 0 0 0 0 0
 0 0 0 0 0
 0 0 0 0 0
 0 0 0 0 0
 0 0 0 0 0
 0 0 0 0 0
 0 0 0 0 0
 0.991045 0.00858322 0.000360255 1.14367e-05 0
 0.934742 0.0480273 0.0164251 0.00080598 0
 0.827803 0.169806 0.00239088 0 0
 0.941827 0.0461693 0.0120037 0 0
 0.791401 0.0380133 0.147996 0.0225897 0
 0.846168 0.0940531 0.0597789 0 0
 0.134021 0.677848 0.182769 0.00536245 0
 0.80878 0.0450904 0.141981 0.00414843 0
 0.846168 0.0940531 0.0597789 0 0
 0.905697 0.0802665 0.012482 0.00150086 5.37128e-05
 0.989698 0.0102097 9.19794e-05 0 0
 0.975433 0.0193895 0.00387452 0.00125025 5.28907e-05
 0.303575 0.632131 0.0575291 0.00676475 0
 0.966965 0.00978017 0.0227588 0.000495775 0
 0.843318 0.132988 0.00938335 0.0141283 0.000182051
 0.564624 0.303363 0.111486 0.0197234 0.00080311
 0.826376 0.0876187 0.0782897 0.00655872 0.00115652
 0.89761 0.0855135 0.0140674 0.00269457 0.000114338
 0.34875 0.467042 0.161289 0.0227151 0.000203297
 0.318654 0.224769 0.449479 0.00709798 0
ppred_RECLAS
 0.347251 0.22542 0.378546 0.0487825 8.06702e-07
 0.699472 0.108072 0.0666454 0.111451 0.0143594
 0.622313 0.272046 0.0381911 0.0233639 0.0440861
 0.622308 0.244986 0.0958326 0.0133345 0.0235386
 0.735801 0.181205 0.0542695 0.0207503 0.00797382
 0.988894 0.00873744 0.00163686 0.000478958 0.000253181
 0.341502 0.652024 0.0051035 0.000946754 0.000423238
 0.427105 0.226828 0.342732 0.00262967 0.000705134
 0.849179 0.0683825 0.032794 0.0491662 0.000478186
 0.97095 0.0259662 0.00142375 0.000661048 0.000998953
 0.895097 0.10256 0.00209961 0.000112518 0.000131021
 0.828507 0.15429 0.0168204 0.000343001 3.97771e-05
 0.756451 0.206561 0.033317 0.00358873 8.16146e-05
 0.739093 0.204167 0.0482095 0.0076842 0.000845981
 0.831588 0.132328 0.0283683 0.00655755 0.00115894
 0.975827 0.0207718 0.00268295 0.000565103 0.000153566
 0.235191 0.748298 0.0142072 0.00181742 0.000486565
 0.954615 0.0112915 0.0333617 0.000629491 0.00010205
 0.600809 0.382304 0.00421953 0.0123957 0.000271721
 0.613942 0.240036 0.13989 0.00153271 0.00459948
 0.829425 0.108435 0.0387465 0.0224108 0.000981975
 0.802791 0.16561 0.0201327 0.00715054 0.00431565
 0.203712 0.649556 0.123362 0.0148923 0.00847836
 0.83503 0.0350752 0.106046 0.0200505 0.00379761
 0.653261 0.291998 0.0116769 0.0351593 0.00790499
 0.416444 0.387623 0.165109 0.00657609 0.0242471
 0.840715 0.0681504 0.0606128 0.0257208 0.00480064
 0.77241 0.192975 0.0148481 0.0131481 0.00661907
 0.210583 0.615052 0.147919 0.0113452 0.015101
 0.281646 0.155954 0.43848 0.105127 0.0187923
pobs_PELACES
 0 0 0 0 0
 0 0 0 0 0
 0 0 0 0 0
 0 0 0 0 0
 0 0 0 0 0
 0 0 0 0 0
 0 0 0 0 0
 0 0 0 0 0
 0 0 0 0 0
 0 0 0 0 0
 0 0 0 0 0
 0 0 0 0 0
 0 0 0 0 0
 0 0 0 0 0
 0 0 0 0 0
 0 0 0 0 0
 0.505614 0.472636 0.0217494 0 0
 0 0 0 0 0
 0.443492 0.261883 0.143347 0.151278 0
 0.227955 0.32914 0.350689 0.0885471 0.00366901
 0.970185 0.0296113 0.000203453 0 0
 0.997202 0.00247181 0.000326279 0 0
 0.445219 0.490057 0.0546422 0.010081 0
 0.90214 0.0892962 0.00764917 0.000914606 0
 0 0 0 0 0
 0.581667 0.319106 0.0959925 0.00289975 0.000334073
 0.762889 0.0836404 0.116647 0.0363945 0.000428098
 0.88444 0.0763242 0.0277011 0.0115352 0
 0.521256 0.241999 0.230069 0.00667565 0
 0.616807 0.101726 0.260614 0.0208532 0
ppred_PELACES
 0.354197 0.223386 0.3742 0.0482159 7.97327e-07
 0.712237 0.103826 0.0637071 0.106508 0.0137224
 0.636443 0.262254 0.0366297 0.0224024 0.0422713
 0.661468 0.220698 0.0851118 0.0118336 0.0208883
 0.769199 0.159059 0.046926 0.0179278 0.0068889
 0.989619 0.00817686 0.00152303 0.000445511 0.000235497
 0.376112 0.617834 0.00477372 0.000884952 0.000395595
 0.439194 0.222583 0.334965 0.00256951 0.000688995
 0.87851 0.0557229 0.0261797 0.0392059 0.000381291
 0.975519 0.0219179 0.0011839 0.00054924 0.000829956
 0.897452 0.100262 0.00204811 0.000109746 0.000127792
 0.840722 0.143409 0.0155166 0.000316284 3.6678e-05
 0.771519 0.193992 0.0310683 0.00334523 7.60752e-05
 0.76856 0.18164 0.0423182 0.00674026 0.00074203
 0.849527 0.118521 0.0251225 0.00580369 0.00102568
 0.977478 0.0193696 0.00248648 0.000523546 0.00014227
 0.243458 0.740272 0.0140001 0.00179054 0.000479365
 0.956475 0.0108578 0.0319669 0.000603057 9.77634e-05
 0.613546 0.37018 0.00406705 0.0119448 0.000261834
 0.627471 0.232045 0.134587 0.00147421 0.00442389
 0.835688 0.1046 0.0372362 0.0215329 0.000943496
 0.810973 0.158855 0.0192255 0.0068267 0.00412014
 0.209127 0.645474 0.122244 0.0147551 0.00840018
 0.839385 0.0342192 0.103193 0.0195082 0.00369486
 0.659999 0.286443 0.0114258 0.0343984 0.00773386
 0.423271 0.383393 0.162925 0.00648827 0.0239232
 0.845221 0.0663303 0.0588298 0.0249603 0.00465867
 0.776533 0.189539 0.0145546 0.0128867 0.00648745
 0.214243 0.612452 0.147022 0.0112752 0.0150078
 0.290925 0.154386 0.432488 0.10367 0.0185316
pobs_pel_tallas
 0 0 0 0 0 0 0 0 0 0 0 0 0 0 0 0 0 0 0 0 0 0 0 0 0 0
 0 0 0 0 0 0 0 0 0 0 0 0 0 0 0 0 0 0 0 0 0 0 0 0 0 0
 0 0 0 0 0 0 0 0 0 0 0 0 0 0 0 0 0 0 0 0 0 0 0 0 0 0
 0 0 0 0 0 0 0 0 0 0 0 0 0 0 0 0 0 0 0 0 0 0 0 0 0 0
 0 0 0 0 0 0 0 0 0 0 0 0 0 0 0 0 0 0 0 0 0 0 0 0 0 0
 0 0 0 0 0 0 0 0 0 0 0 0 0 0 0 0 0 0 0 0 0 0 0 0 0 0
 0 0 0 0 0 0 0 0 0 0 0 0 0 0 0 0 0 0 0 0 0 0 0 0 0 0
 0 0 0 0 0 0 0 0 0 0 0 0 0 0 0 0 0 0 0 0 0 0 0 0 0 0
 0 0 0 0 0 0 0 0 0 0 0 0 0 0 0 0 0 0 0 0 0 0 0 0 0 0
 0 0 0 0 0 0 0 0 0 0 0 0 0 0 0 0 0 0 0 0 0 0 0 0 0 0
 0 0 0 0 0 0 0 0 0 0 0 0 0 0 0 0 0 0 0 0 0 0 0 0 0 0
 0 0 0 0 0 0 0 0 0 0 0 0 0 0 0 0 0 0 0 0 0 0 0 0 0 0
 0.00862536 0 0 0.000197151 0.00414017 0.0128641 0.00837892 0.0270097 0.101434 0.158115 0.152841 0.127902 0.109271 0.109419 0.0830992 0.0579132 0.0238553 0.00714673 0.00463305 0.00128148 0.00103504 0.000492878 0.000147863 0.000147863 4.92878e-05 0
 0 0 0 0 0 0 0 0 0 0 0 0 0 0 0 0 0 0 0 0 0 0 0 0 0 0
 0 0 0 0 0 0 0 0.0054083 0.00873648 0.0413646 0.0450493 0.0745869 0.0622846 0.0627006 0.0613931 0.0827291 0.12552 0.122667 0.0946155 0.0697135 0.0546179 0.0294188 0.0215738 0.0213955 0.0102223 0.00600262
 0 0 0 0 0.00359764 0.0251062 0.0480494 0.140153 0.205849 0.193036 0.1447 0.116669 0.0760912 0.0342217 0.00950174 0.001854 0.000860785 0 0 0 0.000165536 0 0.000143464 0 0 0
 0 0 0 0 0 0 0 0.000145254 0.000435761 0.0275982 0.070085 0.0708112 0.156366 0.174668 0.174014 0.160142 0.0824315 0.0480064 0.0283245 0.00493863 0.00203355 0 0 0 0 0
 0 0 0 0 0 0 0 0 0 0 0 0 0 0 0 0 0 0 0 0 0 0 0 0 0 0
 0 0 1.00437e-05 0.000401748 0.00122533 0.00171747 0.00176769 0.0269171 0.070346 0.194647 0.189555 0.159765 0.064822 0.0314167 0.0384472 0.0292271 0.0345202 0.0313363 0.0194345 0.0106764 0.0143323 0.0359363 0.0279516 0.0138201 0.00172751 0
 0 0.0021121 0.0136068 0.0755702 0.200478 0.177729 0.0527432 0.0373336 0.0318909 0.0142505 0.0149659 0.0166563 0.0217959 0.0798694 0.0677717 0.0528807 0.04013 0.0224614 0.0357745 0.0225083 0.00881397 0.00855152 0.00135912 0.000746735 0 0
 0 0 0 0 5.4009e-05 0.00500934 0.000945158 0.0243581 0.138947 0.33067 0.221406 0.137944 0.0707744 0.0437923 0.0131692 0.00525238 0.0047753 0.00276346 9.45158e-05 9.00151e-06 2.25038e-05 9.00151e-06 4.50075e-06 0 0 0
 0.000866109 0.00284123 0.00948549 0.0512746 0.133035 0.25785 0.225252 0.132002 0.0553304 0.0519788 0.0540692 0.017754 0.00435017 0.00159236 0.00146478 0.000404838 0.000125132 0.000115318 0.000107957 0.000100596 0 0 0 0 0 0
 0 0 0 0 0.00144013 0.00171154 0.00461396 0.0210425 0.0478622 0.0707936 0.0888783 0.103762 0.0637923 0.0337046 0.0602308 0.124433 0.169614 0.0934646 0.0462172 0.0250306 0.0313229 0.00938855 0.002487 0.000210481 0 0
 0 0.00764035 0.051015 0.0998891 0.058973 0.0496711 0.0374665 0.0718981 0.12319 0.153886 0.159021 0.0857701 0.0377988 0.023471 0.0147837 0.00900784 0.00315554 0.000888139 0.00291439 0.00214683 0.00393193 0.00274676 0.000635225 9.99891e-05 0 0
 0 0 0 0 0 0 0 0 0 0 0 0 0 0 0 0 0 0 0 0 0 0 0 0 0 0
 0 0 0 0 0 0 0 0 0 0 0 0 0 0 0 0 0 0 0 0 0 0 0 0 0 0
 0 0 0 0 0 0 0 0 0 0 0 0 0 0 0 0 0 0 0 0 0 0 0 0 0 0
 0 0 0 0 0 0 0 0 0 0 0 0 0 0 0 0 0 0 0 0 0 0 0 0 0 0
 0 0 0 0 0 0 0 0 0 0 0 0 0 0 0 0 0 0 0 0 0 0 0 0 0 0
 0 0 0 0 0 0 0 0 0 0 0 0 0 0 0 0 0 0 0 0 0 0 0 0 0 0
ppred_pel_tallas
 1.15692e-16 2.91748e-05 0.00028359 0.00188455 0.00856692 0.026655 0.0567921 0.0828944 0.0829164 0.0569002 0.0270196 0.00962689 0.00457136 0.00623544 0.0115863 0.019769 0.0300138 0.0409485 0.0510833 0.0595685 0.0663764 0.0716736 0.0750219 0.0752713 0.0713098 0.0630019
 1.14869e-16 5.8666e-05 0.000570254 0.00378954 0.0172267 0.0535988 0.114198 0.166678 0.166688 0.114248 0.0537654 0.0177095 0.00500763 0.00325027 0.00521191 0.00869559 0.0129411 0.0172012 0.0207984 0.0235388 0.0258406 0.0283666 0.0314251 0.03462 0.0370018 0.0375707
 1.10525e-16 5.2423e-05 0.00050957 0.00338627 0.0153935 0.0478951 0.102047 0.148945 0.14897 0.10217 0.0483101 0.0165923 0.00639625 0.00708339 0.0125471 0.0206884 0.0298728 0.0377475 0.041978 0.0415613 0.0374605 0.0319723 0.0273255 0.0245823 0.0234822 0.0230308
 1.07235e-16 5.44843e-05 0.000529607 0.00351942 0.0159988 0.0497783 0.106059 0.1548 0.154822 0.106163 0.0501292 0.0170133 0.00607033 0.00611269 0.0107003 0.0177154 0.0257775 0.0329716 0.0373747 0.0380982 0.035777 0.0320432 0.0284329 0.0256064 0.0233494 0.0211031
 1.04359e-16 6.33579e-05 0.000615862 0.00409262 0.0186045 0.0578854 0.123332 0.180009 0.180025 0.123407 0.0581379 0.0193341 0.00592637 0.0046262 0.00770119 0.0126882 0.0184067 0.023435 0.0263682 0.0265662 0.0245155 0.0214507 0.01855 0.0163471 0.0147073 0.0132052
 1.00131e-16 8.15136e-05 0.000792341 0.00526539 0.0239357 0.0744728 0.158672 0.231587 0.231588 0.158676 0.0744857 0.0239731 0.00535929 0.000997441 0.000471365 0.000651109 0.000932056 0.00117622 0.00130426 0.00128168 0.0011345 0.00093041 0.000737077 0.000590118 0.000489308 0.000415765
 1.00452e-16 3.098e-05 0.000301136 0.00200116 0.00909702 0.0283045 0.060308 0.0880337 0.0880931 0.0605982 0.0292787 0.011909 0.00905297 0.0156733 0.0291609 0.04799 0.0687298 0.0855905 0.092696 0.0873416 0.0716562 0.0512745 0.0321224 0.0177699 0.00885009 0.00413637
 1.10098e-16 3.61759e-05 0.000351643 0.00233679 0.0106227 0.0330513 0.0704202 0.102785 0.102807 0.0705275 0.033413 0.0116733 0.00499625 0.00623061 0.0114155 0.0193703 0.0291863 0.039363 0.0482762 0.054982 0.0594689 0.0620917 0.06278 0.060858 0.0556559 0.0473009
 1.04767e-16 7.23617e-05 0.000703382 0.00467422 0.0212483 0.0661115 0.140858 0.205587 0.205592 0.140884 0.0662005 0.0215059 0.00532306 0.00212727 0.00279915 0.00457404 0.0067304 0.00878897 0.0103268 0.0111851 0.0115605 0.0118349 0.0122728 0.0128289 0.0131953 0.0130154
 1.00236e-16 8.03522e-05 0.000781052 0.00519037 0.0235947 0.0734117 0.156412 0.228288 0.22829 0.156422 0.0734463 0.0236945 0.00544099 0.00132771 0.00111724 0.00171647 0.00245702 0.00307355 0.00335661 0.00321306 0.0027189 0.00207046 0.00146989 0.00103256 0.000769082 0.000626692
 1.00118e-16 7.3922e-05 0.000718548 0.00477501 0.0217065 0.067537 0.143895 0.210021 0.210031 0.143942 0.0676951 0.022163 0.00591982 0.00321444 0.00480449 0.00780058 0.0111706 0.0139222 0.0150996 0.0142638 0.0117574 0.00848852 0.00541047 0.00309515 0.00164178 0.000853253
 1.00523e-16 6.92491e-05 0.000673126 0.00447316 0.0203344 0.0632678 0.134799 0.196746 0.19676 0.134867 0.0634944 0.0209887 0.00611514 0.00425598 0.00686898 0.0112334 0.0161446 0.0202352 0.0221587 0.0212884 0.0180844 0.0137823 0.009662 0.00646759 0.00430759 0.00292248
 1.01295e-16 6.3549e-05 0.000617719 0.00410496 0.0186606 0.05806 0.123704 0.180553 0.180572 0.123795 0.0583669 0.0195469 0.00632995 0.00547544 0.0092907 0.0152623 0.0219867 0.0276604 0.0304841 0.029617 0.025663 0.0202426 0.0150135 0.010907 0.00802127 0.00600131
 1.0207e-16 6.33053e-05 0.00061535 0.00408922 0.018589 0.0578374 0.123229 0.17986 0.179878 0.123315 0.0581251 0.0194205 0.00617762 0.0051784 0.00874118 0.0143814 0.0207815 0.0262792 0.0292169 0.0288173 0.0256224 0.0210845 0.016659 0.0131189 0.0104895 0.00842953
 1.01511e-16 6.99744e-05 0.000680177 0.00452001 0.0205473 0.0639304 0.136211 0.198806 0.198818 0.136267 0.0641181 0.0210897 0.00588198 0.00365555 0.00572713 0.00937402 0.0135357 0.0171025 0.0189908 0.0186976 0.016586 0.0136171 0.0107535 0.0085047 0.00687972 0.00563621
 1.00154e-16 8.05136e-05 0.000782621 0.00520079 0.023642 0.0735592 0.156726 0.228746 0.228748 0.156735 0.0735898 0.0237305 0.00542276 0.0012671 0.00100041 0.00152585 0.00218876 0.00274909 0.00302235 0.00292505 0.00251954 0.00197101 0.00144853 0.00104724 0.000776256 0.000596459
 1.00854e-16 2.00535e-05 0.000194927 0.00129536 0.00588858 0.0183219 0.0390394 0.0569941 0.0570653 0.0393873 0.0194894 0.00925875 0.00974767 0.0186221 0.0349452 0.0575521 0.0824633 0.102771 0.111449 0.10526 0.0867353 0.0625849 0.0398527 0.0227636 0.012049 0.00624828
 1.01003e-16 7.87835e-05 0.000765804 0.00508904 0.023134 0.0719785 0.153358 0.223831 0.223832 0.153363 0.0719967 0.023187 0.00522438 0.00106869 0.000675684 0.00104864 0.00163344 0.00232425 0.00306113 0.00380009 0.00450478 0.00511405 0.00552008 0.00559575 0.00526322 0.00455229
 1.01455e-16 5.05371e-05 0.000491239 0.00326445 0.0148398 0.0461722 0.098376 0.14359 0.143626 0.09855 0.046756 0.016525 0.00749109 0.00970608 0.0175162 0.0287867 0.0412514 0.0514328 0.0558315 0.0528512 0.0437832 0.0319984 0.0210102 0.0128877 0.00792057 0.00529175
 1.0484e-16 5.1684e-05 0.000502387 0.00333854 0.0151765 0.0472199 0.100608 0.146845 0.146867 0.100718 0.0475901 0.0162477 0.00603468 0.00641246 0.011347 0.0188612 0.0275911 0.0355759 0.0408106 0.0423011 0.0405473 0.0370053 0.0330214 0.0291405 0.0252147 0.0209723
 1.03421e-16 6.88345e-05 0.000669096 0.00444638 0.0202126 0.0628889 0.133992 0.195567 0.195577 0.134041 0.0630552 0.0206934 0.00565527 0.00331503 0.00511451 0.00840091 0.0122248 0.0156502 0.0177731 0.0181854 0.017199 0.0155877 0.0140597 0.0128859 0.0119106 0.0108254
 1.01978e-16 6.67988e-05 0.000649308 0.00431488 0.0196148 0.0610291 0.13003 0.189785 0.1898 0.130104 0.0612802 0.0203401 0.00613526 0.00462266 0.00761144 0.0124739 0.0179547 0.0225638 0.0248322 0.0240887 0.0208593 0.0165099 0.0124283 0.00937861 0.00740039 0.00612598
 1.06594e-16 1.72256e-05 0.000167439 0.0011127 0.00505819 0.0157383 0.0335343 0.0489574 0.0490196 0.0338386 0.0167599 0.00800968 0.00852348 0.0163523 0.0307758 0.0509044 0.0734496 0.092613 0.102468 0.100245 0.0879349 0.0708503 0.0543726 0.0414455 0.0322655 0.0255864
 1.05569e-16 6.91391e-05 0.000672056 0.00446605 0.020302 0.0631671 0.134584 0.196431 0.196434 0.134601 0.0632246 0.0204699 0.0048953 0.00163469 0.00197249 0.00334801 0.00527569 0.00759644 0.0101742 0.012916 0.0157389 0.0184453 0.0206341 0.0217829 0.0214852 0.0196796
 1.05162e-16 5.43633e-05 0.00052843 0.00351161 0.0159633 0.0496678 0.105824 0.154458 0.154486 0.105958 0.0501201 0.0172691 0.00678786 0.00767571 0.0136149 0.022389 0.0321755 0.0403276 0.044208 0.0426525 0.0367009 0.0289354 0.0219555 0.0171518 0.0144886 0.013096
 1.09499e-16 3.48644e-05 0.000338894 0.00225207 0.0102376 0.0318532 0.067868 0.0990632 0.0991003 0.0680495 0.032463 0.0120011 0.00668685 0.010047 0.0185513 0.0308195 0.0448721 0.0574256 0.0651181 0.0663494 0.0621333 0.0552055 0.0481714 0.0422057 0.0370822 0.0320702
 1.05007e-16 6.96197e-05 0.000676729 0.0044971 0.0204432 0.0636063 0.13552 0.197797 0.197804 0.135552 0.063713 0.0207524 0.00527752 0.00239446 0.00337354 0.00557677 0.00828625 0.0109704 0.0131341 0.014554 0.0153739 0.0159156 0.0163666 0.016618 0.016367 0.0153609
 1.02859e-16 6.3962e-05 0.000621733 0.00413164 0.0187818 0.0584374 0.124508 0.181726 0.181745 0.124597 0.0587368 0.0196464 0.00630117 0.00535563 0.00904825 0.0148418 0.0213397 0.0267694 0.0293782 0.0283784 0.0244289 0.0192049 0.0144055 0.0109602 0.0088926 0.00770018
 1.0807e-16 1.7647e-05 0.000171536 0.00113992 0.00518193 0.0161232 0.0343544 0.0501537 0.0502128 0.0346434 0.0170936 0.00798595 0.00818275 0.0155605 0.0292861 0.048497 0.0701121 0.0886887 0.0986553 0.0973967 0.0867422 0.071589 0.0568452 0.0451157 0.0364805 0.0297699
 1.26053e-16 2.39631e-05 0.00023293 0.0015479 0.00703656 0.0218934 0.0466468 0.0680856 0.0681012 0.0467231 0.0221516 0.00779095 0.0034743 0.004547 0.00853697 0.0149135 0.0234448 0.0336062 0.0447851 0.0565978 0.0687781 0.0806053 0.0904483 0.0960513 0.0955378 0.0884394
pSPR Fmed_Fpbrs
0.469502   0.258483 0.258483
Fs Fmed_Fpbrs
0.496409   1.005 1.005
SSBpbr Bo_Bmed_Bpbrs
1.69998e+06  713144  354417 354417
Ro
99266.2
SPR SPRFo_SPRFmed_SPRFpbrs
706616 331758 182648
Fref
1.005
log_Ro
11.3256
likeval ReclasPelacesDesembMPH_pf_preclas_ppelaces_ptallas_desvR_qrecl_qpela
 17.3581 31.8812 0.0672218 0.00211237 242.06 105.376 82.0706 0 54.1793 0 0 0.147137 0 0 0
q_reclas_q_pelaces
1 1
M
1
N
 66627.5 45185.6 76166.1 9817.37 0.162349
 125063 21103.1 13112.8 21937.6 2826.52
 71173 34028.7 4814.06 2946.29 5559.58
 38099.4 19271.3 7702.8 1073.05 1894.32
 18522.3 5944.2 1821.26 697.234 267.947
 281540 2753.54 520.373 152.337 80.5289
 30509.7 73159.8 583.971 108.448 48.4836
 9026.24 5146.01 7823.09 60.0438 16.1008
 22532.1 2604.99 1288.75 1935.42 18.8254
 69054 2404.46 134.867 62.6961 94.7504
 86477.8 10295.5 211.467 11.3346 13.1986
 131182 27904.2 3077.07 62.7866 7.28147
 98941.9 30615.2 4991.43 537.965 12.2347
 67819 23730 5718.42 912.479 100.464
 57206.3 11110.6 2423.08 560.636 99.0886
 448486 10640.2 1387.21 292.333 79.4432
 33402.8 113832 2174.03 278.196 74.4808
 771668 9714.26 28855.9 544.631 88.2941
 332553 229375 2549.26 7491.74 164.227
 218261 92843.2 54501.9 597.385 1792.72
 430831 60165.7 21621 12509.3 548.131
 566774 126466 15478.2 5499.42 3319.19
 47586 159401 30401.6 3670.96 2089.94
 336458 14788 44884.8 8488.32 1607.72
 226778 105995 4255.03 12814.6 2881.18
 73820.3 71606.1 30609.3 1219.36 4496.05
 276951 23580.4 21061.2 8939.28 1668.49
 332764 86122 6646.66 5886.6 2963.49
 35956.6 108492 26165.2 2007.13 2671.62
 20038.7 11834.2 33458 8024.1 1434.39
pred_Ctot
 5927.65 6148.83 10661.5 1376.28 0.0227612
 21094.5 5267.11 3357.26 5624.29 724.706
 12175.9 8605.43 1248.72 765.272 1444.15
 14846.9 10053.1 4089.28 570.194 1006.64
 7495.95 3196.95 996.29 381.754 146.715
 53753.2 770.562 149.263 43.7538 23.1308
 11113 36110.7 293.607 54.5787 24.4016
 1254.11 1071.34 1672.42 12.8544 3.44716
 11132.5 1635.87 820.493 1233.1 11.9945
 27884.6 1290.9 73.6488 34.2684 51.791
 6789.44 1241.6 26.2417 1.4087 1.6405
 31453.2 9599.56 1083.14 22.1282 2.56641
 22534.9 10057.8 1678.6 181.141 4.11988
 25359.5 11968.8 2936.88 469.083 51.6486
 18881.5 5050.05 1123.25 260.163 45.9845
 90586.6 3135.05 418.781 88.366 24.0156
 4508.24 23058.7 452.28 57.9577 15.5181
 95298.1 1809.16 5521.4 104.362 16.9202
 51833.2 53190.3 606.676 1785.36 39.14
 35406.9 22347.8 13460.3 147.739 443.388
 56054.3 11772.7 4345.58 2517.84 110.334
 86237.4 28673.4 3601.95 1281.56 773.544
 4734.8 24155.4 4737.26 572.87 326.17
 30942.4 2077.63 6485.97 1228.43 232.688
 20566.9 14693 606.689 1829.88 411.455
 6216.82 9241.51 4064.24 162.151 597.931
 27458.6 3561.15 3270.65 1390.27 259.51
 24165 9629.39 764.882 678.46 341.585
 2416.39 11250.3 2793.04 214.586 285.651
 2551.55 2268.8 6589.43 1582.59 282.925
F
 0.1497 0.237187 0.244715 0.245124 0.245146
 0.301611 0.477877 0.493042 0.493867 0.493911
 0.306498 0.485621 0.501032 0.50187 0.501914
 0.857784 1.35909 1.40222 1.40456 1.40469
 0.90609 1.43563 1.48118 1.48366 1.48379
 0.34763 0.550792 0.568271 0.569222 0.569272
 0.779824 1.23557 1.27478 1.27691 1.27702
 0.242709 0.384552 0.396756 0.39742 0.397455
 1.23761 1.9609 2.02313 2.02651 2.02669
 0.90318 1.43101 1.47643 1.4789 1.47903
 0.13111 0.207734 0.214326 0.214685 0.214703
 0.455092 0.721055 0.743937 0.745182 0.745248
 0.427793 0.677803 0.699313 0.700483 0.700544
 0.808942 1.2817 1.32238 1.32459 1.32471
 0.682022 1.08061 1.1149 1.11676 1.11686
 0.371154 0.588062 0.606725 0.60774 0.607793
 0.235045 0.37241 0.384228 0.384871 0.384905
 0.213197 0.337793 0.348513 0.349096 0.349127
 0.275889 0.437123 0.450995 0.45175 0.451789
 0.288591 0.457248 0.471759 0.472548 0.47259
 0.225743 0.35767 0.369021 0.369638 0.369671
 0.268539 0.425477 0.43898 0.439714 0.439753
 0.16872 0.267322 0.275806 0.276267 0.276292
 0.155083 0.245717 0.253514 0.253939 0.253961
 0.152794 0.242089 0.249772 0.25019 0.250212
 0.141217 0.223747 0.230848 0.231234 0.231254
 0.168076 0.266302 0.274753 0.275213 0.275237
 0.12076 0.191335 0.197407 0.197737 0.197755
 0.111323 0.176382 0.18198 0.182284 0.1823
 0.220459 0.349299 0.360384 0.360986 0.361018
nmprior
 8 8 7 0
nm_flota  nm_reclas  nm_pelaces    nm_pelaL
inf 11.4892 7.24992 10.7746
cv_recla  cv_pelaces  cv_mph
0.385725 0.664403 1.41837
 ------------------------------------------------
Talla a la edad & desviación 
 8 13.2811 15.8009 17.003 17.5766
 0.8 1.32811 1.58009 1.7003 1.75766
