years
 1991 1992 1993 1994 1995 1996 1997 1998 1999 2000 2001 2002 2003 2004 2005 2006 2007 2008 2009 2010 2011 2012 2013 2014 2015 2016 2017 2018 2019 2020
reclasobs
 0 0 0 0 0 0 0 0 0 252601 567819 844713 477998 351125 339783 2.1784e+06 2.13404e+06 4.81314e+06 1.55562e+06 2.62356e+06 3.21686e+06 3.843e+06 1.13348e+06 3.07943e+06 1.97215e+06 2.03268e+06 2.025e+06 2.42433e+06 2.27542e+06 1.05018e+06
reclaspred
 2.45782e+06 2.0226e+06 1.09038e+06 1.37263e+06 2.06e+06 2.57187e+06 2.19704e+06 1.78051e+06 1.0017e+06 487329 387908 509296 514000 402552 482212 953132 1.66455e+06 2.55943e+06 2.17333e+06 1.62224e+06 3.13889e+06 2.54384e+06 2.02143e+06 2.56203e+06 2.29632e+06 2.11366e+06 2.23345e+06 2.2214e+06 2.39428e+06 1.52923e+06
pelacesobs
 0 0 0 0 0 0 0 0 0 0 0 0 0 0 0 552880 188675 0 991730 2.46772e+06 1.41603e+06 1.21717e+06 2.29649e+06 1.80582e+06 0 1.4828e+06 1.56532e+06 1.57751e+06 1.42118e+06 867257
pelacespred
 1.03271e+06 957162 551527 625685 907545 1.20472e+06 1.05031e+06 889452 543518 254488 204322 206213 222374 185151 240614 397165 685160 1.10946e+06 1.08083e+06 762767 1.34956e+06 1.25349e+06 984831 1.30348e+06 1.17708e+06 1.03941e+06 1.23873e+06 1.26431e+06 1.10282e+06 796475
mphobs
 0 0 0 0 0 0 0 0 0 0 0 498337 0 5186 125008 0 168611 109162 213762 579715 649985 157893 87575 83554 0 0 0 0 0 0
mphpred
 1.7417e+06 2.09168e+06 1.21725e+06 612363 1.6285e+06 1.66717e+06 2.17319e+06 1.59679e+06 1.15831e+06 543454 274537 363686 394034 326153 250610 429858 1.04166e+06 1.61691e+06 1.84147e+06 1.55563e+06 1.49864e+06 2.54971e+06 1.77257e+06 1.51433e+06 2.1735e+06 1.74764e+06 1.51951e+06 1.70252e+06 2.1869e+06 1.50577e+06
desembarqueobs
 494567 514787 250237 358949 120608 361735 552515 73892 212993 205616 52469 317467 293654 387597 252695 516296 358380 742168 942051 627588 828172 859565 418607 520667 417249 300574 407403 355545 319650 289779
desembarquepred
 494571 510097 252198 358109 120478 361262 552299 73915.3 212628 205361 52449.5 318459 294215 389791 252922 516598 358534 743627 941563 627505 827731 857189 419943 521485 418148 300951 408219 354850 318963 289783
Reclutas
 513340 76688.3 41342.5 590108 196862 467833 196857 47036.5 17433.1 48458.7 104280 148923 117864 95263.2 124080 452347 267932 526725 529300 270966 726847 411590 184908 429552 327585 179958 390292 376038 120349 114062
log_desv_Rt
 0.976653 -0.924535 -1.54239 1.11602 0.0182205 0.883827 0.0181916 -1.41336 -2.40591 -1.38357 -0.617207 -0.260852 -0.494757 -0.707641 -0.443359 0.850164 0.326448 1.00239 1.00727 0.337709 1.32443 0.755743 -0.0444274 0.798459 0.527462 -0.0715596 0.702612 0.665406 -0.473891 -0.527543
SSB
 1.7417e+06 2.09168e+06 1.21725e+06 612363 1.6285e+06 1.66717e+06 2.17319e+06 1.59679e+06 1.15831e+06 543454 274537 363686 394034 326153 250610 429858 1.04166e+06 1.61691e+06 1.84147e+06 1.55563e+06 1.49864e+06 2.54971e+06 1.77257e+06 1.51433e+06 2.1735e+06 1.74764e+06 1.51951e+06 1.70252e+06 2.1869e+06 1.50577e+06
BT
 3.33913e+06 2.77185e+06 1.54523e+06 2.57687e+06 2.42038e+06 4.05714e+06 3.16039e+06 2.32323e+06 1.52904e+06 896941 693850 929372 962631 1.03952e+06 1.14926e+06 1.90376e+06 2.36139e+06 4.14177e+06 4.26316e+06 2.66541e+06 5.3916e+06 4.17565e+06 3.0895e+06 4.92552e+06 3.53917e+06 3.17547e+06 4.52631e+06 4.37844e+06 2.97986e+06 2.37734e+06
Ftot
 0.190385 0.236943 0.217674 0.24656 0.0558707 0.133492 0.236392 0.0397068 0.200144 0.39059 0.12862 0.572235 0.525492 0.862212 0.487062 0.502967 0.203588 0.273042 0.402544 0.360066 0.248651 0.314784 0.196208 0.192747 0.172347 0.135187 0.173278 0.151671 0.126482 0.179181
BD_Bspro_t
 0.969998 0.840069 0.691123 0.587853 0.778917 0.812455 0.813339 0.733977 0.744219 0.628058 0.542646 0.691372 0.565605 0.463748 0.384702 0.506277 0.623059 0.6976 0.679676 0.612792 0.564671 0.67427 0.62776 0.640198 0.73935 0.740233 0.753134 0.789204 0.819616 0.760497
BD_Bspro
 1.26573 1.52007 0.884604 0.445018 1.18347 1.21157 1.5793 1.16042 0.841767 0.39494 0.199512 0.264298 0.286353 0.237022 0.182124 0.312387 0.756996 1.17505 1.33824 1.13051 1.0891 1.85293 1.28817 1.1005 1.57953 1.27005 1.10426 1.23726 1.58927 1.09428
BD_Bo
 0.838774 1.00732 0.58621 0.294905 0.784263 0.802882 1.04657 0.768988 0.557823 0.261719 0.132213 0.175146 0.189761 0.15707 0.12069 0.207013 0.501647 0.77868 0.886824 0.749166 0.721723 1.2279 0.853643 0.729279 1.04672 0.841639 0.731775 0.819908 1.05318 0.725158
BD_Brms
 3.56315 4.27915 2.49025 1.25277 3.33158 3.41067 4.44589 3.26669 2.36965 1.11179 0.561645 0.744025 0.806111 0.667241 0.512696 0.879399 2.13102 3.30786 3.76726 3.18249 3.06591 5.21619 3.62631 3.09801 4.44652 3.57532 3.10861 3.483 4.47394 3.0805
Sel_flota
 0.5 1 1 1 1
 0.5 1 1 1 1
 0.5 1 1 1 1
 0.5 1 1 1 1
 0.5 1 1 1 1
 0.5 1 1 1 1
 0.5 1 1 1 1
 0.5 1 1 1 1
 0.5 1 1 1 1
 0.5 1 1 1 1
 0.5 1 1 1 1
 0.5 1 1 1 1
 0.5 1 1 1 1
 0.5 1 1 1 1
 0.5 1 1 1 1
 0.5 1 1 1 1
 0.5 1 1 1 1
 0.5 1 1 1 1
 0.5 1 1 1 1
 0.5 1 1 1 1
 0.5 1 1 1 1
 0.5 1 1 1 1
 0.5 1 1 1 1
 0.5 1 1 1 1
 0.5 1 1 1 1
 0.5 1 1 1 1
 0.5 1 1 1 1
 0.5 1 1 1 1
 0.5 1 1 1 1
 0.5 1 1 1 1
Sel_reclas
 0.5 1 1 1 1
 0.5 1 1 1 1
 0.5 1 1 1 1
 0.5 1 1 1 1
 0.5 1 1 1 1
 0.5 1 1 1 1
 0.5 1 1 1 1
 0.5 1 1 1 1
 0.5 1 1 1 1
 0.5 1 1 1 1
 0.5 1 1 1 1
 0.5 1 1 1 1
 0.5 1 1 1 1
 0.5 1 1 1 1
 0.5 1 1 1 1
 0.5 1 1 1 1
 0.5 1 1 1 1
 0.5 1 1 1 1
 0.5 1 1 1 1
 0.5 1 1 1 1
 0.5 1 1 1 1
 0.5 1 1 1 1
 0.5 1 1 1 1
 0.5 1 1 1 1
 0.5 1 1 1 1
 0.5 1 1 1 1
 0.5 1 1 1 1
 0.5 1 1 1 1
 0.5 1 1 1 1
 0.5 1 1 1 1
Sel_pelaces
 0.5 1 1 1 1
 0.5 1 1 1 1
 0.5 1 1 1 1
 0.5 1 1 1 1
 0.5 1 1 1 1
 0.5 1 1 1 1
 0.5 1 1 1 1
 0.5 1 1 1 1
 0.5 1 1 1 1
 0.5 1 1 1 1
 0.5 1 1 1 1
 0.5 1 1 1 1
 0.5 1 1 1 1
 0.5 1 1 1 1
 0.5 1 1 1 1
 0.5 1 1 1 1
 0.5 1 1 1 1
 0.5 1 1 1 1
 0.5 1 1 1 1
 0.5 1 1 1 1
 0.5 1 1 1 1
 0.5 1 1 1 1
 0.5 1 1 1 1
 0.5 1 1 1 1
 0.5 1 1 1 1
 0.5 1 1 1 1
 0.5 1 1 1 1
 0.5 1 1 1 1
 0.5 1 1 1 1
 0.5 1 1 1 1
pf_obs 
 0.8446 0.082 0.0669 0.0065 0
 0.8095 0.147 0.0364 0.0071 0
 0.9664 0.0169 0.016 0.0007 0
 0.9276 0.0648 0.0075 0.0001 0
 0.7033 0.2144 0.0806 0.0017 0
 0.9318 0.0425 0.0243 0.0014 0
 0.5671 0.3108 0.0964 0.0239 0.0018
 0.0768 0.2599 0.5324 0.112 0.0189
 0.490249 0.384438 0.106611 0.0170017 0.00170017
 0.7925 0.1577 0.0466 0.003 0.0002
 0.840416 0.127587 0.0312969 0.00059994 9.999e-05
 0.8084 0.0986 0.0794 0.0134 0.0002
 0.7335 0.1905 0.0724 0.0035 0.0001
 0.4001 0.4547 0.1325 0.0127 0
 0.49795 0.308269 0.164784 0.0264974 0.00249975
 0.9179 0.0499 0.0305 0.0017 0
 0.2467 0.6533 0.0926 0.0074 0
 0.9418 0.0223 0.034 0.0019 0
 0.707729 0.231977 0.0356964 0.0245975 0
 0.517169 0.277429 0.184464 0.0207286 0.00020938
 0.811772 0.124168 0.05621 0.00726502 0.000585176
 0.764997 0.148141 0.077277 0.00933861 0.000247198
 0.163321 0.427699 0.378323 0.0303852 0.000271297
 0.753843 0.0900009 0.118128 0.0371064 0.000921714
 0.721811 0.176058 0.0630433 0.0369309 0.00215725
 0.143369 0.312575 0.442814 0.0836902 0.0175525
 0.692698 0.0596174 0.167031 0.0765114 0.00414204
 0.394062 0.376323 0.152708 0.0712218 0.00568511
 0.125707 0.32114 0.495352 0.0537591 0.00404204
 0.23352 0.215282 0.420074 0.123614 0.00750983
pf_pred 
 0.664531 0.212057 0.0780113 0.0286987 0.016702
 0.159063 0.678968 0.102384 0.0376649 0.0219201
 0.199307 0.2312 0.459806 0.0693357 0.0403517
 0.887464 0.0390374 0.0212227 0.0422073 0.0100686
 0.328865 0.633799 0.0129513 0.00704099 0.0173435
 0.630114 0.184589 0.174988 0.00357579 0.00673241
 0.333403 0.519895 0.0732106 0.0694027 0.00408837
 0.160212 0.434741 0.315906 0.0444852 0.0446556
 0.12971 0.242378 0.325057 0.236204 0.0666508
 0.520147 0.115316 0.101525 0.136156 0.126856
 0.721398 0.197608 0.0194642 0.0171364 0.044394
 0.660854 0.285979 0.0377108 0.00371448 0.0117423
 0.566104 0.357062 0.0647885 0.0085434 0.00350173
 0.558061 0.333222 0.0894652 0.0162334 0.00301801
 0.697099 0.232711 0.0529226 0.0142089 0.00305752
 0.854461 0.122585 0.017635 0.00401051 0.00130846
 0.501366 0.464698 0.0285841 0.00411209 0.00124026
 0.680376 0.217713 0.0949752 0.00584203 0.00109392
 0.582171 0.343476 0.0506458 0.0220938 0.00161349
 0.409544 0.448103 0.117021 0.0172548 0.00807697
 0.735942 0.160356 0.0787006 0.0205525 0.00444904
 0.443073 0.477403 0.0482927 0.0237015 0.00752945
 0.321197 0.431862 0.21168 0.0214129 0.0138478
 0.644611 0.17797 0.112876 0.0553269 0.0092161
 0.484004 0.40941 0.0533756 0.033853 0.0193573
 0.357073 0.42676 0.171515 0.0223607 0.0222915
 0.636602 0.194843 0.111883 0.0449658 0.0117064
 0.536781 0.364411 0.0529781 0.030421 0.0154092
 0.254253 0.527937 0.17135 0.0249108 0.0215498
 0.371012 0.260679 0.260737 0.084626 0.0229459
pobs_RECLAS
 0 0 0 0 0
 0 0 0 0 0
 0 0 0 0 0
 0 0 0 0 0
 0 0 0 0 0
 0 0 0 0 0
 0 0 0 0 0
 0 0 0 0 0
 0 0 0 0 0
 0 0 0 0 0
 0.991045 0.00858322 0.000360255 1.14367e-05 0
 0.934742 0.0480273 0.0164251 0.00080598 0
 0.827803 0.169806 0.00239088 0 0
 0.941827 0.0461693 0.0120037 0 0
 0.791401 0.0380133 0.147996 0.0225897 0
 0.846168 0.0940531 0.0597789 0 0
 0.134021 0.677848 0.182769 0.00536245 0
 0.80878 0.0450904 0.141981 0.00414843 0
 0.846168 0.0940531 0.0597789 0 0
 0.905697 0.0802665 0.012482 0.00150086 5.37128e-05
 0.989698 0.0102097 9.19794e-05 0 0
 0.975433 0.0193895 0.00387452 0.00125025 5.28907e-05
 0.303575 0.632131 0.0575291 0.00676475 0
 0.966965 0.00978017 0.0227588 0.000495775 0
 0.843318 0.132988 0.00938335 0.0141283 0.000182051
 0.564624 0.303363 0.111486 0.0197234 0.00080311
 0.826376 0.0876187 0.0782897 0.00655872 0.00115652
 0.89761 0.0855135 0.0140674 0.00269457 0.000114338
 0.34875 0.467042 0.161289 0.0227151 0.000203297
 0.318654 0.224769 0.449479 0.00709798 0
ppred_RECLAS
 0.666507 0.210808 0.0775519 0.0285298 0.0166037
 0.160589 0.677736 0.102198 0.0375965 0.0218803
 0.200959 0.230723 0.458858 0.0691926 0.0402685
 0.888647 0.0386271 0.0209996 0.0417637 0.0099628
 0.329391 0.633302 0.0129412 0.00703548 0.0173299
 0.631511 0.183892 0.174327 0.00356228 0.00670698
 0.335927 0.517926 0.0729333 0.0691399 0.00407289
 0.160438 0.434624 0.315821 0.0444732 0.0446436
 0.130773 0.242082 0.32466 0.235915 0.0665694
 0.525255 0.114088 0.100444 0.134707 0.125506
 0.722554 0.196787 0.0193834 0.0170653 0.0442097
 0.668201 0.279783 0.0368938 0.00363401 0.0114879
 0.573353 0.351097 0.0637061 0.00840066 0.00344323
 0.571973 0.322733 0.0866489 0.0157223 0.00292301
 0.702744 0.228375 0.0519363 0.0139441 0.00300054
 0.857906 0.119683 0.0172175 0.00391556 0.00127749
 0.503758 0.462469 0.028447 0.00409236 0.00123431
 0.68328 0.215735 0.0941124 0.00578896 0.00108398
 0.587328 0.339236 0.0500207 0.0218211 0.00159357
 0.414039 0.444692 0.11613 0.0171235 0.00801548
 0.73827 0.158942 0.0780068 0.0203713 0.00440982
 0.446979 0.474055 0.047954 0.0235353 0.00747665
 0.323201 0.430587 0.211055 0.0213497 0.0138069
 0.64667 0.176939 0.112222 0.0550064 0.00916272
 0.485987 0.407836 0.0531704 0.0337229 0.0192829
 0.358471 0.425832 0.171142 0.0223121 0.0222431
 0.638448 0.193854 0.111314 0.0447373 0.0116469
 0.538495 0.363062 0.052782 0.0303084 0.0153522
 0.255327 0.527176 0.171103 0.024875 0.0215188
 0.372949 0.259876 0.259934 0.0843654 0.0228753
pobs_PELACES
 0 0 0 0 0
 0 0 0 0 0
 0 0 0 0 0
 0 0 0 0 0
 0 0 0 0 0
 0 0 0 0 0
 0 0 0 0 0
 0 0 0 0 0
 0 0 0 0 0
 0 0 0 0 0
 0 0 0 0 0
 0 0 0 0 0
 0 0 0 0 0
 0 0 0 0 0
 0 0 0 0 0
 0 0 0 0 0
 0.505614 0.472636 0.0217494 0 0
 0 0 0 0 0
 0.443492 0.261883 0.143347 0.151278 0
 0.227955 0.32914 0.350689 0.0885471 0.00366901
 0.970185 0.0296113 0.000203453 0 0
 0.997202 0.00247181 0.000326279 0 0
 0.445219 0.490057 0.0546422 0.010081 0
 0.90214 0.0892962 0.00764917 0.000914606 0
 0 0 0 0 0
 0.581667 0.319106 0.0959925 0.00289975 0.000334073
 0.762889 0.0836404 0.116647 0.0363945 0.000428098
 0.88444 0.0763242 0.0277011 0.0115352 0
 0.521256 0.241999 0.230069 0.00667565 0
 0.616807 0.101726 0.260614 0.0208532 0
ppred_PELACES
 0.673452 0.206418 0.0759368 0.0279356 0.0162579
 0.16593 0.673424 0.101548 0.0373574 0.0217411
 0.206788 0.229039 0.45551 0.0686878 0.0399747
 0.892609 0.0372526 0.0202524 0.0402776 0.00960828
 0.331431 0.631376 0.0129018 0.00701408 0.0172772
 0.636622 0.181342 0.17191 0.00351288 0.00661396
 0.344684 0.511097 0.0719717 0.0682282 0.00401919
 0.161322 0.434167 0.315488 0.0444264 0.0445966
 0.134573 0.241024 0.323241 0.234884 0.0662784
 0.541294 0.110234 0.0970505 0.130156 0.121266
 0.726788 0.193784 0.0190876 0.0168048 0.043535
 0.688793 0.26242 0.0346042 0.00340848 0.0107749
 0.594416 0.333764 0.0605611 0.00798593 0.00327324
 0.606392 0.296781 0.0796813 0.0144581 0.00268796
 0.719254 0.21569 0.0490517 0.0131697 0.00283388
 0.867726 0.111412 0.0160277 0.00364498 0.00118921
 0.512153 0.454644 0.0279657 0.00402312 0.00121343
 0.692948 0.20915 0.0912395 0.00561225 0.00105089
 0.603328 0.326084 0.0480813 0.020975 0.00153179
 0.428523 0.4337 0.11326 0.0167002 0.00781736
 0.74612 0.154175 0.0756672 0.0197603 0.00427756
 0.45985 0.463022 0.0468379 0.0229875 0.00730264
 0.330323 0.426056 0.208834 0.021125 0.0136616
 0.653902 0.173317 0.109925 0.0538805 0.00897516
 0.493093 0.402198 0.0524354 0.0332567 0.0190163
 0.363616 0.422416 0.16977 0.0221332 0.0220646
 0.645021 0.190329 0.109291 0.043924 0.0114352
 0.544708 0.358174 0.0520714 0.0299004 0.0151455
 0.259315 0.524353 0.170187 0.0247417 0.0214035
 0.379889 0.257 0.257057 0.0834317 0.0226221
pobs_pel_tallas
 0 0 0 0 0 0 0 0 0 0 0 0 0 0 0 0 0 0 0 0 0 0 0 0 0 0
 0 0 0 0 0 0 0 0 0 0 0 0 0 0 0 0 0 0 0 0 0 0 0 0 0 0
 0 0 0 0 0 0 0 0 0 0 0 0 0 0 0 0 0 0 0 0 0 0 0 0 0 0
 0 0 0 0 0 0 0 0 0 0 0 0 0 0 0 0 0 0 0 0 0 0 0 0 0 0
 0 0 0 0 0 0 0 0 0 0 0 0 0 0 0 0 0 0 0 0 0 0 0 0 0 0
 0 0 0 0 0 0 0 0 0 0 0 0 0 0 0 0 0 0 0 0 0 0 0 0 0 0
 0 0 0 0 0 0 0 0 0 0 0 0 0 0 0 0 0 0 0 0 0 0 0 0 0 0
 0 0 0 0 0 0 0 0 0 0 0 0 0 0 0 0 0 0 0 0 0 0 0 0 0 0
 0 0 0 0 0 0 0 0 0 0 0 0 0 0 0 0 0 0 0 0 0 0 0 0 0 0
 0 0 0 0 0 0 0 0 0 0 0 0 0 0 0 0 0 0 0 0 0 0 0 0 0 0
 0 0 0 0 0 0 0 0 0 0 0 0 0 0 0 0 0 0 0 0 0 0 0 0 0 0
 0 0 0 0 0 0 0 0 0 0 0 0 0 0 0 0 0 0 0 0 0 0 0 0 0 0
 0.00862536 0 0 0.000197151 0.00414017 0.0128641 0.00837892 0.0270097 0.101434 0.158115 0.152841 0.127902 0.109271 0.109419 0.0830992 0.0579132 0.0238553 0.00714673 0.00463305 0.00128148 0.00103504 0.000492878 0.000147863 0.000147863 4.92878e-05 0
 0 0 0 0 0 0 0 0 0 0 0 0 0 0 0 0 0 0 0 0 0 0 0 0 0 0
 0 0 0 0 0 0 0 0.0054083 0.00873648 0.0413646 0.0450493 0.0745869 0.0622846 0.0627006 0.0613931 0.0827291 0.12552 0.122667 0.0946155 0.0697135 0.0546179 0.0294188 0.0215738 0.0213955 0.0102223 0.00600262
 0 0 0 0 0.00359764 0.0251062 0.0480494 0.140153 0.205849 0.193036 0.1447 0.116669 0.0760912 0.0342217 0.00950174 0.001854 0.000860785 0 0 0 0.000165536 0 0.000143464 0 0 0
 0 0 0 0 0 0 0 0.000145254 0.000435761 0.0275982 0.070085 0.0708112 0.156366 0.174668 0.174014 0.160142 0.0824315 0.0480064 0.0283245 0.00493863 0.00203355 0 0 0 0 0
 0 0 0 0 0 0 0 0 0 0 0 0 0 0 0 0 0 0 0 0 0 0 0 0 0 0
 0 0 1.00437e-05 0.000401748 0.00122533 0.00171747 0.00176769 0.0269171 0.070346 0.194647 0.189555 0.159765 0.064822 0.0314167 0.0384472 0.0292271 0.0345202 0.0313363 0.0194345 0.0106764 0.0143323 0.0359363 0.0279516 0.0138201 0.00172751 0
 0 0.0021121 0.0136068 0.0755702 0.200478 0.177729 0.0527432 0.0373336 0.0318909 0.0142505 0.0149659 0.0166563 0.0217959 0.0798694 0.0677717 0.0528807 0.04013 0.0224614 0.0357745 0.0225083 0.00881397 0.00855152 0.00135912 0.000746735 0 0
 0 0 0 0 5.4009e-05 0.00500934 0.000945158 0.0243581 0.138947 0.33067 0.221406 0.137944 0.0707744 0.0437923 0.0131692 0.00525238 0.0047753 0.00276346 9.45158e-05 9.00151e-06 2.25038e-05 9.00151e-06 4.50075e-06 0 0 0
 0.000866109 0.00284123 0.00948549 0.0512746 0.133035 0.25785 0.225252 0.132002 0.0553304 0.0519788 0.0540692 0.017754 0.00435017 0.00159236 0.00146478 0.000404838 0.000125132 0.000115318 0.000107957 0.000100596 0 0 0 0 0 0
 0 0 0 0 0.00144013 0.00171154 0.00461396 0.0210425 0.0478622 0.0707936 0.0888783 0.103762 0.0637923 0.0337046 0.0602308 0.124433 0.169614 0.0934646 0.0462172 0.0250306 0.0313229 0.00938855 0.002487 0.000210481 0 0
 0 0.00764035 0.051015 0.0998891 0.058973 0.0496711 0.0374665 0.0718981 0.12319 0.153886 0.159021 0.0857701 0.0377988 0.023471 0.0147837 0.00900784 0.00315554 0.000888139 0.00291439 0.00214683 0.00393193 0.00274676 0.000635225 9.99891e-05 0 0
 0 0 0 0 0 0 0 0 0 0 0 0 0 0 0 0 0 0 0 0 0 0 0 0 0 0
 0 0 0 0 0 0 0 0 0 0 0 0 0 0 0 0 0 0 0 0 0 0 0 0 0 0
 0 0 0 0 0 0 0 0 0 0 0 0 0 0 0 0 0 0 0 0 0 0 0 0 0 0
 0 0 0 0 0 0 0 0 0 0 0 0 0 0 0 0 0 0 0 0 0 0 0 0 0 0
 0 0 0 0 0 0 0 0 0 0 0 0 0 0 0 0 0 0 0 0 0 0 0 0 0 0
 0 0 0 0 0 0 0 0 0 0 0 0 0 0 0 0 0 0 0 0 0 0 0 0 0 0
ppred_pel_tallas
 1.07798e-16 5.54714e-05 0.000539202 0.00358319 0.0162887 0.0506802 0.10798 0.157604 0.157624 0.108078 0.0510083 0.0172375 0.00596912 0.00576152 0.0100146 0.0165769 0.0241322 0.0308978 0.0350955 0.0359221 0.0339996 0.0308681 0.0279453 0.0257876 0.024098 0.0222521
 1.10529e-16 1.36675e-05 0.000132853 0.000882861 0.0040134 0.0124875 0.0266084 0.0388493 0.0389143 0.0269256 0.0135528 0.00709058 0.00860803 0.0170005 0.0320592 0.0530084 0.0764334 0.0962841 0.106402 0.103971 0.0911978 0.0737819 0.057452 0.0452702 0.0372607 0.0318004
 1.26857e-16 1.70329e-05 0.000165566 0.00110024 0.00500157 0.0155618 0.033157 0.0483984 0.0484211 0.0332685 0.0159383 0.00609762 0.00388461 0.00635365 0.0120918 0.020807 0.031945 0.0443069 0.056574 0.0680124 0.0785557 0.0880881 0.0956354 0.0993694 0.0975572 0.0896917
 1.0626e-16 7.3523e-05 0.00071467 0.00474923 0.0215893 0.0671724 0.143118 0.208886 0.208889 0.143136 0.0672322 0.0217624 0.0051858 0.00167498 0.00191953 0.00311775 0.00463382 0.00616066 0.0074599 0.0084766 0.00938201 0.0104358 0.0117603 0.0132028 0.0143838 0.0148831
 1.04161e-16 2.72997e-05 0.000265363 0.00176343 0.00801633 0.0249421 0.0531441 0.077578 0.0776388 0.0534408 0.025938 0.0108913 0.00897415 0.0159873 0.02983 0.0491259 0.0704257 0.0878567 0.0954655 0.0905402 0.0752895 0.0554627 0.0370463 0.0235559 0.0154624 0.0113322
 1.06479e-16 5.24378e-05 0.000509714 0.00338723 0.0153979 0.0479085 0.102075 0.148985 0.149003 0.102161 0.0482 0.0162426 0.00551841 0.00519773 0.00905987 0.0151651 0.0224674 0.029552 0.0349588 0.0379278 0.0387048 0.038098 0.0367126 0.034562 0.0313165 0.0268368
 1.09731e-16 2.83912e-05 0.000275973 0.00183394 0.00833685 0.0259393 0.0552683 0.080676 0.0807253 0.0555091 0.0267479 0.0106726 0.0076982 0.0130817 0.0243616 0.040266 0.0580952 0.0732733 0.0811708 0.0797066 0.0706017 0.0581865 0.0467416 0.0384392 0.0330912 0.0292728
 1.21218e-16 1.3288e-05 0.000129164 0.000858343 0.00390193 0.0121406 0.0258683 0.0377644 0.0378067 0.026075 0.0128357 0.00591503 0.0059315 0.0112702 0.021367 0.0358132 0.0527843 0.0688866 0.0806054 0.0862567 0.0867848 0.0846636 0.0818834 0.0787507 0.0742716 0.0674225
 1.44162e-16 1.10847e-05 0.000107747 0.000716017 0.00325492 0.0101274 0.0215784 0.0314992 0.031523 0.0216948 0.0105199 0.0043957 0.00360691 0.00651057 0.0124455 0.0212882 0.0324131 0.0445223 0.0563427 0.0674893 0.0785865 0.0903532 0.102378 0.112678 0.11846 0.117498
 1.36404e-16 4.45857e-05 0.000433389 0.00288002 0.0130922 0.0407347 0.0867899 0.126675 0.126685 0.0868429 0.0409131 0.0136103 0.00419116 0.00333181 0.00565954 0.00958759 0.0145513 0.0199599 0.025349 0.0307939 0.0369628 0.0446092 0.0538178 0.0635738 0.0719734 0.0769375
 1.09654e-16 5.98646e-05 0.000581906 0.00386697 0.0175787 0.0546939 0.116532 0.170086 0.170104 0.116623 0.0550004 0.0184638 0.00608894 0.00543343 0.00927745 0.0152553 0.0220083 0.0277799 0.0308533 0.0305151 0.0275268 0.0236483 0.0205779 0.019108 0.0189855 0.0193512
 1.03231e-16 5.6735e-05 0.000551484 0.00366481 0.0166597 0.0518347 0.11044 0.161196 0.161221 0.110564 0.0522495 0.017858 0.00667247 0.00711661 0.0125233 0.0206092 0.0296724 0.037293 0.0410437 0.0398087 0.0344469 0.0272075 0.0203841 0.0152535 0.0119071 0.00976578
 1.03188e-16 4.89613e-05 0.000475921 0.00316267 0.014377 0.0447325 0.0953085 0.139112 0.139144 0.0954658 0.0452607 0.0159029 0.00699369 0.00884207 0.0159465 0.0263075 0.0379429 0.0478171 0.052858 0.0516315 0.0451712 0.0362355 0.0276238 0.0208749 0.0161017 0.0126619
 1.04281e-16 4.99478e-05 0.00048551 0.00322639 0.0146667 0.0456337 0.0972285 0.141914 0.141943 0.0973686 0.0461043 0.0160266 0.00664278 0.00795306 0.0142601 0.0235685 0.0341156 0.0432531 0.0483002 0.0479987 0.0432185 0.0362825 0.0294905 0.0240199 0.0198492 0.0164007
 1.03272e-16 5.92441e-05 0.000575874 0.00382688 0.0173965 0.054127 0.115324 0.168323 0.168344 0.115426 0.0544687 0.0183839 0.00630695 0.0059949 0.0103658 0.0170819 0.0246925 0.0312432 0.0347776 0.0343882 0.0307347 0.0255514 0.0205616 0.0166554 0.0138146 0.0115763
 1.01058e-16 7.14734e-05 0.000694747 0.00461684 0.0209875 0.0652999 0.139129 0.203065 0.203076 0.139181 0.0654761 0.0214964 0.00589426 0.00348344 0.00536789 0.00876153 0.0126153 0.0158658 0.0174798 0.0169807 0.014725 0.0116548 0.00872982 0.00648236 0.00495321 0.00391244
 1.01533e-16 4.21855e-05 0.000410058 0.00272498 0.0123874 0.038542 0.0821195 0.119865 0.119909 0.0823333 0.0392597 0.0144595 0.00792326 0.011748 0.0215458 0.035476 0.0509192 0.0636491 0.0693841 0.066145 0.0554486 0.0413204 0.0279508 0.0178027 0.011246 0.00738859
 1.03428e-16 5.70772e-05 0.000554811 0.00368692 0.0167602 0.0521473 0.111106 0.162167 0.162187 0.111205 0.05248 0.0177224 0.00610657 0.00585178 0.0101602 0.0168188 0.024482 0.0313226 0.0354914 0.0360927 0.0336475 0.0296145 0.0253944 0.0216398 0.0182832 0.0150208
 1.03834e-16 4.96954e-05 0.000483057 0.00321009 0.0145926 0.0454032 0.0967374 0.141198 0.141229 0.096891 0.0459189 0.0160824 0.00695014 0.00864884 0.0155617 0.0256581 0.0369815 0.0465602 0.0513981 0.0501174 0.0437715 0.035109 0.0269043 0.0206581 0.0164214 0.0134646
 1.06378e-16 3.52969e-05 0.000343099 0.00228001 0.0103646 0.0322485 0.0687103 0.100293 0.100335 0.068915 0.032936 0.0123515 0.00727123 0.0112519 0.0207912 0.0344153 0.0498034 0.0631083 0.070408 0.0698633 0.0627554 0.0525016 0.0424949 0.0344871 0.0284633 0.0235719
 1.04929e-16 6.1457e-05 0.000597383 0.00396982 0.0180463 0.0561487 0.119631 0.174608 0.174623 0.119704 0.0563943 0.0187569 0.00575812 0.00451567 0.00754546 0.0124883 0.0182451 0.023493 0.026915 0.0278924 0.0268238 0.0247496 0.0226069 0.0207307 0.0189085 0.0167852
 1.05012e-16 3.78773e-05 0.000368181 0.0024467 0.0111224 0.034606 0.0737334 0.107625 0.10767 0.0739513 0.0353377 0.0132353 0.00774939 0.0119402 0.0220044 0.0362902 0.0522112 0.0655319 0.0719642 0.0695478 0.0598302 0.0468311 0.0346487 0.0255609 0.0197147 0.0160408
 1.10566e-16 2.72084e-05 0.000264475 0.00175753 0.00798951 0.0248586 0.0529653 0.0773131 0.0773544 0.0531672 0.0255372 0.00995256 0.00669629 0.011083 0.0206825 0.0344329 0.0502595 0.0645773 0.0736962 0.0758401 0.0720607 0.0652359 0.0580424 0.0515863 0.045522 0.039098
 1.10139e-16 5.38611e-05 0.000523549 0.00347917 0.0158158 0.0492089 0.104845 0.153028 0.153045 0.104928 0.0494861 0.0166185 0.00550152 0.00496342 0.00856021 0.0142628 0.0210061 0.0274061 0.0320857 0.0344278 0.0348841 0.0345092 0.0341113 0.0337342 0.0328079 0.0307067
 1.0817e-16 4.06155e-05 0.000394797 0.00262357 0.0119264 0.0371076 0.0790632 0.115403 0.115442 0.0792526 0.0377437 0.0137637 0.0072358 0.0104646 0.0191695 0.0316404 0.0456129 0.0574537 0.063501 0.0621095 0.0546495 0.0445775 0.0353413 0.0287387 0.0246843 0.0220601
 1.10961e-16 2.99507e-05 0.000291131 0.00193467 0.00879476 0.027364 0.0583034 0.085104 0.0851449 0.0585033 0.0280356 0.010737 0.00681854 0.010981 0.0204151 0.0339204 0.0493693 0.0631485 0.0715608 0.0728644 0.0682131 0.0606632 0.0531113 0.0468393 0.0415385 0.0363137
 1.09543e-16 5.31296e-05 0.000516438 0.00343192 0.015601 0.0485406 0.103422 0.150951 0.150969 0.103512 0.0488446 0.0164808 0.00564737 0.00537637 0.00935277 0.0155621 0.0228479 0.0296562 0.0344327 0.03647 0.0362702 0.0350505 0.0338127 0.0327511 0.0313744 0.0290739
 1.07156e-16 4.4867e-05 0.000436123 0.00289819 0.0131748 0.0409918 0.0873387 0.127481 0.127515 0.0875074 0.0415585 0.0148116 0.00700742 0.009409 0.0170935 0.0282094 0.0406871 0.0512921 0.0567685 0.0556479 0.0491339 0.0402744 0.0321037 0.0261954 0.0224687 0.0199512
 1.11149e-16 2.13596e-05 0.000207623 0.00137973 0.00627208 0.019515 0.0415807 0.0606989 0.0607496 0.0418285 0.0203474 0.00867829 0.00742713 0.0134339 0.0252133 0.0418391 0.0607137 0.0772812 0.0868786 0.0873216 0.080118 0.0692547 0.0586021 0.0500221 0.0432973 0.037318
 1.1968e-16 3.1291e-05 0.00030416 0.00202125 0.00918832 0.0285884 0.0609116 0.0889075 0.0889326 0.0610346 0.0290026 0.0103894 0.0050544 0.00698634 0.0129013 0.0217507 0.0324406 0.0431419 0.0519759 0.0580631 0.0618815 0.0645388 0.0666033 0.0675419 0.0661752 0.0616334
pSPR Fmed_Fpbrs
0.703287   0.285403 0.285403
Fs Fmed_Fpbrs
0.224805   1.005 1.005
SSBpbr Bo_Bmed_Bpbrs
2.07648e+06  1.35653e+06  488808 488808
Ro
193308
SPR SPRFo_SPRFmed_SPRFpbrs
1.37604e+06 967752 392726
Fref
1.005
log_Ro
11.992
likeval ReclasPelacesDesembMPH_pf_preclas_ppelaces_ptallas_desvR_qrecl_qpela
 17.7299 23.8126 1.23942 0.00299019 250.679 124.075 82.003 0 34.6618 0 0 3.80452 0 0 0
q_reclas_q_pelaces
1 1
M
1
N
 513340 85139 31320.9 11522.3 6705.71
 76688.3 171699 25891.1 9524.81 5543.22
 41342.5 25060.1 49839.2 7515.41 4373.8
 590108 13640.6 7415.73 14748.3 3518.23
 196862 191910 3921.58 2131.96 5251.48
 467833 70426.5 66763.4 1364.27 2568.62
 196857 160994 22670.8 21491.6 1266.03
 47036.5 64346.4 46757.4 6584.28 6609.51
 17433.1 16963.6 22750.2 16531.5 4664.78
 48458.7 5802.56 5108.61 6851.24 6383.27
 104280 14664.3 1444.42 1271.68 3294.45
 148923 35973 4743.61 467.241 1477.05
 117864 41153.7 7467.3 984.681 403.597
 95263.2 33340.8 8951.51 1624.24 301.97
 124080 22772.1 5178.78 1390.43 299.196
 452347 35780.2 5147.32 1170.59 381.915
 267932 129407 7959.99 1145.12 345.384
 526725 89026.9 38837.2 2388.92 447.323
 529300 169044 24925.6 10873.6 794.087
 270966 159220 41579.8 6130.97 2869.9
 726847 83259.3 40862.7 10671.2 2310.02
 411590 236132 23886.4 11723.2 3724.2
 184908 129365 63409 6414.27 4148.11
 429552 61667.3 39111.9 19171 3193.41
 327585 143505 18709 11866 6785.06
 179958 110562 44434.8 5793.05 5775.12
 390292 61876 35530.3 14279.7 3717.57
 376038 131665 19141.4 10991.3 5567.46
 120349 128234 41620.2 6050.75 5234.37
 114062 41560.6 41569.8 13492.1 3658.32
pred_Ctot
 29694.9 9475.85 3485.97 1282.42 746.336
 5468.61 23343 3519.97 1294.92 753.615
 2719.05 3154.15 6272.93 945.915 550.501
 43702.2 1922.35 1045.09 2078.45 495.818
 3436.04 6622.04 135.318 73.5655 181.208
 19198.9 5624.22 5331.69 108.95 205.129
 14006.7 21841.4 3075.66 2915.69 171.757
 585.427 1588.57 1154.34 162.552 163.175
 1058.01 1977.02 2651.41 1926.65 543.654
 5521.54 1224.12 1077.72 1445.35 1346.62
 4127.37 1130.58 111.362 98.0435 253.994
 23975.1 10375 1368.11 134.757 425.997
 17587.1 11092.8 2012.78 265.417 108.788
 21837.2 13039.1 3500.82 635.219 118.096
 17292.5 5772.71 1312.82 352.472 75.8458
 64894.1 9310.02 1339.33 304.588 99.3744
 16528.9 15320 942.352 135.566 40.8887
 42965.3 13748.4 5997.62 368.921 69.0801
 62006.7 36583.5 5394.26 2353.2 171.852
 28637.7 31334 8182.8 1206.56 564.789
 54262.3 11823.3 5802.73 1515.37 328.035
 38379.4 41353.1 4183.15 2053.04 652.208
 11010.3 14803.7 7256.15 734.011 474.686
 25144.1 6942.01 4402.91 2158.12 359.489
 17217.9 14564.3 1898.78 1204.28 688.616
 7476.25 8935.31 3591.11 468.18 466.73
 20620.7 6311.35 3624.09 1456.53 379.192
 17467.7 11858.5 1724 989.95 501.441
 4686.27 9730.68 3158.24 459.145 397.196
 6224.09 4373.14 4374.11 1419.68 384.94
F
 0.0951925 0.190385 0.190385 0.190385 0.190385
 0.118472 0.236943 0.236943 0.236943 0.236943
 0.108837 0.217674 0.217674 0.217674 0.217674
 0.12328 0.24656 0.24656 0.24656 0.24656
 0.0279353 0.0558707 0.0558707 0.0558707 0.0558707
 0.0667461 0.133492 0.133492 0.133492 0.133492
 0.118196 0.236392 0.236392 0.236392 0.236392
 0.0198534 0.0397068 0.0397068 0.0397068 0.0397068
 0.100072 0.200144 0.200144 0.200144 0.200144
 0.195295 0.39059 0.39059 0.39059 0.39059
 0.0643099 0.12862 0.12862 0.12862 0.12862
 0.286118 0.572235 0.572235 0.572235 0.572235
 0.262746 0.525492 0.525492 0.525492 0.525492
 0.431106 0.862212 0.862212 0.862212 0.862212
 0.243531 0.487062 0.487062 0.487062 0.487062
 0.251483 0.502967 0.502967 0.502967 0.502967
 0.101794 0.203588 0.203588 0.203588 0.203588
 0.136521 0.273042 0.273042 0.273042 0.273042
 0.201272 0.402544 0.402544 0.402544 0.402544
 0.180033 0.360066 0.360066 0.360066 0.360066
 0.124326 0.248651 0.248651 0.248651 0.248651
 0.157392 0.314784 0.314784 0.314784 0.314784
 0.0981042 0.196208 0.196208 0.196208 0.196208
 0.0963735 0.192747 0.192747 0.192747 0.192747
 0.0861735 0.172347 0.172347 0.172347 0.172347
 0.0675934 0.135187 0.135187 0.135187 0.135187
 0.0866391 0.173278 0.173278 0.173278 0.173278
 0.0758357 0.151671 0.151671 0.151671 0.151671
 0.063241 0.126482 0.126482 0.126482 0.126482
 0.0895905 0.179181 0.179181 0.179181 0.179181
nmprior
 8 8 7 0
nm_flota  nm_reclas  nm_pelaces    nm_pelaL
inf 6.04299 9.95407 15.7616
cv_recla  cv_pelaces  cv_mph
0.389834 0.574206 1.68754
 ------------------------------------------------
Talla a la edad & desviación 
 8 13.2811 15.8009 17.003 17.5766
 0.8 1.32811 1.58009 1.7003 1.75766
