years
 1991 1992 1993 1994 1995 1996 1997 1998 1999 2000 2001 2002 2003 2004 2005 2006 2007 2008 2009 2010 2011 2012 2013 2014 2015 2016 2017 2018 2019 2020
reclasobs
 0 0 0 0 0 0 0 0 0 252601 567819 844713 477998 351125 339783 2.1784e+06 2.13404e+06 4.81314e+06 1.55562e+06 2.62356e+06 3.21686e+06 3.843e+06 1.13348e+06 3.07943e+06 1.97215e+06 2.03268e+06 2.025e+06 2.42433e+06 2.27542e+06 1.05018e+06
reclaspred
 2.68647e+06 2.09306e+06 1.17266e+06 1.00896e+06 1.19748e+06 1.60604e+06 1.24037e+06 1.15706e+06 844848 653203 579912 692106 671101 574132 704455 1.13069e+06 1.64614e+06 2.5175e+06 2.34034e+06 1.92226e+06 3.28796e+06 2.53289e+06 2.42902e+06 3.10065e+06 2.74143e+06 2.51776e+06 2.51387e+06 2.52237e+06 2.85175e+06 2.02947e+06
pelacesobs
 0 0 0 0 0 0 0 0 0 0 0 0 0 0 0 552880 188675 0 991730 2.46772e+06 1.41603e+06 1.21717e+06 2.29649e+06 1.80582e+06 0 1.4828e+06 1.56532e+06 1.57751e+06 1.42118e+06 867257
pelacespred
 1.15777e+06 1.00544e+06 593260 449487 536499 719933 557103 589549 448278 322955 306972 291536 305426 280065 363914 487063 690815 1.11412e+06 1.15932e+06 905941 1.36314e+06 1.26059e+06 1.15524e+06 1.57168e+06 1.42456e+06 1.24855e+06 1.4009e+06 1.44342e+06 1.3171e+06 1.05436e+06
mphobs
 0 0 0 0 0 0 0 0 0 0 0 498337 0 5186 125008 0 168611 109162 213762 579715 649985 157893 87575 83554 0 0 0 0 0 0
mphpred
 2.02935e+06 2.18512e+06 1.25208e+06 728296 894517 1.0461e+06 1.28056e+06 854792 841027 588625 426019 548537 509051 458195 384833 646648 1.14053e+06 1.48786e+06 1.93743e+06 1.70463e+06 1.90629e+06 2.32843e+06 2.013e+06 1.89202e+06 2.59247e+06 2.10847e+06 1.80132e+06 1.87663e+06 2.54048e+06 1.86994e+06
desembarqueobs
 494567 514787 250237 358949 120608 361735 552515 73892 212993 205616 52469 317467 293654 387597 252695 516296 358380 742168 942051 627588 828172 859565 418607 520667 417249 300574 407403 355545 319650 289779
desembarquepred
 494422 508713 253055 359079 120677 361674 552958 73992.8 213239 205883 52504.1 317759 293917 387970 252871 516620 358633 742137 943035 628617 828906 859380 418489 520438 417128 300382 407292 355350 319513 289843
Reclutas
 480287 80068.2 106703 257040 204822 291170 125376 85834.8 57111.6 87325.9 137499 141921 149068 117452 162790 434555 222192 604674 562535 376974 548770 622304 223123 477431 383076 199207 403439 442305 170504 178820
log_desv_Rt
 0.75982 -1.03169 -0.744514 0.134666 -0.0924246 0.259342 -0.583247 -0.96214 -1.36956 -0.944917 -0.490947 -0.459296 -0.410165 -0.648536 -0.322102 0.659758 -0.0110242 0.990125 0.917888 0.517612 0.893114 1.01886 -0.00684336 0.753855 0.53367 -0.120221 0.58546 0.677436 -0.275806 -0.228184
SSB
 2.02935e+06 2.18512e+06 1.25208e+06 728296 894517 1.0461e+06 1.28056e+06 854792 841027 588625 426019 548537 509051 458195 384833 646648 1.14053e+06 1.48786e+06 1.93743e+06 1.70463e+06 1.90629e+06 2.32843e+06 2.013e+06 1.89202e+06 2.59247e+06 2.10847e+06 1.80132e+06 1.87663e+06 2.54048e+06 1.86994e+06
BT
 3.6015e+06 2.89196e+06 1.68867e+06 1.69824e+06 1.57803e+06 2.55125e+06 1.93113e+06 1.81122e+06 1.43639e+06 1.11713e+06 988141 1.12897e+06 1.2189e+06 1.33337e+06 1.56731e+06 2.11596e+06 2.29421e+06 4.30435e+06 4.49569e+06 3.11867e+06 5.0127e+06 4.43052e+06 3.5627e+06 5.71513e+06 4.18598e+06 3.71489e+06 4.95026e+06 4.99225e+06 3.54407e+06 3.11874e+06
Ftot
 0.174283 0.228535 0.20346 0.332873 0.0959952 0.212677 0.412019 0.0610831 0.237536 0.295179 0.0863623 0.425068 0.406677 0.616307 0.336842 0.42541 0.205775 0.277148 0.375315 0.306162 0.237579 0.31736 0.163185 0.159292 0.14435 0.113468 0.153785 0.133949 0.106568 0.135578
BD_Bspro_t
 0.9725 0.846904 0.702603 0.623629 0.667683 0.746978 0.726895 0.599483 0.680368 0.64227 0.628977 0.751517 0.62439 0.552457 0.493019 0.603414 0.647433 0.690682 0.694487 0.635384 0.616415 0.65685 0.657148 0.682454 0.767595 0.772 0.78229 0.806186 0.841507 0.798621
BD_Bspro
 1.26899 1.3664 0.78295 0.455418 0.559359 0.654148 0.800758 0.534518 0.525911 0.368079 0.266398 0.343012 0.31832 0.286519 0.240644 0.404362 0.713194 0.93039 1.21152 1.06594 1.19204 1.45601 1.25877 1.18312 1.62112 1.31847 1.1264 1.1735 1.58862 1.16931
BD_Bo
 0.96608 1.04023 0.596056 0.346708 0.425838 0.498001 0.609614 0.406927 0.400374 0.280217 0.202808 0.261133 0.242336 0.218125 0.183201 0.307839 0.542952 0.708302 0.922322 0.811498 0.907497 1.10846 0.958298 0.900705 1.23415 1.00375 0.857526 0.893377 1.20941 0.890193
BD_Brms
 4.10394 4.41895 2.53207 1.47283 1.80898 2.11553 2.58966 1.72864 1.70081 1.19037 0.861537 1.1093 1.02945 0.926605 0.778246 1.30771 2.30648 3.00889 3.91806 3.44727 3.85508 4.70877 4.07089 3.82623 5.24273 4.26396 3.6428 3.7951 5.13761 3.78157
Sel_flota
 0.5 1 1 1 1
 0.5 1 1 1 1
 0.5 1 1 1 1
 0.5 1 1 1 1
 0.5 1 1 1 1
 0.5 1 1 1 1
 0.5 1 1 1 1
 0.5 1 1 1 1
 0.5 1 1 1 1
 0.5 1 1 1 1
 0.5 1 1 1 1
 0.5 1 1 1 1
 0.5 1 1 1 1
 0.5 1 1 1 1
 0.5 1 1 1 1
 0.5 1 1 1 1
 0.5 1 1 1 1
 0.5 1 1 1 1
 0.5 1 1 1 1
 0.5 1 1 1 1
 0.5 1 1 1 1
 0.5 1 1 1 1
 0.5 1 1 1 1
 0.5 1 1 1 1
 0.5 1 1 1 1
 0.5 1 1 1 1
 0.5 1 1 1 1
 0.5 1 1 1 1
 0.5 1 1 1 1
 0.5 1 1 1 1
Sel_reclas
 0.5 1 1 1 1
 0.5 1 1 1 1
 0.5 1 1 1 1
 0.5 1 1 1 1
 0.5 1 1 1 1
 0.5 1 1 1 1
 0.5 1 1 1 1
 0.5 1 1 1 1
 0.5 1 1 1 1
 0.5 1 1 1 1
 0.5 1 1 1 1
 0.5 1 1 1 1
 0.5 1 1 1 1
 0.5 1 1 1 1
 0.5 1 1 1 1
 0.5 1 1 1 1
 0.5 1 1 1 1
 0.5 1 1 1 1
 0.5 1 1 1 1
 0.5 1 1 1 1
 0.5 1 1 1 1
 0.5 1 1 1 1
 0.5 1 1 1 1
 0.5 1 1 1 1
 0.5 1 1 1 1
 0.5 1 1 1 1
 0.5 1 1 1 1
 0.5 1 1 1 1
 0.5 1 1 1 1
 0.5 1 1 1 1
Sel_pelaces
 0.5 1 1 1 1
 0.5 1 1 1 1
 0.5 1 1 1 1
 0.5 1 1 1 1
 0.5 1 1 1 1
 0.5 1 1 1 1
 0.5 1 1 1 1
 0.5 1 1 1 1
 0.5 1 1 1 1
 0.5 1 1 1 1
 0.5 1 1 1 1
 0.5 1 1 1 1
 0.5 1 1 1 1
 0.5 1 1 1 1
 0.5 1 1 1 1
 0.5 1 1 1 1
 0.5 1 1 1 1
 0.5 1 1 1 1
 0.5 1 1 1 1
 0.5 1 1 1 1
 0.5 1 1 1 1
 0.5 1 1 1 1
 0.5 1 1 1 1
 0.5 1 1 1 1
 0.5 1 1 1 1
 0.5 1 1 1 1
 0.5 1 1 1 1
 0.5 1 1 1 1
 0.5 1 1 1 1
 0.5 1 1 1 1
pf_obs 
 0.8446 0.082 0.0669 0.0065 0
 0.8095 0.147 0.0364 0.0071 0
 0.9664 0.0169 0.016 0.0007 0
 0.9276 0.0648 0.0075 0.0001 0
 0.7033 0.2144 0.0806 0.0017 0
 0.9318 0.0425 0.0243 0.0014 0
 0.5671 0.3108 0.0964 0.0239 0.0018
 0.0768 0.2599 0.5324 0.112 0.0189
 0.490249 0.384438 0.106611 0.0170017 0.00170017
 0.7925 0.1577 0.0466 0.003 0.0002
 0.840416 0.127587 0.0312969 0.00059994 9.999e-05
 0.8084 0.0986 0.0794 0.0134 0.0002
 0.7335 0.1905 0.0724 0.0035 0.0001
 0.4001 0.4547 0.1325 0.0127 0
 0.49795 0.308269 0.164784 0.0264974 0.00249975
 0.9179 0.0499 0.0305 0.0017 0
 0.2467 0.6533 0.0926 0.0074 0
 0.9418 0.0223 0.034 0.0019 0
 0.707729 0.231977 0.0356964 0.0245975 0
 0.517169 0.277429 0.184464 0.0207286 0.00020938
 0.811772 0.124168 0.05621 0.00726502 0.000585176
 0.764997 0.148141 0.077277 0.00933861 0.000247198
 0.163321 0.427699 0.378323 0.0303852 0.000271297
 0.753843 0.0900009 0.118128 0.0371064 0.000921714
 0.721811 0.176058 0.0630433 0.0369309 0.00215725
 0.143369 0.312575 0.442814 0.0836902 0.0175525
 0.692698 0.0596174 0.167031 0.0765114 0.00414204
 0.394062 0.376323 0.152708 0.0712218 0.00568511
 0.125707 0.32114 0.495352 0.0537591 0.00404204
 0.23352 0.215282 0.420074 0.123614 0.00750983
pf_pred 
 0.613851 0.244093 0.0897968 0.0330344 0.0192252
 0.16622 0.642007 0.121224 0.0445957 0.0259537
 0.387627 0.183176 0.330479 0.0624011 0.036316
 0.689577 0.178037 0.0395998 0.0714445 0.0213411
 0.520149 0.398667 0.0465618 0.0103565 0.024266
 0.593693 0.280515 0.10451 0.0122061 0.00907625
 0.348236 0.493304 0.109401 0.0407591 0.00830016
 0.388058 0.335133 0.20951 0.0464635 0.0208358
 0.355362 0.363281 0.154087 0.0963279 0.0309427
 0.573684 0.231061 0.110034 0.0466714 0.038549
 0.653281 0.258725 0.0476922 0.0227116 0.0175899
 0.558518 0.350738 0.0677143 0.0124822 0.0105478
 0.586739 0.306709 0.0846507 0.0163429 0.0055583
 0.529609 0.358706 0.0828888 0.022877 0.00591885
 0.667257 0.243389 0.0681383 0.0157452 0.00546994
 0.79209 0.16968 0.0279637 0.00782862 0.00243747
 0.445559 0.497101 0.0467965 0.00771217 0.00283131
 0.732195 0.168931 0.0886485 0.00834526 0.00188023
 0.57247 0.365933 0.0388551 0.0203897 0.00235192
 0.466984 0.399743 0.114072 0.0121122 0.00708921
 0.614036 0.25382 0.0991033 0.0282804 0.00476037
 0.588545 0.318266 0.0612837 0.0239281 0.00797755
 0.309427 0.524044 0.128812 0.0248035 0.0129132
 0.612392 0.187858 0.151581 0.0372592 0.0109096
 0.483015 0.397097 0.0581045 0.0468841 0.0148987
 0.339502 0.436596 0.171979 0.0251646 0.0267576
 0.607691 0.202139 0.125705 0.0495163 0.0149494
 0.55832 0.337561 0.0536476 0.0333621 0.0171092
 0.293236 0.512066 0.148801 0.0236486 0.0222484
 0.416243 0.26927 0.227853 0.0662117 0.0204226
pobs_RECLAS
 0 0 0 0 0
 0 0 0 0 0
 0 0 0 0 0
 0 0 0 0 0
 0 0 0 0 0
 0 0 0 0 0
 0 0 0 0 0
 0 0 0 0 0
 0 0 0 0 0
 0 0 0 0 0
 0.991045 0.00858322 0.000360255 1.14367e-05 0
 0.934742 0.0480273 0.0164251 0.00080598 0
 0.827803 0.169806 0.00239088 0 0
 0.941827 0.0461693 0.0120037 0 0
 0.791401 0.0380133 0.147996 0.0225897 0
 0.846168 0.0940531 0.0597789 0 0
 0.134021 0.677848 0.182769 0.00536245 0
 0.80878 0.0450904 0.141981 0.00414843 0
 0.846168 0.0940531 0.0597789 0 0
 0.905697 0.0802665 0.012482 0.00150086 5.37128e-05
 0.989698 0.0102097 9.19794e-05 0 0
 0.975433 0.0193895 0.00387452 0.00125025 5.28907e-05
 0.303575 0.632131 0.0575291 0.00676475 0
 0.966965 0.00978017 0.0227588 0.000495775 0
 0.843318 0.132988 0.00938335 0.0141283 0.000182051
 0.564624 0.303363 0.111486 0.0197234 0.00080311
 0.826376 0.0876187 0.0782897 0.00655872 0.00115652
 0.89761 0.0855135 0.0140674 0.00269457 0.000114338
 0.34875 0.467042 0.161289 0.0227151 0.000203297
 0.318654 0.224769 0.449479 0.00709798 0
ppred_RECLAS
 0.615755 0.242889 0.089354 0.0328715 0.0191304
 0.167738 0.640838 0.121003 0.0445146 0.0259064
 0.389899 0.182497 0.329253 0.0621696 0.0361813
 0.693182 0.17597 0.0391399 0.0706148 0.0210933
 0.521199 0.397794 0.0464599 0.0103338 0.0242129
 0.596115 0.278843 0.103887 0.0121334 0.00902214
 0.353212 0.489537 0.108566 0.0404479 0.00823679
 0.388679 0.334793 0.209297 0.0464163 0.0208147
 0.357977 0.361807 0.153462 0.095937 0.0308172
 0.577266 0.22912 0.10911 0.0462794 0.0382252
 0.654133 0.25809 0.0475751 0.0226558 0.0175467
 0.564109 0.346296 0.0668569 0.0123241 0.0104143
 0.591944 0.302846 0.0835845 0.0161371 0.0054883
 0.538632 0.351826 0.0812988 0.0224382 0.00580531
 0.671051 0.240614 0.0673615 0.0155657 0.00540758
 0.795808 0.166646 0.0274637 0.00768863 0.00239389
 0.447952 0.494955 0.0465945 0.00767888 0.00281909
 0.734857 0.167252 0.0877673 0.0082623 0.00186154
 0.577238 0.361852 0.0384218 0.0201623 0.00232569
 0.470794 0.396885 0.113256 0.0120256 0.00703852
 0.616735 0.252045 0.0984104 0.0280827 0.00472709
 0.592406 0.315279 0.0607087 0.0237036 0.0079027
 0.311027 0.52283 0.128514 0.024746 0.0128833
 0.614119 0.187021 0.150906 0.0370933 0.0108611
 0.484647 0.395844 0.0579212 0.0467361 0.0148517
 0.340632 0.43585 0.171685 0.0251215 0.0267118
 0.609359 0.201279 0.12517 0.0493057 0.0148858
 0.559805 0.336426 0.0534673 0.0332499 0.0170517
 0.294212 0.511359 0.148596 0.0236159 0.0222177
 0.417726 0.268586 0.227274 0.0660434 0.0203708
pobs_PELACES
 0 0 0 0 0
 0 0 0 0 0
 0 0 0 0 0
 0 0 0 0 0
 0 0 0 0 0
 0 0 0 0 0
 0 0 0 0 0
 0 0 0 0 0
 0 0 0 0 0
 0 0 0 0 0
 0 0 0 0 0
 0 0 0 0 0
 0 0 0 0 0
 0 0 0 0 0
 0 0 0 0 0
 0 0 0 0 0
 0.505614 0.472636 0.0217494 0 0
 0 0 0 0 0
 0.443492 0.261883 0.143347 0.151278 0
 0.227955 0.32914 0.350689 0.0885471 0.00366901
 0.970185 0.0296113 0.000203453 0 0
 0.997202 0.00247181 0.000326279 0 0
 0.445219 0.490057 0.0546422 0.010081 0
 0.90214 0.0892962 0.00764917 0.000914606 0
 0 0 0 0 0
 0.581667 0.319106 0.0959925 0.00289975 0.000334073
 0.762889 0.0836404 0.116647 0.0363945 0.000428098
 0.88444 0.0763242 0.0277011 0.0115352 0
 0.521256 0.241999 0.230069 0.00667565 0
 0.616807 0.101726 0.260614 0.0208532 0
ppred_PELACES
 0.622536 0.238603 0.0877771 0.0322914 0.0187928
 0.173068 0.636734 0.120228 0.0442295 0.0257405
 0.397914 0.180099 0.324928 0.0613529 0.035706
 0.704738 0.169342 0.0376658 0.0679552 0.0202988
 0.52515 0.394512 0.0460765 0.0102485 0.0240131
 0.604534 0.27303 0.101721 0.0118804 0.00883406
 0.368893 0.477669 0.105934 0.0394673 0.00803709
 0.391076 0.33348 0.208476 0.0462343 0.020733
 0.367035 0.356703 0.151297 0.0945836 0.0303825
 0.589104 0.222704 0.106054 0.0449833 0.0371547
 0.657349 0.255689 0.0471326 0.0224451 0.0173835
 0.58127 0.332662 0.0642246 0.0118389 0.0100043
 0.608047 0.290895 0.0802861 0.0155002 0.00527172
 0.563783 0.332647 0.076867 0.021215 0.00548885
 0.683201 0.231727 0.0648735 0.0149908 0.00520785
 0.806977 0.15753 0.0259614 0.00726805 0.00226294
 0.456363 0.487415 0.0458846 0.0075619 0.00277614
 0.743671 0.161692 0.0848497 0.00798765 0.00179966
 0.592274 0.348983 0.0370553 0.0194452 0.00224298
 0.483396 0.387434 0.110559 0.0117393 0.00687091
 0.625957 0.24598 0.0960423 0.0274069 0.00461334
 0.604986 0.305548 0.058835 0.022972 0.00765878
 0.316826 0.51843 0.127432 0.0245377 0.0127749
 0.620328 0.184012 0.148477 0.0364964 0.0106863
 0.490598 0.391273 0.0572524 0.0461965 0.0146802
 0.344849 0.433062 0.170587 0.0249608 0.026541
 0.615382 0.198176 0.12324 0.0485455 0.0146563
 0.565244 0.33227 0.0528067 0.0328391 0.016841
 0.297876 0.508704 0.147824 0.0234933 0.0221023
 0.423177 0.266072 0.225146 0.0654252 0.0201801
pobs_pel_tallas
 0 0 0 0 0 0 0 0 0 0 0 0 0 0 0 0 0 0 0 0 0 0 0 0 0 0
 0 0 0 0 0 0 0 0 0 0 0 0 0 0 0 0 0 0 0 0 0 0 0 0 0 0
 0 0 0 0 0 0 0 0 0 0 0 0 0 0 0 0 0 0 0 0 0 0 0 0 0 0
 0 0 0 0 0 0 0 0 0 0 0 0 0 0 0 0 0 0 0 0 0 0 0 0 0 0
 0 0 0 0 0 0 0 0 0 0 0 0 0 0 0 0 0 0 0 0 0 0 0 0 0 0
 0 0 0 0 0 0 0 0 0 0 0 0 0 0 0 0 0 0 0 0 0 0 0 0 0 0
 0 0 0 0 0 0 0 0 0 0 0 0 0 0 0 0 0 0 0 0 0 0 0 0 0 0
 0 0 0 0 0 0 0 0 0 0 0 0 0 0 0 0 0 0 0 0 0 0 0 0 0 0
 0 0 0 0 0 0 0 0 0 0 0 0 0 0 0 0 0 0 0 0 0 0 0 0 0 0
 0 0 0 0 0 0 0 0 0 0 0 0 0 0 0 0 0 0 0 0 0 0 0 0 0 0
 0 0 0 0 0 0 0 0 0 0 0 0 0 0 0 0 0 0 0 0 0 0 0 0 0 0
 0 0 0 0 0 0 0 0 0 0 0 0 0 0 0 0 0 0 0 0 0 0 0 0 0 0
 0.00862536 0 0 0.000197151 0.00414017 0.0128641 0.00837892 0.0270097 0.101434 0.158115 0.152841 0.127902 0.109271 0.109419 0.0830992 0.0579132 0.0238553 0.00714673 0.00463305 0.00128148 0.00103504 0.000492878 0.000147863 0.000147863 4.92878e-05 0
 0 0 0 0 0 0 0 0 0 0 0 0 0 0 0 0 0 0 0 0 0 0 0 0 0 0
 0 0 0 0 0 0 0 0.0054083 0.00873648 0.0413646 0.0450493 0.0745869 0.0622846 0.0627006 0.0613931 0.0827291 0.12552 0.122667 0.0946155 0.0697135 0.0546179 0.0294188 0.0215738 0.0213955 0.0102223 0.00600262
 0 0 0 0 0.00359764 0.0251062 0.0480494 0.140153 0.205849 0.193036 0.1447 0.116669 0.0760912 0.0342217 0.00950174 0.001854 0.000860785 0 0 0 0.000165536 0 0.000143464 0 0 0
 0 0 0 0 0 0 0 0.000145254 0.000435761 0.0275982 0.070085 0.0708112 0.156366 0.174668 0.174014 0.160142 0.0824315 0.0480064 0.0283245 0.00493863 0.00203355 0 0 0 0 0
 0 0 0 0 0 0 0 0 0 0 0 0 0 0 0 0 0 0 0 0 0 0 0 0 0 0
 0 0 1.00437e-05 0.000401748 0.00122533 0.00171747 0.00176769 0.0269171 0.070346 0.194647 0.189555 0.159765 0.064822 0.0314167 0.0384472 0.0292271 0.0345202 0.0313363 0.0194345 0.0106764 0.0143323 0.0359363 0.0279516 0.0138201 0.00172751 0
 0 0.0021121 0.0136068 0.0755702 0.200478 0.177729 0.0527432 0.0373336 0.0318909 0.0142505 0.0149659 0.0166563 0.0217959 0.0798694 0.0677717 0.0528807 0.04013 0.0224614 0.0357745 0.0225083 0.00881397 0.00855152 0.00135912 0.000746735 0 0
 0 0 0 0 5.4009e-05 0.00500934 0.000945158 0.0243581 0.138947 0.33067 0.221406 0.137944 0.0707744 0.0437923 0.0131692 0.00525238 0.0047753 0.00276346 9.45158e-05 9.00151e-06 2.25038e-05 9.00151e-06 4.50075e-06 0 0 0
 0.000866109 0.00284123 0.00948549 0.0512746 0.133035 0.25785 0.225252 0.132002 0.0553304 0.0519788 0.0540692 0.017754 0.00435017 0.00159236 0.00146478 0.000404838 0.000125132 0.000115318 0.000107957 0.000100596 0 0 0 0 0 0
 0 0 0 0 0.00144013 0.00171154 0.00461396 0.0210425 0.0478622 0.0707936 0.0888783 0.103762 0.0637923 0.0337046 0.0602308 0.124433 0.169614 0.0934646 0.0462172 0.0250306 0.0313229 0.00938855 0.002487 0.000210481 0 0
 0 0.00764035 0.051015 0.0998891 0.058973 0.0496711 0.0374665 0.0718981 0.12319 0.153886 0.159021 0.0857701 0.0377988 0.023471 0.0147837 0.00900784 0.00315554 0.000888139 0.00291439 0.00214683 0.00393193 0.00274676 0.000635225 9.99891e-05 0 0
 0 0 0 0 0 0 0 0 0 0 0 0 0 0 0 0 0 0 0 0 0 0 0 0 0 0
 0 0 0 0 0 0 0 0 0 0 0 0 0 0 0 0 0 0 0 0 0 0 0 0 0 0
 0 0 0 0 0 0 0 0 0 0 0 0 0 0 0 0 0 0 0 0 0 0 0 0 0 0
 0 0 0 0 0 0 0 0 0 0 0 0 0 0 0 0 0 0 0 0 0 0 0 0 0 0
 0 0 0 0 0 0 0 0 0 0 0 0 0 0 0 0 0 0 0 0 0 0 0 0 0 0
 0 0 0 0 0 0 0 0 0 0 0 0 0 0 0 0 0 0 0 0 0 0 0 0 0 0
ppred_pel_tallas
 1.09013e-16 5.12775e-05 0.000498435 0.00331228 0.0150572 0.0468485 0.0998166 0.14569 0.145713 0.0999295 0.0472278 0.016154 0.00607024 0.00653503 0.0115632 0.0191607 0.0278949 0.0357155 0.0405678 0.0415233 0.039301 0.0356811 0.0323027 0.0298085 0.0278555 0.0257217
 1.12424e-16 1.42555e-05 0.000138569 0.00092084 0.00418604 0.0130247 0.0277527 0.0405187 0.0405802 0.0280529 0.0140328 0.00709863 0.00823486 0.0161153 0.0303876 0.0502962 0.0726494 0.0917866 0.101945 0.100496 0.0894958 0.0742212 0.0599064 0.04924 0.0420805 0.0368246
 1.21619e-16 3.27757e-05 0.000318591 0.00211715 0.00962428 0.0299448 0.0638012 0.0931234 0.0931413 0.0638886 0.0302398 0.0104827 0.00429564 0.0051533 0.00944731 0.016176 0.024728 0.0340991 0.0432234 0.0515464 0.0591168 0.0660193 0.0716881 0.0748266 0.0740766 0.0688887
 1.11381e-16 5.80484e-05 0.000564251 0.00374965 0.0170454 0.0530345 0.112996 0.164925 0.164941 0.113076 0.0533033 0.0178224 0.00570283 0.0048374 0.00820238 0.0135483 0.0197116 0.0252421 0.0287395 0.0296541 0.0286454 0.0271164 0.0262777 0.0264598 0.0270995 0.0272469
 1.06523e-16 4.3256e-05 0.000420464 0.00279413 0.0127017 0.0395201 0.0842031 0.122905 0.122943 0.0843888 0.0401437 0.0145028 0.00731452 0.0102869 0.0187772 0.0309637 0.044579 0.056023 0.0616631 0.05985 0.0519169 0.0412896 0.0314423 0.0242766 0.0198569 0.0171947
 1.05692e-16 4.97948e-05 0.000484023 0.0032165 0.0146218 0.0454939 0.0969305 0.141478 0.141505 0.0970597 0.0459277 0.0158761 0.00636983 0.00738364 0.0132 0.0218648 0.031775 0.0405474 0.045765 0.0462841 0.0428514 0.0374728 0.0320797 0.0275776 0.0238413 0.0203441
 1.08498e-16 3.03854e-05 0.000295356 0.00196275 0.0089224 0.0277612 0.0591498 0.0863405 0.0863866 0.0593751 0.0285179 0.0111091 0.0074552 0.0122968 0.0228572 0.0378291 0.0547035 0.0692432 0.0771399 0.0764097 0.0685411 0.0573928 0.0467722 0.0386041 0.0327664 0.0281376
 1.14247e-16 3.22125e-05 0.000313117 0.00208078 0.00945892 0.0294304 0.0627057 0.0915277 0.0915601 0.0628642 0.0299633 0.0110015 0.00596576 0.00883705 0.0163472 0.027306 0.0401106 0.0520775 0.0604559 0.0639446 0.0633345 0.0606723 0.0576797 0.0547646 0.0512492 0.0463171
 1.19085e-16 3.02322e-05 0.000293868 0.00195286 0.00887743 0.0276212 0.0588511 0.0859021 0.0859367 0.0590201 0.0281892 0.0105207 0.00608748 0.0093524 0.0173314 0.0288641 0.0421988 0.0544074 0.0625402 0.0653141 0.0638385 0.0606811 0.0580411 0.0565 0.0551281 0.0525197
 1.13917e-16 4.85238e-05 0.000471668 0.0031344 0.0142486 0.0443327 0.0944562 0.137866 0.137888 0.0945618 0.0446877 0.0152757 0.00571963 0.0061382 0.0108787 0.01809 0.0264898 0.0342478 0.0395419 0.0415836 0.0410602 0.0395491 0.038382 0.0378757 0.0374079 0.0360644
 1.06619e-16 5.41451e-05 0.000526309 0.00349751 0.0158992 0.0494684 0.105399 0.153838 0.153862 0.105519 0.0498733 0.0170689 0.00643497 0.00694336 0.0122551 0.0202121 0.0292034 0.0369287 0.04109 0.040657 0.0364838 0.0307081 0.0254272 0.0216799 0.0193316 0.0176395
 1.04819e-16 4.78785e-05 0.000465396 0.00309272 0.0140591 0.0437432 0.0932007 0.136036 0.136068 0.0933576 0.0442699 0.0155806 0.0069132 0.00881012 0.0159095 0.0262613 0.037909 0.047847 0.0530375 0.0520751 0.0460039 0.0375667 0.0295176 0.0233258 0.0190209 0.0158812
 1.04838e-16 5.00841e-05 0.000486835 0.00323519 0.0147067 0.0457582 0.0974938 0.142301 0.142329 0.0976311 0.0462196 0.01604 0.00658488 0.00780935 0.0139866 0.0231209 0.0334828 0.042484 0.0475069 0.0473272 0.0428012 0.0361996 0.0297588 0.0246046 0.020683 0.0173987
 1.0536e-16 4.64381e-05 0.000451395 0.00299968 0.0136361 0.0424272 0.0903969 0.131944 0.131976 0.0905538 0.0429543 0.0151591 0.00682511 0.00881054 0.0159461 0.0263521 0.0381057 0.0482332 0.0537253 0.0531873 0.0476377 0.0397477 0.0321642 0.0262446 0.0219436 0.0185328
 1.04317e-16 5.62744e-05 0.000547007 0.00363506 0.0165245 0.0514138 0.109543 0.159887 0.159909 0.109653 0.0517814 0.0175867 0.00630405 0.00638198 0.0111631 0.0184317 0.0267006 0.0339011 0.0379551 0.0378951 0.0344079 0.0292998 0.0243395 0.0204008 0.0174117 0.0148713
 1.01902e-16 6.64697e-05 0.000646109 0.00429362 0.0195182 0.0607284 0.129389 0.18885 0.188865 0.129463 0.0609777 0.0202382 0.00610122 0.00459321 0.00756598 0.0124115 0.017893 0.0225437 0.024915 0.0243387 0.0213163 0.0171645 0.0132128 0.0101814 0.0080995 0.00662708
 1.02677e-16 3.75901e-05 0.000365389 0.00242814 0.011038 0.0343436 0.0731744 0.10681 0.106857 0.0734037 0.0351135 0.0132614 0.00800716 0.012538 0.0231367 0.0381401 0.0548204 0.0686872 0.0751826 0.0721963 0.061326 0.0468101 0.033028 0.0225044 0.0155603 0.0112301
 1.03596e-16 6.12552e-05 0.000595423 0.00395679 0.017987 0.0559644 0.119239 0.174036 0.174051 0.119315 0.0562221 0.0187326 0.0058329 0.00470628 0.00791324 0.0131015 0.0191373 0.0246257 0.0281658 0.0290761 0.027734 0.0251973 0.0224452 0.0198753 0.0173638 0.0146656
 1.03489e-16 4.87849e-05 0.000474206 0.00315127 0.0143252 0.0445713 0.0949651 0.138611 0.138645 0.0951294 0.0451228 0.015918 0.00714859 0.00919798 0.0166099 0.0273646 0.0393751 0.0494353 0.0543132 0.0525282 0.045238 0.0354577 0.0262592 0.0193475 0.0148338 0.0119286
 1.0563e-16 3.98168e-05 0.000387034 0.00257198 0.0116919 0.0363779 0.0775083 0.113134 0.113171 0.0776913 0.0369924 0.0134677 0.00703378 0.0101408 0.0186038 0.0307963 0.044599 0.0565812 0.0632465 0.0629455 0.0567951 0.0478005 0.0389391 0.0317387 0.0261859 0.0215612
 1.06364e-16 5.15593e-05 0.000501175 0.00333048 0.0151399 0.047106 0.100365 0.146491 0.146515 0.100482 0.0474971 0.0162709 0.00617434 0.00672591 0.0119223 0.0197564 0.0287555 0.0367935 0.0417247 0.0425464 0.0399403 0.0356863 0.0314529 0.0279483 0.024944 0.0218795
 1.05376e-16 4.9832e-05 0.000484384 0.00321891 0.0146327 0.0455279 0.0970031 0.141585 0.141615 0.0971472 0.0460117 0.0160305 0.00672898 0.00815199 0.0146272 0.0241431 0.0348709 0.0440591 0.048937 0.0482358 0.042931 0.0355404 0.028564 0.0232901 0.0196649 0.0169497
 1.08433e-16 2.60966e-05 0.000253668 0.00168572 0.00766306 0.0238429 0.0508017 0.074157 0.0742071 0.0510463 0.0246645 0.0100374 0.00764981 0.0132875 0.0248212 0.041102 0.0594609 0.0753071 0.0839562 0.0832265 0.0746841 0.0624609 0.0506531 0.0413657 0.0345449 0.0290948
 1.09801e-16 5.10957e-05 0.000496668 0.00330053 0.0150038 0.0466824 0.0994624 0.145172 0.14519 0.0995501 0.0469776 0.015859 0.00545713 0.00523724 0.00915054 0.0152993 0.0226264 0.0296987 0.0350646 0.0380299 0.0389686 0.0388412 0.0383489 0.0374631 0.0356437 0.0324253
 1.0887e-16 4.041e-05 0.000392799 0.00261029 0.011866 0.0369198 0.078663 0.114819 0.114857 0.0788473 0.0375389 0.0136545 0.00710054 0.0101988 0.0186754 0.0308432 0.0445114 0.0561699 0.062285 0.0612772 0.0544778 0.0452122 0.0367581 0.0307634 0.0270489 0.0244697
 1.12029e-16 2.84049e-05 0.000276105 0.00183482 0.00834085 0.0259517 0.0552944 0.0807125 0.0807545 0.0554993 0.0266402 0.0103318 0.00684096 0.0112331 0.0209219 0.0347633 0.0505912 0.0647037 0.0733165 0.0746573 0.0699306 0.0622945 0.0547355 0.0485634 0.0434284 0.0383553
 1.10956e-16 5.06883e-05 0.000492708 0.00327422 0.0148841 0.0463102 0.0986694 0.144015 0.144034 0.0987636 0.046627 0.0158014 0.00558479 0.0055639 0.00976232 0.0162714 0.0239372 0.031169 0.0363723 0.0388235 0.0390348 0.0382311 0.0373861 0.0366227 0.0353657 0.0329528
 1.07753e-16 4.65584e-05 0.000452565 0.00300745 0.0136715 0.0425372 0.0906311 0.132285 0.132317 0.0907877 0.043063 0.0151906 0.00682171 0.008783 0.0158795 0.0262116 0.0378376 0.0477708 0.0530113 0.0522143 0.046501 0.038682 0.031529 0.0264388 0.0232682 0.0210607
 1.10493e-16 2.45358e-05 0.000238496 0.0015849 0.00720473 0.0224169 0.0477633 0.0697223 0.0697714 0.0480036 0.0232239 0.0095372 0.00744569 0.0130525 0.0244191 0.0404839 0.0586747 0.0745382 0.0835263 0.0835205 0.0760267 0.0650022 0.0543173 0.0458779 0.0395139 0.03411
 1.16542e-16 3.48566e-05 0.000338818 0.00225157 0.0102353 0.031846 0.0678522 0.0990378 0.0990637 0.0679792 0.0322733 0.0114735 0.00537506 0.00720852 0.0132323 0.0222164 0.0329313 0.0433763 0.0515017 0.0563421 0.0584465 0.0591603 0.059396 0.058967 0.0569387 0.0525216
pSPR Fmed_Fpbrs
0.714464   0.285403 0.285403
Fs Fmed_Fpbrs
0.213867   1.005 1.005
SSBpbr Bo_Bmed_Bpbrs
2.1006e+06  1.39578e+06  494488 494488
Ro
224655
SPR SPRFo_SPRFmed_SPRFpbrs
1.59918e+06 1.14256e+06 456410
Fref
1.005
log_Ro
12.1423
likeval ReclasPelacesDesembMPH_pf_preclas_ppelaces_ptallas_desvR_qrecl_qpela
 24.751 18.4264 1.41365 0.00329085 240.332 123.485 81.4526 0 18.9282 0 0 6.88867 0 0 0
q_reclas_q_pelaces
1 1
M
1
N
 480287 98945.1 36399.9 13390.8 7793.11
 80068.2 161943 30578 11249 6546.67
 106703 26274.8 47404.1 8950.84 5209.18
 257040 35457 7886.5 14228.5 4250.18
 204822 80061.5 9350.67 2079.82 4873.18
 291170 71818.5 26757.1 3125.06 2323.74
 125376 96309.6 21358.8 7957.56 1620.47
 85834.8 37536.3 23465.9 5204.1 2333.7
 57111.6 30627 12990.6 8121.1 2608.68
 87325.9 18657.3 8884.85 3768.54 3112.69
 137499 27717.3 5109.29 2433.11 1884.42
 141921 48445.3 9352.99 1724.09 1456.91
 149068 42213.3 11650.7 2249.32 765.005
 117452 44748.6 10340.4 2853.91 738.377
 162790 31749.5 8888.46 2053.92 713.54
 434555 50604.6 8339.76 2334.77 726.94
 222192 129233 12165.8 2004.96 736.065
 604674 73747.9 38700.1 3643.18 820.827
 562535 193662 20563.2 10790.8 1244.71
 376974 171536 48950.1 5197.57 3042.1
 548770 118997 46462 13258.5 2231.78
 622304 179269 34519.3 13477.9 4493.51
 223123 195341 48015.7 9245.68 4813.5
 477431 75650.9 61042.1 15004.4 4393.34
 383076 162191 23732.3 19149.4 6085.23
 199207 131113 51646.6 7557.1 8035.49
 403439 69242.1 43059.9 16961.7 5120.88
 442305 137432 21841.8 13582.8 6965.73
 170504 152174 44220.3 7027.81 6611.71
 178820 59470.2 50322.8 14623.3 4510.48
pred_Ctot
 25517.4 10146.8 3732.8 1373.22 799.183
 5516.47 21306.7 4023.13 1480.03 861.342
 6578.63 3108.78 5608.74 1059.04 616.338
 25252.7 6519.82 1450.17 2616.33 781.522
 6091.46 4668.78 545.284 121.284 284.179
 18729.5 8849.53 3297.03 385.072 286.332
 15004.7 21255.4 4713.86 1756.22 357.636
 1636.16 1413.02 883.351 195.903 87.8497
 4082.29 4173.26 1770.1 1106.59 355.461
 7666.15 3087.67 1470.39 623.671 515.131
 3686.27 1459.91 269.112 128.155 99.2546
 17476.8 10975.1 2118.88 390.584 330.057
 17627.7 9214.61 2543.2 490.997 166.991
 20188.4 13673.7 3159.68 872.06 225.623
 16170.9 5898.5 1651.32 381.583 132.563
 53552.6 11471.9 1890.6 529.287 164.796
 13848.2 15450.1 1454.46 239.698 87.9985
 50023.6 11541.4 6056.47 570.149 128.457
 61780.2 39491 4193.19 2200.43 253.817
 34248.6 29317.2 8366.04 888.313 519.923
 39232.4 16217.2 6331.97 1806.91 304.153
 58472.1 31619.8 6088.56 2377.26 792.573
 11124.9 18841.1 4631.21 891.765 464.272
 23255.4 7133.84 5756.24 1414.91 414.29
 16961.2 13944.2 2040.36 1646.35 523.172
 6977.57 8973.09 3534.58 517.191 549.931
 18993.5 6317.88 3928.93 1547.64 467.247
 18211.6 11010.8 1749.91 1088.22 558.077
 5617.04 9808.81 2850.34 452.997 426.176
 7449.87 4819.38 4078.08 1185.05 365.522
F
 0.0871416 0.174283 0.174283 0.174283 0.174283
 0.114267 0.228535 0.228535 0.228535 0.228535
 0.10173 0.20346 0.20346 0.20346 0.20346
 0.166436 0.332873 0.332873 0.332873 0.332873
 0.0479976 0.0959952 0.0959952 0.0959952 0.0959952
 0.106338 0.212677 0.212677 0.212677 0.212677
 0.20601 0.412019 0.412019 0.412019 0.412019
 0.0305416 0.0610831 0.0610831 0.0610831 0.0610831
 0.118768 0.237536 0.237536 0.237536 0.237536
 0.147589 0.295179 0.295179 0.295179 0.295179
 0.0431811 0.0863623 0.0863623 0.0863623 0.0863623
 0.212534 0.425068 0.425068 0.425068 0.425068
 0.203339 0.406677 0.406677 0.406677 0.406677
 0.308153 0.616307 0.616307 0.616307 0.616307
 0.168421 0.336842 0.336842 0.336842 0.336842
 0.212705 0.42541 0.42541 0.42541 0.42541
 0.102887 0.205775 0.205775 0.205775 0.205775
 0.138574 0.277148 0.277148 0.277148 0.277148
 0.187657 0.375315 0.375315 0.375315 0.375315
 0.153081 0.306162 0.306162 0.306162 0.306162
 0.11879 0.237579 0.237579 0.237579 0.237579
 0.15868 0.31736 0.31736 0.31736 0.31736
 0.0815926 0.163185 0.163185 0.163185 0.163185
 0.0796459 0.159292 0.159292 0.159292 0.159292
 0.0721748 0.14435 0.14435 0.14435 0.14435
 0.0567342 0.113468 0.113468 0.113468 0.113468
 0.0768927 0.153785 0.153785 0.153785 0.153785
 0.0669743 0.133949 0.133949 0.133949 0.133949
 0.0532841 0.106568 0.106568 0.106568 0.106568
 0.0677891 0.135578 0.135578 0.135578 0.135578
nmprior
 8 8 7 0
nm_flota  nm_reclas  nm_pelaces    nm_pelaL
inf 6.30257 8.51292 13.0646
cv_recla  cv_pelaces  cv_mph
0.460599 0.505109 1.77035
 ------------------------------------------------
Talla a la edad & desviación 
 8 13.2811 15.8009 17.003 17.5766
 0.8 1.32811 1.58009 1.7003 1.75766
