years
 1991 1992 1993 1994 1995 1996 1997 1998 1999 2000 2001 2002 2003 2004 2005 2006 2007 2008 2009 2010 2011 2012 2013 2014 2015 2016 2017 2018 2019 2020
reclasobs
 0 0 0 0 0 0 0 0 0 252601 567819 844713 477998 351125 339783 2.1784e+06 2.13404e+06 4.81314e+06 1.55562e+06 2.62356e+06 3.21686e+06 3.843e+06 1.13348e+06 3.07943e+06 1.97215e+06 2.03268e+06 2.025e+06 2.42433e+06 2.27542e+06 1.05018e+06
reclaspred
 3.54296e+06 1.67572e+06 866025 650491 430494 2.35656e+06 1.09689e+06 714135 485405 256567 469754 774308 748730 524694 425862 1.61139e+06 939230 3.89948e+06 2.52628e+06 1.9987e+06 3.1009e+06 2.84675e+06 1.74255e+06 3.0488e+06 2.2091e+06 1.7361e+06 2.28736e+06 3.0052e+06 2.10789e+06 851026
pelacesobs
 0 0 0 0 0 0 0 0 0 0 0 0 0 0 0 552880 188675 0 991730 2.46772e+06 1.41603e+06 1.21717e+06 2.29649e+06 1.80582e+06 0 1.4828e+06 1.56532e+06 1.57751e+06 1.42118e+06 867257
pelacespred
 2.12168e+06 990548 453640 260863 207440 1.3561e+06 509544 477782 253389 108962 265503 352403 383604 253482 206338 732644 428171 2.2524e+06 1.38184e+06 948397 1.62534e+06 1.45944e+06 963560 1.92937e+06 1.29282e+06 1.04013e+06 1.57672e+06 2.06019e+06 1.23922e+06 511375
mphobs
 0 0 0 0 0 0 0 0 0 0 0 498337 0 5186 125008 0 168611 109162 213762 579715 649985 157893 87575 83554 0 0 0 0 0 0
mphpred
 687846 374737 147621 88449.1 54520.6 50779.8 263845 101692 71232.1 33776.7 16078.9 60238.4 71191.8 53135.5 26581.6 29493 177095 92739.1 415995 207048 253869 281058 313120 193007 326333 266114 184700 227769 416889 210113
desembarqueobs
 494567 514787 250237 358949 120608 361735 552515 73892 212993 205616 52469 317467 293654 387597 252695 516296 358380 742168 942051 627588 828172 859565 418607 520667 417249 300574 407403 355545 319650 289779
desembarquepred
 494520 514613 249973 358863 120587 361621 552148 73887.1 212932 205544 52465 317341 293492 387189 252518 515980 358270 741748 941096 626932 827960 858961 418409 520522 417030 300452 407238 355376 319464 289602
Reclutas
 94237 82100.5 100296 69259.8 40423.8 254697 50856.1 16266.1 26603.9 37116.1 53407.9 110710 87410.2 66312.7 47169 278528 29322.8 484104 206108 238181 237207 416424 47591.8 187105 166580 54921 152778 196847 37114.8 22379.1
log_desv_Rt
 0.0592281 -0.0786401 0.121538 -0.248721 -0.787166 1.05349 -0.557585 -1.6975 -1.20553 -0.872535 -0.508626 0.220325 -0.0159722 -0.292204 -0.632848 1.14293 -1.10822 1.69572 0.841818 0.986446 0.982348 1.54512 -0.623924 0.745087 0.628891 -0.480689 0.542402 0.795843 -0.872569 -1.37846
SSB
 1.22446e+06 667082 262785 157451 97054 90394.8 469679 181025 126803 60127.1 28622.6 107232 126731 94588.3 47318.7 52501.5 315252 165088 740528 368573 451920 500321 557396 343579 580917 473718 328791 405459 742118 374030
BT
 1.74888e+06 1.12479e+06 509833 446627 230055 1.23599e+06 798320 373645 372123 264748 222605 495473 518842 570029 389229 908498 550131 2.19961e+06 1.78029e+06 1.14464e+06 1.76296e+06 1.71861e+06 964572 1.78693e+06 1.20872e+06 928685 1.47591e+06 1.72588e+06 1.03698e+06 611862
Ftot
 0.364641 0.784564 0.788089 1.44392 0.79222 0.531036 1.21394 0.288648 1.22147 2.07526 0.385414 1.22126 1.14628 2.01607 1.76585 1.0787 0.963796 0.651445 1.01262 0.939854 0.794024 0.913373 0.629321 0.547435 0.543872 0.476261 0.56248 0.385441 0.389477 0.846897
BD_Bspro_t
 0.943653 0.634179 0.35496 0.265763 0.167267 0.19558 0.464632 0.224154 0.220212 0.143944 0.0987299 0.363023 0.276215 0.191662 0.102863 0.116323 0.320087 0.196471 0.43877 0.264533 0.264025 0.283252 0.323473 0.254058 0.397714 0.406524 0.377979 0.463788 0.590479 0.423918
BD_Bspro
 1.9367 1.05511 0.415643 0.249038 0.153508 0.142976 0.742882 0.286324 0.200561 0.0951019 0.0452719 0.169607 0.200448 0.149609 0.0748432 0.0830406 0.498628 0.261117 1.17128 0.582965 0.714794 0.791348 0.881623 0.543432 0.918825 0.74927 0.520042 0.641307 1.17379 0.591596
BD_Bo
 0.970094 0.528505 0.208196 0.124743 0.0768924 0.0716166 0.37211 0.14342 0.100461 0.0476366 0.0226767 0.0849564 0.100404 0.074939 0.037489 0.0415951 0.249763 0.130793 0.586694 0.292007 0.35804 0.396386 0.441605 0.272205 0.46024 0.37531 0.260489 0.321231 0.587954 0.296331
BD_Brms
 4.93419 2.68814 1.05895 0.634481 0.391098 0.364264 1.89266 0.729477 0.510976 0.242294 0.115341 0.432114 0.510687 0.381162 0.19068 0.211565 1.27037 0.665254 2.9841 1.48524 1.8211 2.01614 2.24614 1.38452 2.34092 1.90894 1.32493 1.63388 2.99051 1.50723
Sel_flota
 0.655387 0.973071 0.998546 0.999923 0.999996
 0.655387 0.973071 0.998546 0.999923 0.999996
 0.655387 0.973071 0.998546 0.999923 0.999996
 0.655387 0.973071 0.998546 0.999923 0.999996
 0.655387 0.973071 0.998546 0.999923 0.999996
 0.655387 0.973071 0.998546 0.999923 0.999996
 0.655387 0.973071 0.998546 0.999923 0.999996
 0.655387 0.973071 0.998546 0.999923 0.999996
 0.655387 0.973071 0.998546 0.999923 0.999996
 0.655387 0.973071 0.998546 0.999923 0.999996
 0.655387 0.973071 0.998546 0.999923 0.999996
 0.655387 0.973071 0.998546 0.999923 0.999996
 0.655387 0.973071 0.998546 0.999923 0.999996
 0.655387 0.973071 0.998546 0.999923 0.999996
 0.655387 0.973071 0.998546 0.999923 0.999996
 0.655387 0.973071 0.998546 0.999923 0.999996
 0.655387 0.973071 0.998546 0.999923 0.999996
 0.655387 0.973071 0.998546 0.999923 0.999996
 0.655387 0.973071 0.998546 0.999923 0.999996
 0.655387 0.973071 0.998546 0.999923 0.999996
 0.655387 0.973071 0.998546 0.999923 0.999996
 0.655387 0.973071 0.998546 0.999923 0.999996
 0.655387 0.973071 0.998546 0.999923 0.999996
 0.655387 0.973071 0.998546 0.999923 0.999996
 0.655387 0.973071 0.998546 0.999923 0.999996
 0.655387 0.973071 0.998546 0.999923 0.999996
 0.655387 0.973071 0.998546 0.999923 0.999996
 0.655387 0.973071 0.998546 0.999923 0.999996
 0.655387 0.973071 0.998546 0.999923 0.999996
 0.655387 0.973071 0.998546 0.999923 0.999996
Sel_reclas
 0.983344 1 1 1 1
 0.983344 1 1 1 1
 0.983344 1 1 1 1
 0.983344 1 1 1 1
 0.983344 1 1 1 1
 0.983344 1 1 1 1
 0.983344 1 1 1 1
 0.983344 1 1 1 1
 0.983344 1 1 1 1
 0.983344 1 1 1 1
 0.983344 1 1 1 1
 0.983344 1 1 1 1
 0.983344 1 1 1 1
 0.983344 1 1 1 1
 0.983344 1 1 1 1
 0.983344 1 1 1 1
 0.983344 1 1 1 1
 0.983344 1 1 1 1
 0.983344 1 1 1 1
 0.983344 1 1 1 1
 0.983344 1 1 1 1
 0.983344 1 1 1 1
 0.983344 1 1 1 1
 0.983344 1 1 1 1
 0.983344 1 1 1 1
 0.983344 1 1 1 1
 0.983344 1 1 1 1
 0.983344 1 1 1 1
 0.983344 1 1 1 1
 0.983344 1 1 1 1
Sel_pelaces
 0.895507 1 1 1 1
 0.895507 1 1 1 1
 0.895507 1 1 1 1
 0.895507 1 1 1 1
 0.895507 1 1 1 1
 0.895507 1 1 1 1
 0.895507 1 1 1 1
 0.895507 1 1 1 1
 0.895507 1 1 1 1
 0.895507 1 1 1 1
 0.895507 1 1 1 1
 0.895507 1 1 1 1
 0.895507 1 1 1 1
 0.895507 1 1 1 1
 0.895507 1 1 1 1
 0.895507 1 1 1 1
 0.895507 1 1 1 1
 0.895507 1 1 1 1
 0.895507 1 1 1 1
 0.895507 1 1 1 1
 0.895507 1 1 1 1
 0.895507 1 1 1 1
 0.895507 1 1 1 1
 0.895507 1 1 1 1
 0.895507 1 1 1 1
 0.895507 1 1 1 1
 0.895507 1 1 1 1
 0.895507 1 1 1 1
 0.895507 1 1 1 1
 0.895507 1 1 1 1
pf_obs 
 0.8446 0.082 0.0669 0.0065 0
 0.8095 0.147 0.0364 0.0071 0
 0.9664 0.0169 0.016 0.0007 0
 0.9276 0.0648 0.0075 0.0001 0
 0.7033 0.2144 0.0806 0.0017 0
 0.9318 0.0425 0.0243 0.0014 0
 0.5671 0.3108 0.0964 0.0239 0.0018
 0.0768 0.2599 0.5324 0.112 0.0189
 0.490249 0.384438 0.106611 0.0170017 0.00170017
 0.7925 0.1577 0.0466 0.003 0.0002
 0.840416 0.127587 0.0312969 0.00059994 9.999e-05
 0.8084 0.0986 0.0794 0.0134 0.0002
 0.7335 0.1905 0.0724 0.0035 0.0001
 0.4001 0.4547 0.1325 0.0127 0
 0.49795 0.308269 0.164784 0.0264974 0.00249975
 0.9179 0.0499 0.0305 0.0017 0
 0.2467 0.6533 0.0926 0.0074 0
 0.9418 0.0223 0.034 0.0019 0
 0.707729 0.231977 0.0356964 0.0245975 0
 0.517169 0.277429 0.184464 0.0207286 0.00020938
 0.811772 0.124168 0.05621 0.00726502 0.000585176
 0.764997 0.148141 0.077277 0.00933861 0.000247198
 0.163321 0.427699 0.378323 0.0303852 0.000271297
 0.753843 0.0900009 0.118128 0.0371064 0.000921714
 0.721811 0.176058 0.0630433 0.0369309 0.00215725
 0.143369 0.312575 0.442814 0.0836902 0.0175525
 0.692698 0.0596174 0.167031 0.0765114 0.00414204
 0.394062 0.376323 0.152708 0.0712218 0.00568511
 0.125707 0.32114 0.495352 0.0537591 0.00404204
 0.23352 0.215282 0.420074 0.123614 0.00750983
pf_pred 
 0.435184 0.195314 0.330846 0.0386538 2.15958e-06
 0.550434 0.247845 0.0711626 0.116921 0.0136387
 0.736098 0.17944 0.047376 0.0131002 0.0239856
 0.671584 0.272186 0.0387059 0.00983861 0.00768543
 0.708155 0.234441 0.0479832 0.00649037 0.00293042
 0.943449 0.0456058 0.00885702 0.00174574 0.000342046
 0.363192 0.61425 0.0183104 0.0034391 0.000809203
 0.409995 0.304615 0.275717 0.00785464 0.00181792
 0.68304 0.165202 0.0794696 0.0698423 0.00244627
 0.848227 0.122438 0.0156354 0.00718236 0.00651715
 0.909132 0.0843967 0.00528436 0.000633727 0.000553338
 0.840015 0.150455 0.00887113 0.000538485 0.000120758
 0.768459 0.210341 0.019991 0.00112589 8.3461e-05
 0.754688 0.21125 0.0310677 0.0028237 0.000170409
 0.836225 0.143588 0.0175312 0.00242307 0.000232738
 0.97266 0.0250665 0.00200654 0.000231496 3.49621e-05
 0.300513 0.688897 0.00974383 0.000747088 9.89785e-05
 0.963731 0.01568 0.0202896 0.000275497 2.3869e-05
 0.56717 0.423423 0.00414874 0.00518159 7.6307e-05
 0.762519 0.166679 0.0693264 0.000651428 0.000823732
 0.759298 0.20495 0.0253935 0.0101431 0.000215347
 0.835307 0.139065 0.0219444 0.00261788 0.00106571
 0.269724 0.656801 0.0624244 0.00946525 0.00158538
 0.814994 0.070123 0.103684 0.00951704 0.00168158
 0.686751 0.275424 0.0146372 0.0209308 0.0022566
 0.416471 0.455543 0.112994 0.00580802 0.00918422
 0.799221 0.107262 0.0735208 0.0176575 0.00233864
 0.756414 0.211357 0.0174905 0.0115922 0.00314713
 0.279116 0.598241 0.106853 0.00857532 0.00721448
 0.373713 0.237701 0.324169 0.056136 0.00828121
pobs_RECLAS
 0 0 0 0 0
 0 0 0 0 0
 0 0 0 0 0
 0 0 0 0 0
 0 0 0 0 0
 0 0 0 0 0
 0 0 0 0 0
 0 0 0 0 0
 0 0 0 0 0
 0 0 0 0 0
 0.991045 0.00858322 0.000360255 1.14367e-05 0
 0.934742 0.0480273 0.0164251 0.00080598 0
 0.827803 0.169806 0.00239088 0 0
 0.941827 0.0461693 0.0120037 0 0
 0.791401 0.0380133 0.147996 0.0225897 0
 0.846168 0.0940531 0.0597789 0 0
 0.134021 0.677848 0.182769 0.00536245 0
 0.80878 0.0450904 0.141981 0.00414843 0
 0.846168 0.0940531 0.0597789 0 0
 0.905697 0.0802665 0.012482 0.00150086 5.37128e-05
 0.989698 0.0102097 9.19794e-05 0 0
 0.975433 0.0193895 0.00387452 0.00125025 5.28907e-05
 0.303575 0.632131 0.0575291 0.00676475 0
 0.966965 0.00978017 0.0227588 0.000495775 0
 0.843318 0.132988 0.00938335 0.0141283 0.000182051
 0.564624 0.303363 0.111486 0.0197234 0.00080311
 0.826376 0.0876187 0.0782897 0.00655872 0.00115652
 0.89761 0.0855135 0.0140674 0.00269457 0.000114338
 0.34875 0.467042 0.161289 0.0227151 0.000203297
 0.318654 0.224769 0.449479 0.00709798 0
ppred_RECLAS
 0.536802 0.163017 0.268818 0.0313618 1.75205e-06
 0.65173 0.194551 0.0542827 0.0890502 0.0103868
 0.809432 0.130788 0.0335549 0.00926422 0.0169608
 0.764338 0.196411 0.0270336 0.00685964 0.00535791
 0.786429 0.172531 0.0343133 0.00463423 0.0020922
 0.961493 0.0312202 0.00589877 0.00116095 0.000227451
 0.469542 0.512228 0.0148017 0.00277546 0.000652996
 0.509114 0.256707 0.226253 0.00643635 0.00148955
 0.772404 0.120438 0.0561593 0.0492737 0.00172569
 0.903691 0.0782662 0.00962621 0.00441303 0.00400388
 0.936818 0.0587951 0.00358351 0.000429136 0.000374671
 0.890821 0.102864 0.00587911 0.000356272 7.9889e-05
 0.837007 0.148481 0.0136855 0.000769502 5.70372e-05
 0.836725 0.141321 0.0200274 0.00181665 0.000109622
 0.892553 0.0946068 0.0111534 0.00153866 0.000147776
 0.982073 0.0164779 0.00127971 0.000147403 2.22599e-05
 0.39587 0.595247 0.00817367 0.000625708 8.28905e-05
 0.975862 0.0106021 0.0133398 0.00018086 1.56684e-05
 0.667253 0.32573 0.00309759 0.00386257 5.68776e-05
 0.831383 0.119381 0.0482117 0.00045231 0.000571899
 0.827024 0.147915 0.0178083 0.00710238 0.000150778
 0.885629 0.0970134 0.0148663 0.00177071 0.000720776
 0.356518 0.58036 0.0536405 0.00812125 0.00136016
 0.869733 0.0502278 0.0722476 0.00662177 0.00116992
 0.766184 0.206282 0.0106648 0.0152279 0.00164163
 0.516013 0.380091 0.091742 0.00470877 0.0074454
 0.857388 0.0771781 0.0514589 0.0123407 0.00163433
 0.821742 0.155231 0.0125045 0.00827573 0.00224658
 0.36525 0.529172 0.092003 0.00737294 0.00620243
 0.479095 0.201302 0.26669 0.0461109 0.00680176
pobs_PELACES
 0 0 0 0 0
 0 0 0 0 0
 0 0 0 0 0
 0 0 0 0 0
 0 0 0 0 0
 0 0 0 0 0
 0 0 0 0 0
 0 0 0 0 0
 0 0 0 0 0
 0 0 0 0 0
 0 0 0 0 0
 0 0 0 0 0
 0 0 0 0 0
 0 0 0 0 0
 0 0 0 0 0
 0 0 0 0 0
 0.505614 0.472636 0.0217494 0 0
 0 0 0 0 0
 0.443492 0.261883 0.143347 0.151278 0
 0.227955 0.32914 0.350689 0.0885471 0.00366901
 0.970185 0.0296113 0.000203453 0 0
 0.997202 0.00247181 0.000326279 0 0
 0.445219 0.490057 0.0546422 0.010081 0
 0.90214 0.0892962 0.00764917 0.000914606 0
 0 0 0 0 0
 0.581667 0.319106 0.0959925 0.00289975 0.000334073
 0.762889 0.0836404 0.116647 0.0363945 0.000428098
 0.88444 0.0763242 0.0277011 0.0115352 0
 0.521256 0.241999 0.230069 0.00667565 0
 0.616807 0.101726 0.260614 0.0208532 0
ppred_PELACES
 0.523515 0.168028 0.276233 0.0322217 1.80007e-06
 0.649841 0.196195 0.0543816 0.0891807 0.0104018
 0.808067 0.132005 0.0336435 0.00928535 0.0169992
 0.774948 0.187952 0.0255573 0.00648077 0.00506181
 0.784875 0.174011 0.0343778 0.00464127 0.00209533
 0.960097 0.0323791 0.00609047 0.00119839 0.000234783
 0.47803 0.504209 0.014422 0.00270278 0.000635878
 0.493578 0.265139 0.233118 0.00663077 0.00153454
 0.779261 0.117388 0.0541781 0.047509 0.00166384
 0.914217 0.0699447 0.00845393 0.00387196 0.0035128
 0.933611 0.0617932 0.00375406 0.000449481 0.00039243
 0.894184 0.0997546 0.00564316 0.000341784 7.6638e-05
 0.840719 0.145224 0.0132569 0.000745018 5.52209e-05
 0.852472 0.127982 0.0178323 0.00161605 9.75128e-05
 0.901182 0.0871642 0.0101245 0.00139561 0.000134031
 0.982426 0.0161653 0.0012441 0.00014323 2.16292e-05
 0.397687 0.593528 0.00808429 0.000618595 8.19463e-05
 0.975333 0.0108675 0.0135992 0.000184322 1.59681e-05
 0.670083 0.323019 0.00304577 0.00379621 5.5899e-05
 0.832399 0.118935 0.0476538 0.000446884 0.000565026
 0.825683 0.149208 0.0178444 0.00711424 0.000151027
 0.885968 0.0968387 0.014726 0.00175327 0.000713664
 0.350332 0.586245 0.0538986 0.00815799 0.0013663
 0.865909 0.0518492 0.0742375 0.00680246 0.00120183
 0.759673 0.212143 0.0109178 0.0155853 0.00168014
 0.505324 0.388821 0.0934741 0.00479663 0.00758424
 0.853379 0.0795217 0.0527714 0.0126522 0.00167556
 0.813886 0.162142 0.0130189 0.00861467 0.00233857
 0.353237 0.539482 0.0934889 0.00749069 0.00630143
 0.479 0.202227 0.266015 0.0459765 0.00678179
pobs_pel_tallas
 0 0 0 0 0 0 0 0 0 0 0 0 0 0 0 0 0 0 0 0 0 0 0 0 0 0
 0 0 0 0 0 0 0 0 0 0 0 0 0 0 0 0 0 0 0 0 0 0 0 0 0 0
 0 0 0 0 0 0 0 0 0 0 0 0 0 0 0 0 0 0 0 0 0 0 0 0 0 0
 0 0 0 0 0 0 0 0 0 0 0 0 0 0 0 0 0 0 0 0 0 0 0 0 0 0
 0 0 0 0 0 0 0 0 0 0 0 0 0 0 0 0 0 0 0 0 0 0 0 0 0 0
 0 0 0 0 0 0 0 0 0 0 0 0 0 0 0 0 0 0 0 0 0 0 0 0 0 0
 0 0 0 0 0 0 0 0 0 0 0 0 0 0 0 0 0 0 0 0 0 0 0 0 0 0
 0 0 0 0 0 0 0 0 0 0 0 0 0 0 0 0 0 0 0 0 0 0 0 0 0 0
 0 0 0 0 0 0 0 0 0 0 0 0 0 0 0 0 0 0 0 0 0 0 0 0 0 0
 0 0 0 0 0 0 0 0 0 0 0 0 0 0 0 0 0 0 0 0 0 0 0 0 0 0
 0 0 0 0 0 0 0 0 0 0 0 0 0 0 0 0 0 0 0 0 0 0 0 0 0 0
 0 0 0 0 0 0 0 0 0 0 0 0 0 0 0 0 0 0 0 0 0 0 0 0 0 0
 0.00862536 0 0 0.000197151 0.00414017 0.0128641 0.00837892 0.0270097 0.101434 0.158115 0.152841 0.127902 0.109271 0.109419 0.0830992 0.0579132 0.0238553 0.00714673 0.00463305 0.00128148 0.00103504 0.000492878 0.000147863 0.000147863 4.92878e-05 0
 0 0 0 0 0 0 0 0 0 0 0 0 0 0 0 0 0 0 0 0 0 0 0 0 0 0
 0 0 0 0 0 0 0 0.0054083 0.00873648 0.0413646 0.0450493 0.0745869 0.0622846 0.0627006 0.0613931 0.0827291 0.12552 0.122667 0.0946155 0.0697135 0.0546179 0.0294188 0.0215738 0.0213955 0.0102223 0.00600262
 0 0 0 0 0.00359764 0.0251062 0.0480494 0.140153 0.205849 0.193036 0.1447 0.116669 0.0760912 0.0342217 0.00950174 0.001854 0.000860785 0 0 0 0.000165536 0 0.000143464 0 0 0
 0 0 0 0 0 0 0 0.000145254 0.000435761 0.0275982 0.070085 0.0708112 0.156366 0.174668 0.174014 0.160142 0.0824315 0.0480064 0.0283245 0.00493863 0.00203355 0 0 0 0 0
 0 0 0 0 0 0 0 0 0 0 0 0 0 0 0 0 0 0 0 0 0 0 0 0 0 0
 0 0 1.00437e-05 0.000401748 0.00122533 0.00171747 0.00176769 0.0269171 0.070346 0.194647 0.189555 0.159765 0.064822 0.0314167 0.0384472 0.0292271 0.0345202 0.0313363 0.0194345 0.0106764 0.0143323 0.0359363 0.0279516 0.0138201 0.00172751 0
 0 0.0021121 0.0136068 0.0755702 0.200478 0.177729 0.0527432 0.0373336 0.0318909 0.0142505 0.0149659 0.0166563 0.0217959 0.0798694 0.0677717 0.0528807 0.04013 0.0224614 0.0357745 0.0225083 0.00881397 0.00855152 0.00135912 0.000746735 0 0
 0 0 0 0 5.4009e-05 0.00500934 0.000945158 0.0243581 0.138947 0.33067 0.221406 0.137944 0.0707744 0.0437923 0.0131692 0.00525238 0.0047753 0.00276346 9.45158e-05 9.00151e-06 2.25038e-05 9.00151e-06 4.50075e-06 0 0 0
 0.000866109 0.00284123 0.00948549 0.0512746 0.133035 0.25785 0.225252 0.132002 0.0553304 0.0519788 0.0540692 0.017754 0.00435017 0.00159236 0.00146478 0.000404838 0.000125132 0.000115318 0.000107957 0.000100596 0 0 0 0 0 0
 0 0 0 0 0.00144013 0.00171154 0.00461396 0.0210425 0.0478622 0.0707936 0.0888783 0.103762 0.0637923 0.0337046 0.0602308 0.124433 0.169614 0.0934646 0.0462172 0.0250306 0.0313229 0.00938855 0.002487 0.000210481 0 0
 0 0.00764035 0.051015 0.0998891 0.058973 0.0496711 0.0374665 0.0718981 0.12319 0.153886 0.159021 0.0857701 0.0377988 0.023471 0.0147837 0.00900784 0.00315554 0.000888139 0.00291439 0.00214683 0.00393193 0.00274676 0.000635225 9.99891e-05 0 0
 0 0 0 0 0 0 0 0 0 0 0 0 0 0 0 0 0 0 0 0 0 0 0 0 0 0
 0 0 0 0 0 0 0 0 0 0 0 0 0 0 0 0 0 0 0 0 0 0 0 0 0 0
 0 0 0 0 0 0 0 0 0 0 0 0 0 0 0 0 0 0 0 0 0 0 0 0 0 0
 0 0 0 0 0 0 0 0 0 0 0 0 0 0 0 0 0 0 0 0 0 0 0 0 0 0
 0 0 0 0 0 0 0 0 0 0 0 0 0 0 0 0 0 0 0 0 0 0 0 0 0 0
 0 0 0 0 0 0 0 0 0 0 0 0 0 0 0 0 0 0 0 0 0 0 0 0 0 0
ppred_pel_tallas
 1.11247e-16 4.31213e-05 0.000419154 0.00278543 0.0126622 0.0393968 0.0839396 0.122516 0.122532 0.0840209 0.0396708 0.0134587 0.00480417 0.00488957 0.00871914 0.0148306 0.0224872 0.0306251 0.038107 0.044285 0.0491438 0.0528349 0.0550734 0.0550473 0.0519645 0.0457436
 1.12324e-16 5.35266e-05 0.000520297 0.00345756 0.0157176 0.0489033 0.104194 0.152079 0.152098 0.104287 0.0492151 0.0166191 0.00572454 0.00548275 0.00951968 0.015767 0.0229884 0.029534 0.0337956 0.0351295 0.0342587 0.0327317 0.0318537 0.0319275 0.0322785 0.031864
 1.04813e-16 6.65595e-05 0.000646982 0.00429942 0.0195446 0.0608104 0.129563 0.189104 0.189117 0.129626 0.0610197 0.0201495 0.00581948 0.00397012 0.00639231 0.0105013 0.0152147 0.0193363 0.0217003 0.0217887 0.0200367 0.0175158 0.0152528 0.0137176 0.0127817 0.0120241
 1.02293e-16 6.38315e-05 0.000620465 0.00412321 0.0187435 0.0583181 0.124254 0.181356 0.181374 0.124342 0.0586153 0.0196019 0.00627788 0.00532407 0.0089967 0.0147721 0.0212736 0.0267532 0.0294753 0.0286433 0.0248703 0.019759 0.0149368 0.0112994 0.00889713 0.0073101
 1.01857e-16 6.46491e-05 0.000628413 0.00417602 0.0189836 0.0590652 0.125845 0.183678 0.183695 0.125927 0.0593406 0.0197795 0.00617443 0.00499324 0.00836095 0.0137373 0.0198227 0.0250092 0.0276985 0.0271449 0.0238825 0.019336 0.0149451 0.0114919 0.00902181 0.00719789
 1.00345e-16 7.90819e-05 0.000768705 0.00510831 0.0232217 0.0722512 0.153939 0.224679 0.224682 0.153954 0.0723024 0.0233697 0.00548008 0.00158065 0.0016222 0.00255946 0.0036858 0.00464818 0.00514502 0.00503772 0.00442651 0.0035778 0.00276064 0.00212099 0.00166656 0.00133305
 1.00924e-16 3.93748e-05 0.000382737 0.00254342 0.0115621 0.0359741 0.0766485 0.111881 0.111929 0.0768855 0.0367695 0.0138581 0.0083023 0.0129392 0.0238417 0.0392352 0.0562399 0.0701413 0.0761628 0.0721028 0.059678 0.0434345 0.0281338 0.0166161 0.00935323 0.00534555
 1.0772e-16 4.06554e-05 0.000395185 0.00262615 0.0119381 0.037144 0.0791401 0.115513 0.115539 0.0792666 0.0375695 0.013171 0.00573535 0.00722995 0.0131593 0.0220493 0.0325894 0.0427 0.050211 0.0539948 0.0544355 0.0527918 0.0500655 0.0463995 0.0414009 0.0348949
 1.0664e-16 6.41867e-05 0.000623918 0.00414615 0.0188478 0.0586426 0.124945 0.182363 0.182374 0.125 0.0588298 0.0193894 0.00550946 0.00361273 0.00577845 0.00955282 0.0139983 0.0181288 0.020993 0.0221848 0.022065 0.0214422 0.0209698 0.0207488 0.0203921 0.0193976
 1.01245e-16 7.53028e-05 0.00073197 0.0048642 0.022112 0.0687985 0.146583 0.213943 0.21395 0.146616 0.0689091 0.0224313 0.00566589 0.00248199 0.00339874 0.00549946 0.00791518 0.00995602 0.0109769 0.0106877 0.00932584 0.00749594 0.00580685 0.00458503 0.00383046 0.00335981
 1.00236e-16 7.69003e-05 0.000747498 0.00496739 0.022581 0.070258 0.149692 0.218482 0.218488 0.149721 0.0703555 0.0228627 0.0056739 0.00228847 0.00299949 0.00482654 0.00692058 0.00865033 0.00942967 0.00898971 0.00753711 0.00561963 0.00380737 0.00243518 0.00155274 0.0010374
 1.00236e-16 7.36528e-05 0.000715931 0.00475761 0.0216274 0.067291 0.143371 0.209256 0.209266 0.143418 0.0674485 0.022082 0.00589794 0.00320294 0.00478999 0.00778397 0.0111628 0.0139458 0.0151877 0.0144523 0.0120724 0.00893314 0.00595869 0.00369584 0.00223241 0.0013774
 1.00504e-16 6.92489e-05 0.000673124 0.00447315 0.0203343 0.0632676 0.134799 0.196746 0.19676 0.134867 0.063497 0.0209966 0.00613507 0.00429895 0.00694889 0.0113612 0.0163186 0.0204333 0.022339 0.0214019 0.0180946 0.0136803 0.00947067 0.00623095 0.00407423 0.00273007
 1.00726e-16 7.0217e-05 0.000682534 0.00453568 0.0206186 0.0641521 0.136683 0.199496 0.199508 0.136743 0.0643544 0.021203 0.00600257 0.00388443 0.00615014 0.0100532 0.0144674 0.0181746 0.0199811 0.0193309 0.0166277 0.0129542 0.00942291 0.00666707 0.00476255 0.00347441
 1.00478e-16 7.42292e-05 0.000721534 0.00479485 0.0217967 0.0678176 0.144493 0.210893 0.210902 0.144534 0.0679554 0.0221945 0.00579321 0.00290027 0.00420997 0.00683689 0.00982821 0.0123301 0.0135257 0.0130368 0.0111439 0.00859438 0.00615883 0.00427836 0.00300733 0.00217937
 1.00059e-16 8.09211e-05 0.000786582 0.00522711 0.0237617 0.0739315 0.157519 0.229904 0.229905 0.157527 0.073957 0.0238354 0.00541203 0.00118996 0.000846153 0.00126849 0.00181398 0.00226932 0.0024778 0.00236877 0.00199552 0.00149988 0.00102919 0.000669628 0.000433834 0.000290711
 1.00461e-16 3.27571e-05 0.00031841 0.00211595 0.00961885 0.0299281 0.0637671 0.0930819 0.093139 0.064046 0.0308641 0.0123206 0.00889155 0.0150893 0.0280256 0.0461232 0.0660702 0.082308 0.0891956 0.0841339 0.0691587 0.0496647 0.0313223 0.0175428 0.00892881 0.00431258
 1.00417e-16 8.03369e-05 0.000780903 0.00518938 0.0235902 0.0733977 0.156382 0.228244 0.228245 0.156387 0.0734153 0.0236411 0.00531825 0.00106514 0.000628666 0.00093422 0.00138902 0.0018521 0.00223545 0.00249261 0.00262955 0.00267743 0.00265084 0.00253262 0.002297 0.00194502
 1.00561e-16 5.51939e-05 0.000536504 0.00356526 0.0162072 0.0504267 0.107441 0.156819 0.15685 0.107592 0.0509361 0.0176775 0.00725263 0.00857496 0.0152891 0.0251032 0.0359568 0.0447968 0.0485555 0.0458255 0.0377236 0.0271929 0.0173195 0.00994875 0.00538605 0.00296784
 1.01547e-16 6.85637e-05 0.000666463 0.00442888 0.0201331 0.0626415 0.133465 0.194798 0.19481 0.133521 0.0628305 0.0206797 0.00580308 0.00367353 0.00580042 0.00953471 0.0138527 0.017675 0.0199366 0.0201219 0.0185324 0.0160187 0.0134123 0.0111242 0.00914809 0.00732424
 1.01293e-16 6.80104e-05 0.000661085 0.00439315 0.0199706 0.0621361 0.132388 0.193227 0.193242 0.132458 0.0623719 0.0206518 0.00610276 0.0043925 0.00715266 0.011712 0.0168531 0.0211688 0.0232735 0.02253 0.0194247 0.0152348 0.0112636 0.00823769 0.00621348 0.00487297
 1.00747e-16 7.29761e-05 0.000709353 0.0047139 0.0214287 0.0666728 0.142054 0.207333 0.207343 0.142099 0.0668259 0.0218711 0.00582436 0.00313361 0.0046774 0.00761785 0.0109679 0.0137935 0.0151944 0.0147522 0.0127721 0.0100682 0.00747287 0.00545315 0.00405504 0.00309339
 1.02755e-16 2.88565e-05 0.000280495 0.00186399 0.00847348 0.0263644 0.0561743 0.0819999 0.0820563 0.0564501 0.0272904 0.0111475 0.00857358 0.0149194 0.0278065 0.0458599 0.0659081 0.0825576 0.0903205 0.0866519 0.0734701 0.0558757 0.0391471 0.0263398 0.0178629 0.0125773
 1.03042e-16 7.13238e-05 0.000693293 0.00460717 0.0209435 0.0651632 0.138837 0.202638 0.202643 0.138862 0.0652474 0.021188 0.00522596 0.00206083 0.00271747 0.00450709 0.00678212 0.00914523 0.011222 0.0128075 0.0139209 0.0146661 0.0150358 0.0148575 0.0139314 0.0122257
 1.02217e-16 6.25733e-05 0.000608235 0.00404194 0.0183741 0.0571687 0.121805 0.177782 0.177802 0.121904 0.0575036 0.0193411 0.0064681 0.0059006 0.0101023 0.0165729 0.0238014 0.0297969 0.0325833 0.0312682 0.0265896 0.0204397 0.0147527 0.0106112 0.00808305 0.00663709
 1.04562e-16 4.1623e-05 0.00040459 0.00268864 0.0122222 0.038028 0.0810241 0.118265 0.118302 0.0812075 0.0386441 0.0140023 0.00715958 0.0101736 0.0186205 0.0307844 0.0444956 0.0562696 0.0625599 0.0616967 0.0548324 0.0450716 0.0355354 0.0278957 0.0222335 0.017841
 1.03096e-16 7.02917e-05 0.000683261 0.00454051 0.0206405 0.0642203 0.136828 0.199707 0.199714 0.136866 0.0643474 0.0210087 0.00546798 0.00271891 0.00396856 0.00653392 0.00960297 0.01249 0.0145372 0.0154305 0.0153457 0.0147496 0.0140286 0.0132632 0.0122924 0.0109441
 1.01677e-16 6.70388e-05 0.000651641 0.00433038 0.0196853 0.0612483 0.130497 0.190467 0.190483 0.130573 0.0615044 0.0204249 0.00618612 0.00470063 0.0077507 0.0126917 0.0182408 0.0228661 0.0250585 0.0241318 0.0206363 0.0159962 0.0116675 0.00846528 0.00644703 0.0052301
 1.04654e-16 2.90958e-05 0.000282822 0.00187945 0.00854375 0.026583 0.0566399 0.0826785 0.0827305 0.0568941 0.0274366 0.0110094 0.00806974 0.0137997 0.0257097 0.0424816 0.0612479 0.0771278 0.0851439 0.0829689 0.0722775 0.0575519 0.0433596 0.0322404 0.0244227 0.0188915
 1.13487e-16 3.94546e-05 0.000383513 0.00254858 0.0115855 0.0360469 0.0768024 0.112099 0.112119 0.0768997 0.0363746 0.012537 0.00495557 0.00569916 0.0103143 0.0174583 0.0262405 0.0352877 0.0431588 0.0490999 0.0532776 0.0562211 0.0580077 0.0579878 0.0552849 0.0495702
pSPR Fmed_Fpbrs
0.317826   0.246606 0.246606
Fs Fmed_Fpbrs
0.78483   1.005 1.005
SSBpbr Bo_Bmed_Bpbrs
1.2622e+06  338051  248158 248158
Ro
88817.6
SPR SPRFo_SPRFmed_SPRFpbrs
632239 200942 155914
Fref
1.005
log_Ro
11.2143
likeval ReclasPelacesDesembMPH_pf_preclas_ppelaces_ptallas_desvR_qrecl_qpela
 11.1144 17.1156 0.0472896 0.00086744 240.157 102.987 82.4874 0 32.806 4.56773e-05 8.67505e-05 0.0172859 0 0 0
q_reclas_q_pelaces
2.60572 3.76257
M
1
N
 94237 29819.4 49401.7 5764.94 0.322066
 82100.5 27298.5 7693.21 12627.5 1472.91
 100296 18060.9 4680.46 1292.94 2367.16
 69259.8 22012.7 3086.03 783.843 612.274
 40423.8 9890.11 1986.91 268.491 121.218
 254697 8848.15 1683.12 331.381 64.9245
 50856.1 66157.6 1941.52 364.36 85.7284
 16266.1 8443.53 7469.24 212.524 49.1847
 26603.9 4952.57 2345.56 2059.71 72.1396
 37116.1 4395.23 555.063 254.827 231.218
 53407.9 3504.16 214.627 25.709 22.4464
 110710 15262 885.96 53.7341 12.0496
 87410.2 18292.9 1710.86 96.2735 7.1363
 66312.7 15170.6 2205.84 200.365 12.0915
 47169 6508.27 784.725 108.389 10.4105
 278528 5454.38 429.46 49.5037 7.47605
 29322.8 50529.2 702.415 53.8068 7.12828
 484104 5735.68 7276.93 98.7044 8.55125
 206108 116204 1119.41 1396.84 20.5696
 238181 39046.3 15958.7 149.817 189.435
 237207 47326.1 5755.77 2296.8 48.7607
 416424 51859.6 8039.93 958.231 390.066
 47591.8 84191.2 7844.11 1188.12 198.994
 187105 11590.8 16788.9 1539.35 271.974
 166580 48081.2 2503.07 3575.41 385.45
 54921 42906.7 10419.4 534.961 845.884
 152778 14787.2 9930.32 2382.37 315.515
 196847 38874.7 3146.93 2083.25 565.54
 37114.8 56250.5 9828.47 787.846 662.78
 22379.1 10577.8 14165.7 2450.7 361.51
pred_Ctot
 12911.4 5794.76 9815.84 1146.82 0.0640725
 21746.7 9791.92 2811.52 4619.34 538.842
 26662.3 6499.5 1716.01 474.502 868.784
 28866.2 11699.2 1663.67 422.886 330.337
 10791.4 3572.59 731.204 98.9053 44.656
 48676.9 2353.01 456.974 90.0706 17.6477
 18792.3 31782.5 947.415 177.946 41.8698
 1799.78 1337.19 1210.33 34.4799 7.98023
 9874.21 2388.21 1148.83 1009.66 35.364
 19370.2 2796.01 357.052 164.017 148.826
 7692.42 714.104 44.7124 5.36214 4.68195
 41085.3 7358.77 433.889 26.3374 5.90631
 30989.4 8482.37 806.173 45.4036 3.36571
 34041.2 9528.68 1401.35 127.367 7.68649
 22378.3 3842.56 469.153 64.8438 6.22832
 94428.9 2433.54 194.801 22.4744 3.39423
 9131.23 20932.5 296.071 22.7006 3.00751
 110077 1790.97 2317.48 31.4672 2.72631
 66643.4 49752.9 487.484 608.846 8.9662
 72749.3 15902.3 6614.19 62.1505 78.5894
 63439.8 17123.7 2121.64 847.462 17.9924
 124407 20711.8 3268.31 389.896 158.722
 10512.6 25599.2 2433.02 368.913 61.7912
 36708.9 3158.47 4670.12 428.665 75.7415
 32498.8 13033.8 692.669 990.498 106.788
 9547.19 10442.9 2590.28 133.143 210.539
 30679.8 4117.47 2822.25 677.82 89.7737
 28353.9 7922.64 655.626 434.531 117.969
 5396.33 11566.2 2065.86 165.792 139.482
 6300.94 4007.72 5465.6 946.472 139.624
F
 0.238981 0.354822 0.364111 0.364613 0.36464
 0.514193 0.763436 0.783423 0.784504 0.784561
 0.516503 0.766866 0.786942 0.788028 0.788085
 0.946328 1.40504 1.44182 1.44381 1.44392
 0.519211 0.770886 0.791068 0.792159 0.792217
 0.348034 0.516735 0.530263 0.530995 0.531034
 0.795599 1.18125 1.21217 1.21384 1.21393
 0.189176 0.280875 0.288229 0.288626 0.288647
 0.800538 1.18858 1.2197 1.22138 1.22147
 1.3601 2.01937 2.07224 2.0751 2.07525
 0.252595 0.375035 0.384853 0.385384 0.385412
 0.800395 1.18837 1.21948 1.22116 1.22125
 0.751255 1.11541 1.14461 1.14619 1.14627
 1.32131 1.96178 2.01314 2.01592 2.01606
 1.15732 1.7183 1.76329 1.76572 1.76585
 0.706965 1.04965 1.07713 1.07862 1.07869
 0.63166 0.937842 0.962394 0.963722 0.963792
 0.426949 0.633902 0.650498 0.651395 0.651443
 0.663655 0.985346 1.01114 1.01254 1.01261
 0.615969 0.914545 0.938487 0.939782 0.939851
 0.520393 0.772641 0.792869 0.793963 0.79402
 0.598613 0.888777 0.912045 0.913303 0.91337
 0.412449 0.612374 0.628405 0.629272 0.629318
 0.358782 0.532693 0.546638 0.547393 0.547432
 0.356446 0.529226 0.543081 0.54383 0.543869
 0.312136 0.463436 0.475569 0.476225 0.47626
 0.368642 0.547333 0.561662 0.562437 0.562478
 0.252613 0.375061 0.38488 0.385411 0.385439
 0.255258 0.378989 0.388911 0.389447 0.389476
 0.555046 0.824091 0.845666 0.846832 0.846894
nmprior
 8 8 7 0
nm_flota  nm_reclas  nm_pelaces    nm_pelaL
inf 18.7054 12.0938 19.9101
cv_recla  cv_pelaces  cv_mph
0.308653 0.486812 0.908919
 ------------------------------------------------
Talla a la edad & desviación 
 8 13.2811 15.8009 17.003 17.5766
 0.8 1.32811 1.58009 1.7003 1.75766
