years
 1991 1992 1993 1994 1995 1996 1997 1998 1999 2000 2001 2002 2003 2004 2005 2006 2007 2008 2009 2010 2011 2012 2013 2014 2015 2016 2017 2018 2019 2020
reclasobs
 0 0 0 0 0 0 0 0 0 252601 567819 844713 477998 351125 339783 2.1784e+06 2.13404e+06 4.81314e+06 1.55562e+06 2.62356e+06 3.21686e+06 3.843e+06 1.13348e+06 3.07943e+06 1.97215e+06 2.03268e+06 2.025e+06 2.42433e+06 2.27542e+06 1.05018e+06
reclaspred
 2.69312e+06 1.4698e+06 732550 590186 509501 1.03877e+06 540845 438207 336676 263148 418452 584460 571007 416262 403584 1.3234e+06 1.19088e+06 2.93029e+06 2.40511e+06 1.78207e+06 3.16891e+06 2.55165e+06 1.90838e+06 2.99659e+06 2.19588e+06 1.87464e+06 2.34265e+06 2.59301e+06 2.04256e+06 1.15009e+06
pelacesobs
 0 0 0 0 0 0 0 0 0 0 0 0 0 0 0 552880 188675 0 991730 2.46772e+06 1.41603e+06 1.21717e+06 2.29649e+06 1.80582e+06 0 1.4828e+06 1.56532e+06 1.57751e+06 1.42118e+06 867257
pelacespred
 1.20385e+06 719181 351755 226317 213728 452611 192065 219359 148694 110255 192602 227569 246724 184561 184948 520429 471359 1.35834e+06 1.13382e+06 776500 1.36007e+06 1.17078e+06 878021 1.52116e+06 1.06806e+06 910599 1.30256e+06 1.41757e+06 921102 592987
mphobs
 0 0 0 0 0 0 0 0 0 0 0 498337 0 5186 125008 0 168611 109162 213762 579715 649985 157893 87575 83554 0 0 0 0 0 0
mphpred
 2.32144e+06 1.52123e+06 730947 390138 314078 328690 542356 259802 228297 155200 115427 284816 316925 257081 155804 195707 866916 749413 1.66375e+06 1.2327e+06 1.31714e+06 1.64387e+06 1.5422e+06 1.19225e+06 1.70399e+06 1.36574e+06 1.08274e+06 1.23181e+06 1.79859e+06 1.1415e+06
desembarqueobs
 494567 514787 250237 358949 120608 361735 552515 73892 212993 205616 52469 317467 293654 387597 252695 516296 358380 742168 942051 627588 828172 859565 418607 520667 417249 300574 407403 355545 319650 289779
desembarquepred
 494562 514229 250282 358980 120610 361698 552372 73894.3 213004 205620 52470.5 317483 293656 387521 252650 516194 358387 742012 941684 627344 828159 859444 418581 520661 417218 300552 407374 355508 319622 289769
Reclutas
 163758 96808.3 94316.5 102125 83051.5 214663 71892 27829.8 35202.9 53638.2 99899.1 135575 109698 75250.3 70874.1 455781 73042.2 699430 386549 303887 446257 584210 101076 354048 281557 120404 305764 345801 75749.4 53777.4
log_desv_Rt
 0.149183 -0.376472 -0.402549 -0.323008 -0.529744 0.419865 -0.67404 -1.6231 -1.38808 -0.966943 -0.345044 -0.0396783 -0.251477 -0.628385 -0.6883 1.17281 -0.658167 1.60106 1.00805 0.767453 1.15169 1.42106 -0.333333 0.920227 0.691129 -0.158355 0.77361 0.89666 -0.621775 -0.964351
SSB
 2.32144e+06 1.52123e+06 730947 390138 314078 328690 542356 259802 228297 155200 115427 284816 316925 257081 155804 195707 866916 749413 1.66375e+06 1.2327e+06 1.31714e+06 1.64387e+06 1.5422e+06 1.19225e+06 1.70399e+06 1.36574e+06 1.08274e+06 1.23181e+06 1.79859e+06 1.1415e+06
BT
 3.19891e+06 2.16661e+06 1.05677e+06 823329 591492 1.35642e+06 929483 572682 552193 449540 488501 787849 834401 827409 680214 1.61575e+06 1.36744e+06 3.79169e+06 3.51701e+06 2.35762e+06 3.80613e+06 3.50712e+06 2.39056e+06 3.99458e+06 2.85333e+06 2.36868e+06 3.42219e+06 3.62718e+06 2.39037e+06 1.65808e+06
Ftot
 0.185402 0.344911 0.342845 0.639593 0.257282 0.415461 0.980849 0.183309 0.68703 0.847315 0.157342 0.6055 0.565513 1.00136 0.73691 0.499172 0.310162 0.311594 0.42402 0.383996 0.294986 0.375037 0.224694 0.204805 0.204145 0.169476 0.204076 0.163317 0.155942 0.252681
BD_Bspro_t
 0.970895 0.797857 0.602965 0.493493 0.419269 0.488175 0.521446 0.302363 0.346751 0.306825 0.302632 0.597546 0.488986 0.393454 0.275062 0.326931 0.567341 0.519161 0.644911 0.543991 0.515209 0.567333 0.581908 0.560069 0.673556 0.676911 0.677569 0.728296 0.783244 0.699288
BD_Bspro
 2.31186 1.51496 0.727933 0.388529 0.312783 0.327335 0.54012 0.258731 0.227356 0.154561 0.114951 0.283642 0.315618 0.256021 0.155161 0.1949 0.863342 0.746324 1.65689 1.22761 1.31171 1.6371 1.53584 1.18734 1.69696 1.36011 1.07828 1.22673 1.79118 1.13679
BD_Bo
 1.33976 0.877945 0.421849 0.225159 0.181263 0.189696 0.313009 0.149939 0.131757 0.0895703 0.066616 0.164375 0.182906 0.148369 0.0899184 0.112948 0.500321 0.432507 0.960194 0.711422 0.760156 0.948724 0.890043 0.688082 0.983416 0.788207 0.62488 0.710911 1.03802 0.658788
BD_Brms
 7.11506 4.66249 2.24031 1.19575 0.96263 1.00741 1.66229 0.796278 0.699718 0.47568 0.353776 0.872945 0.971356 0.787939 0.477528 0.599831 2.65704 2.29691 5.09929 3.77814 4.03695 5.03837 4.72674 3.65419 5.22261 4.18592 3.31854 3.77542 5.51258 3.49862
Sel_flota
 0.688126 0.976702 0.998746 0.999934 0.999997
 0.688126 0.976702 0.998746 0.999934 0.999997
 0.688126 0.976702 0.998746 0.999934 0.999997
 0.688126 0.976702 0.998746 0.999934 0.999997
 0.688126 0.976702 0.998746 0.999934 0.999997
 0.688126 0.976702 0.998746 0.999934 0.999997
 0.688126 0.976702 0.998746 0.999934 0.999997
 0.688126 0.976702 0.998746 0.999934 0.999997
 0.688126 0.976702 0.998746 0.999934 0.999997
 0.688126 0.976702 0.998746 0.999934 0.999997
 0.688126 0.976702 0.998746 0.999934 0.999997
 0.688126 0.976702 0.998746 0.999934 0.999997
 0.688126 0.976702 0.998746 0.999934 0.999997
 0.688126 0.976702 0.998746 0.999934 0.999997
 0.688126 0.976702 0.998746 0.999934 0.999997
 0.688126 0.976702 0.998746 0.999934 0.999997
 0.688126 0.976702 0.998746 0.999934 0.999997
 0.688126 0.976702 0.998746 0.999934 0.999997
 0.688126 0.976702 0.998746 0.999934 0.999997
 0.688126 0.976702 0.998746 0.999934 0.999997
 0.688126 0.976702 0.998746 0.999934 0.999997
 0.688126 0.976702 0.998746 0.999934 0.999997
 0.688126 0.976702 0.998746 0.999934 0.999997
 0.688126 0.976702 0.998746 0.999934 0.999997
 0.688126 0.976702 0.998746 0.999934 0.999997
 0.688126 0.976702 0.998746 0.999934 0.999997
 0.688126 0.976702 0.998746 0.999934 0.999997
 0.688126 0.976702 0.998746 0.999934 0.999997
 0.688126 0.976702 0.998746 0.999934 0.999997
 0.688126 0.976702 0.998746 0.999934 0.999997
Sel_reclas
 1 1 1 1 1
 1 1 1 1 1
 1 1 1 1 1
 1 1 1 1 1
 1 1 1 1 1
 1 1 1 1 1
 1 1 1 1 1
 1 1 1 1 1
 1 1 1 1 1
 1 1 1 1 1
 1 1 1 1 1
 1 1 1 1 1
 1 1 1 1 1
 1 1 1 1 1
 1 1 1 1 1
 1 1 1 1 1
 1 1 1 1 1
 1 1 1 1 1
 1 1 1 1 1
 1 1 1 1 1
 1 1 1 1 1
 1 1 1 1 1
 1 1 1 1 1
 1 1 1 1 1
 1 1 1 1 1
 1 1 1 1 1
 1 1 1 1 1
 1 1 1 1 1
 1 1 1 1 1
 1 1 1 1 1
Sel_pelaces
 1 1 1 1 1
 1 1 1 1 1
 1 1 1 1 1
 1 1 1 1 1
 1 1 1 1 1
 1 1 1 1 1
 1 1 1 1 1
 1 1 1 1 1
 1 1 1 1 1
 1 1 1 1 1
 1 1 1 1 1
 1 1 1 1 1
 1 1 1 1 1
 1 1 1 1 1
 1 1 1 1 1
 1 1 1 1 1
 1 1 1 1 1
 1 1 1 1 1
 1 1 1 1 1
 1 1 1 1 1
 1 1 1 1 1
 1 1 1 1 1
 1 1 1 1 1
 1 1 1 1 1
 1 1 1 1 1
 1 1 1 1 1
 1 1 1 1 1
 1 1 1 1 1
 1 1 1 1 1
 1 1 1 1 1
pf_obs 
 0.8446 0.082 0.0669 0.0065 0
 0.8095 0.147 0.0364 0.0071 0
 0.9664 0.0169 0.016 0.0007 0
 0.9276 0.0648 0.0075 0.0001 0
 0.7033 0.2144 0.0806 0.0017 0
 0.9318 0.0425 0.0243 0.0014 0
 0.5671 0.3108 0.0964 0.0239 0.0018
 0.0768 0.2599 0.5324 0.112 0.0189
 0.490249 0.384438 0.106611 0.0170017 0.00170017
 0.7925 0.1577 0.0466 0.003 0.0002
 0.840416 0.127587 0.0312969 0.00059994 9.999e-05
 0.8084 0.0986 0.0794 0.0134 0.0002
 0.7335 0.1905 0.0724 0.0035 0.0001
 0.4001 0.4547 0.1325 0.0127 0
 0.49795 0.308269 0.164784 0.0264974 0.00249975
 0.9179 0.0499 0.0305 0.0017 0
 0.2467 0.6533 0.0926 0.0074 0
 0.9418 0.0223 0.034 0.0019 0
 0.707729 0.231977 0.0356964 0.0245975 0
 0.517169 0.277429 0.184464 0.0207286 0.00020938
 0.811772 0.124168 0.05621 0.00726502 0.000585176
 0.764997 0.148141 0.077277 0.00933861 0.000247198
 0.163321 0.427699 0.378323 0.0303852 0.000271297
 0.753843 0.0900009 0.118128 0.0371064 0.000921714
 0.721811 0.176058 0.0630433 0.0369309 0.00215725
 0.143369 0.312575 0.442814 0.0836902 0.0175525
 0.692698 0.0596174 0.167031 0.0765114 0.00414204
 0.394062 0.376323 0.152708 0.0712218 0.00568511
 0.125707 0.32114 0.495352 0.0537591 0.00404204
 0.23352 0.215282 0.420074 0.123614 0.00750983
pf_pred 
 0.433713 0.159293 0.377765 0.0292284 8.6034e-07
 0.414073 0.309498 0.0790959 0.183178 0.0141554
 0.558454 0.227003 0.114763 0.0285787 0.0712008
 0.648299 0.230329 0.0632069 0.0311342 0.0270303
 0.649616 0.260712 0.0593497 0.0158032 0.0145185
 0.819057 0.132267 0.0364512 0.00809518 0.00413022
 0.451792 0.478459 0.0513607 0.0137752 0.00461327
 0.463173 0.311357 0.197669 0.0204817 0.00731892
 0.622267 0.210239 0.0981234 0.0608275 0.00854387
 0.787821 0.153929 0.0328766 0.0148747 0.0104985
 0.848271 0.130313 0.0156808 0.00323961 0.00249569
 0.733494 0.237019 0.0254096 0.0029867 0.00109099
 0.669846 0.267766 0.055667 0.00579278 0.000928116
 0.619973 0.288593 0.0745657 0.0150537 0.00181463
 0.740667 0.19051 0.0527164 0.0131401 0.00296682
 0.946669 0.0437893 0.00706903 0.00189504 0.000578017
 0.301896 0.673284 0.020482 0.00321486 0.00112299
 0.901429 0.0383122 0.0581692 0.00172516 0.000364865
 0.561765 0.408339 0.0118016 0.0174674 0.000626743
 0.580911 0.275908 0.133664 0.00375999 0.00575645
 0.719085 0.189761 0.0605533 0.0285695 0.00203109
 0.717114 0.22374 0.0402852 0.0125348 0.00632589
 0.258309 0.586709 0.123259 0.0216174 0.0101063
 0.729313 0.0909419 0.142908 0.029305 0.00753247
 0.588907 0.327932 0.0283899 0.0435577 0.0112134
 0.393408 0.409183 0.158258 0.0133772 0.0257746
 0.73011 0.13045 0.0947837 0.0358093 0.00884749
 0.669619 0.26355 0.0327082 0.0232043 0.0109185
 0.262463 0.548956 0.151159 0.0183269 0.0190953
 0.345301 0.221543 0.324332 0.0872511 0.021573
pobs_RECLAS
 0 0 0 0 0
 0 0 0 0 0
 0 0 0 0 0
 0 0 0 0 0
 0 0 0 0 0
 0 0 0 0 0
 0 0 0 0 0
 0 0 0 0 0
 0 0 0 0 0
 0 0 0 0 0
 0.991045 0.00858322 0.000360255 1.14367e-05 0
 0.934742 0.0480273 0.0164251 0.00080598 0
 0.827803 0.169806 0.00239088 0 0
 0.941827 0.0461693 0.0120037 0 0
 0.791401 0.0380133 0.147996 0.0225897 0
 0.846168 0.0940531 0.0597789 0 0
 0.134021 0.677848 0.182769 0.00536245 0
 0.80878 0.0450904 0.141981 0.00414843 0
 0.846168 0.0940531 0.0597789 0 0
 0.905697 0.0802665 0.012482 0.00150086 5.37128e-05
 0.989698 0.0102097 9.19794e-05 0 0
 0.975433 0.0193895 0.00387452 0.00125025 5.28907e-05
 0.303575 0.632131 0.0575291 0.00676475 0
 0.966965 0.00978017 0.0227588 0.000495775 0
 0.843318 0.132988 0.00938335 0.0141283 0.000182051
 0.564624 0.303363 0.111486 0.0197234 0.00080311
 0.826376 0.0876187 0.0782897 0.00655872 0.00115652
 0.89761 0.0855135 0.0140674 0.00269457 0.000114338
 0.34875 0.467042 0.161289 0.0227151 0.000203297
 0.318654 0.224769 0.449479 0.00709798 0
ppred_RECLAS
 0.526191 0.135474 0.314064 0.0242704 7.14353e-07
 0.506177 0.263801 0.0658752 0.152372 0.011774
 0.647228 0.183454 0.0906249 0.02254 0.0561524
 0.729672 0.178547 0.0478274 0.0235283 0.0204256
 0.727269 0.204137 0.0454186 0.012079 0.0110963
 0.867559 0.0974254 0.0262293 0.00581783 0.0029681
 0.550007 0.394028 0.0412259 0.0110419 0.00369762
 0.554073 0.261114 0.16205 0.0167706 0.00599243
 0.70792 0.164357 0.0748644 0.0463488 0.00650974
 0.84582 0.112635 0.0234622 0.0106011 0.00748169
 0.888817 0.0957968 0.0112693 0.0023254 0.0017913
 0.800016 0.178329 0.0186639 0.00219099 0.000800277
 0.746779 0.206296 0.0418758 0.00435211 0.000697246
 0.708414 0.222807 0.0561045 0.0113111 0.00136338
 0.807462 0.142369 0.0384398 0.00956898 0.00216037
 0.962577 0.030858 0.00486512 0.00130258 0.000397281
 0.382698 0.595842 0.0177133 0.00277686 0.000969928
 0.929998 0.027593 0.0409399 0.00121269 0.000256463
 0.648753 0.327819 0.00925544 0.0136818 0.000490881
 0.667408 0.220703 0.104461 0.00293487 0.00449292
 0.786892 0.145046 0.0452322 0.0213148 0.00151523
 0.785296 0.170647 0.0300199 0.00932915 0.00470781
 0.33325 0.529952 0.108824 0.0190626 0.00891138
 0.796118 0.0695481 0.10683 0.0218802 0.00562367
 0.672607 0.2624 0.0222055 0.0340279 0.00875953
 0.482296 0.351817 0.13302 0.0112303 0.0216367
 0.79623 0.0996692 0.0707893 0.0267118 0.00659933
 0.74378 0.205347 0.0249138 0.0176534 0.00830605
 0.337815 0.495739 0.133449 0.0161602 0.0168367
 0.433623 0.194608 0.278454 0.0748177 0.0184977
pobs_PELACES
 0 0 0 0 0
 0 0 0 0 0
 0 0 0 0 0
 0 0 0 0 0
 0 0 0 0 0
 0 0 0 0 0
 0 0 0 0 0
 0 0 0 0 0
 0 0 0 0 0
 0 0 0 0 0
 0 0 0 0 0
 0 0 0 0 0
 0 0 0 0 0
 0 0 0 0 0
 0 0 0 0 0
 0 0 0 0 0
 0.505614 0.472636 0.0217494 0 0
 0 0 0 0 0
 0.443492 0.261883 0.143347 0.151278 0
 0.227955 0.32914 0.350689 0.0885471 0.00366901
 0.970185 0.0296113 0.000203453 0 0
 0.997202 0.00247181 0.000326279 0 0
 0.445219 0.490057 0.0546422 0.010081 0
 0.90214 0.0892962 0.00764917 0.000914606 0
 0 0 0 0 0
 0.581667 0.319106 0.0959925 0.00289975 0.000334073
 0.762889 0.0836404 0.116647 0.0363945 0.000428098
 0.88444 0.0763242 0.0277011 0.0115352 0
 0.521256 0.241999 0.230069 0.00667565 0
 0.616807 0.101726 0.260614 0.0208532 0
ppred_PELACES
 0.530831 0.134277 0.310869 0.0240217 7.07033e-07
 0.514688 0.259569 0.064656 0.149532 0.0115545
 0.654924 0.179673 0.0885357 0.0220174 0.0548501
 0.741827 0.170795 0.0455385 0.0223967 0.0194429
 0.732196 0.200545 0.0445361 0.0118431 0.0108796
 0.87213 0.0941394 0.0252682 0.00560373 0.00285885
 0.57322 0.374037 0.0388561 0.0104032 0.00348365
 0.558519 0.258654 0.160309 0.0165893 0.00592763
 0.72171 0.156947 0.0711327 0.0440267 0.0061835
 0.85626 0.105186 0.0217759 0.00983588 0.00694154
 0.890305 0.0945301 0.0111076 0.00229188 0.00176547
 0.809156 0.17026 0.0177411 0.00208217 0.00076052
 0.756968 0.198147 0.0400565 0.00416211 0.000666799
 0.728056 0.208158 0.0520352 0.0104866 0.00126397
 0.818347 0.13451 0.0361236 0.00898981 0.00202958
 0.964274 0.0294773 0.00463059 0.00123954 0.000378052
 0.389719 0.589112 0.0174737 0.00273898 0.00095669
 0.931992 0.0268438 0.039738 0.00117694 0.000248902
 0.657945 0.319307 0.00898735 0.0132833 0.000476579
 0.675682 0.215416 0.101674 0.00285614 0.00437236
 0.791679 0.141886 0.044152 0.0208033 0.00147887
 0.791351 0.165929 0.0291104 0.0090452 0.00456448
 0.338097 0.526278 0.107893 0.0188979 0.00883433
 0.799425 0.0684881 0.105045 0.0215129 0.00552924
 0.67694 0.259006 0.0218858 0.0335352 0.00863267
 0.486426 0.34915 0.131849 0.0111307 0.0214447
 0.799489 0.098151 0.0696076 0.0262638 0.00648862
 0.746778 0.202993 0.024599 0.0174292 0.00820054
 0.34121 0.49334 0.132653 0.0160628 0.0167351
 0.439843 0.192706 0.275226 0.0739432 0.0182813
pobs_pel_tallas
 0 0 0 0 0 0 0 0 0 0 0 0 0 0 0 0 0 0 0 0 0 0 0 0 0 0
 0 0 0 0 0 0 0 0 0 0 0 0 0 0 0 0 0 0 0 0 0 0 0 0 0 0
 0 0 0 0 0 0 0 0 0 0 0 0 0 0 0 0 0 0 0 0 0 0 0 0 0 0
 0 0 0 0 0 0 0 0 0 0 0 0 0 0 0 0 0 0 0 0 0 0 0 0 0 0
 0 0 0 0 0 0 0 0 0 0 0 0 0 0 0 0 0 0 0 0 0 0 0 0 0 0
 0 0 0 0 0 0 0 0 0 0 0 0 0 0 0 0 0 0 0 0 0 0 0 0 0 0
 0 0 0 0 0 0 0 0 0 0 0 0 0 0 0 0 0 0 0 0 0 0 0 0 0 0
 0 0 0 0 0 0 0 0 0 0 0 0 0 0 0 0 0 0 0 0 0 0 0 0 0 0
 0 0 0 0 0 0 0 0 0 0 0 0 0 0 0 0 0 0 0 0 0 0 0 0 0 0
 0 0 0 0 0 0 0 0 0 0 0 0 0 0 0 0 0 0 0 0 0 0 0 0 0 0
 0 0 0 0 0 0 0 0 0 0 0 0 0 0 0 0 0 0 0 0 0 0 0 0 0 0
 0 0 0 0 0 0 0 0 0 0 0 0 0 0 0 0 0 0 0 0 0 0 0 0 0 0
 0.00862536 0 0 0.000197151 0.00414017 0.0128641 0.00837892 0.0270097 0.101434 0.158115 0.152841 0.127902 0.109271 0.109419 0.0830992 0.0579132 0.0238553 0.00714673 0.00463305 0.00128148 0.00103504 0.000492878 0.000147863 0.000147863 4.92878e-05 0
 0 0 0 0 0 0 0 0 0 0 0 0 0 0 0 0 0 0 0 0 0 0 0 0 0 0
 0 0 0 0 0 0 0 0.0054083 0.00873648 0.0413646 0.0450493 0.0745869 0.0622846 0.0627006 0.0613931 0.0827291 0.12552 0.122667 0.0946155 0.0697135 0.0546179 0.0294188 0.0215738 0.0213955 0.0102223 0.00600262
 0 0 0 0 0.00359764 0.0251062 0.0480494 0.140153 0.205849 0.193036 0.1447 0.116669 0.0760912 0.0342217 0.00950174 0.001854 0.000860785 0 0 0 0.000165536 0 0.000143464 0 0 0
 0 0 0 0 0 0 0 0.000145254 0.000435761 0.0275982 0.070085 0.0708112 0.156366 0.174668 0.174014 0.160142 0.0824315 0.0480064 0.0283245 0.00493863 0.00203355 0 0 0 0 0
 0 0 0 0 0 0 0 0 0 0 0 0 0 0 0 0 0 0 0 0 0 0 0 0 0 0
 0 0 1.00437e-05 0.000401748 0.00122533 0.00171747 0.00176769 0.0269171 0.070346 0.194647 0.189555 0.159765 0.064822 0.0314167 0.0384472 0.0292271 0.0345202 0.0313363 0.0194345 0.0106764 0.0143323 0.0359363 0.0279516 0.0138201 0.00172751 0
 0 0.0021121 0.0136068 0.0755702 0.200478 0.177729 0.0527432 0.0373336 0.0318909 0.0142505 0.0149659 0.0166563 0.0217959 0.0798694 0.0677717 0.0528807 0.04013 0.0224614 0.0357745 0.0225083 0.00881397 0.00855152 0.00135912 0.000746735 0 0
 0 0 0 0 5.4009e-05 0.00500934 0.000945158 0.0243581 0.138947 0.33067 0.221406 0.137944 0.0707744 0.0437923 0.0131692 0.00525238 0.0047753 0.00276346 9.45158e-05 9.00151e-06 2.25038e-05 9.00151e-06 4.50075e-06 0 0 0
 0.000866109 0.00284123 0.00948549 0.0512746 0.133035 0.25785 0.225252 0.132002 0.0553304 0.0519788 0.0540692 0.017754 0.00435017 0.00159236 0.00146478 0.000404838 0.000125132 0.000115318 0.000107957 0.000100596 0 0 0 0 0 0
 0 0 0 0 0.00144013 0.00171154 0.00461396 0.0210425 0.0478622 0.0707936 0.0888783 0.103762 0.0637923 0.0337046 0.0602308 0.124433 0.169614 0.0934646 0.0462172 0.0250306 0.0313229 0.00938855 0.002487 0.000210481 0 0
 0 0.00764035 0.051015 0.0998891 0.058973 0.0496711 0.0374665 0.0718981 0.12319 0.153886 0.159021 0.0857701 0.0377988 0.023471 0.0147837 0.00900784 0.00315554 0.000888139 0.00291439 0.00214683 0.00393193 0.00274676 0.000635225 9.99891e-05 0 0
 0 0 0 0 0 0 0 0 0 0 0 0 0 0 0 0 0 0 0 0 0 0 0 0 0 0
 0 0 0 0 0 0 0 0 0 0 0 0 0 0 0 0 0 0 0 0 0 0 0 0 0 0
 0 0 0 0 0 0 0 0 0 0 0 0 0 0 0 0 0 0 0 0 0 0 0 0 0 0
 0 0 0 0 0 0 0 0 0 0 0 0 0 0 0 0 0 0 0 0 0 0 0 0 0 0
 0 0 0 0 0 0 0 0 0 0 0 0 0 0 0 0 0 0 0 0 0 0 0 0 0 0
 0 0 0 0 0 0 0 0 0 0 0 0 0 0 0 0 0 0 0 0 0 0 0 0 0 0
ppred_pel_tallas
 1.11415e-16 4.37239e-05 0.000425012 0.00282435 0.0128391 0.0399473 0.0851125 0.124227 0.12424 0.0851782 0.0401692 0.0134858 0.00446955 0.004089 0.00721441 0.0124098 0.0191554 0.0267543 0.0344262 0.0416561 0.0482172 0.0537771 0.0575177 0.0582729 0.0551854 0.0483626
 1.18884e-16 4.23942e-05 0.000412087 0.00273847 0.0124487 0.0387326 0.0825248 0.120453 0.120478 0.0826476 0.0391451 0.0136415 0.00573794 0.00697865 0.012571 0.0208744 0.030463 0.0392028 0.0450122 0.0471008 0.0464887 0.045259 0.0451063 0.0463069 0.0477636 0.0478712
 1.14092e-16 5.39453e-05 0.000524367 0.00348461 0.0158405 0.0492858 0.105009 0.153268 0.153285 0.105095 0.0495723 0.0166696 0.0055714 0.00509921 0.00880017 0.0146172 0.0214209 0.0277356 0.0321099 0.0339341 0.0337944 0.0329931 0.0326203 0.0329167 0.0333188 0.03298
 1.06895e-16 6.11034e-05 0.000593947 0.00394698 0.0179424 0.0558256 0.118943 0.173604 0.173621 0.119024 0.0560966 0.0187257 0.00591526 0.00489817 0.00825803 0.0136158 0.0197542 0.02516 0.0283445 0.0286537 0.0266567 0.0237259 0.02115 0.0194758 0.0184701 0.0175376
 1.04366e-16 6.03101e-05 0.000586235 0.00389574 0.0177095 0.0551009 0.117399 0.171351 0.171371 0.117494 0.0554186 0.0186276 0.00620169 0.00562495 0.00964403 0.015886 0.0229688 0.0290772 0.0324034 0.0321215 0.0288671 0.0242735 0.0199506 0.0167089 0.0144844 0.0127747
 1.018e-16 7.18362e-05 0.000698273 0.00464027 0.021094 0.0656314 0.139835 0.204095 0.204104 0.139879 0.0657806 0.0215254 0.00572416 0.00306762 0.00458109 0.00748455 0.0108329 0.0137449 0.015372 0.0153216 0.0138763 0.0117767 0.00974983 0.00815729 0.00697165 0.00598442
 1.0285e-16 4.72155e-05 0.000458951 0.00304989 0.0138644 0.0431375 0.0919103 0.134153 0.134189 0.0920863 0.0437285 0.0155711 0.00733297 0.00980535 0.0177872 0.0293035 0.0421435 0.0528608 0.0579728 0.055873 0.0477898 0.0369603 0.0267092 0.0189233 0.0137957 0.0105461
 1.0736e-16 4.60045e-05 0.000447181 0.00297167 0.0135088 0.0420311 0.0895525 0.13071 0.130735 0.0896754 0.0424441 0.0147044 0.00598211 0.00704991 0.0126763 0.0211193 0.0309668 0.0400819 0.0462749 0.0484723 0.0472343 0.0441351 0.0405689 0.0369978 0.0331107 0.0285038
 1.07555e-16 5.94464e-05 0.00057784 0.00383995 0.0174559 0.0543118 0.115717 0.168896 0.168911 0.115792 0.0545618 0.0181794 0.00566062 0.00456765 0.00768232 0.0127273 0.0186166 0.0240288 0.0276626 0.0289423 0.0283313 0.0269234 0.0256502 0.0247499 0.0238295 0.0223244
 1.02817e-16 7.05291e-05 0.000685568 0.00455584 0.0207102 0.0644371 0.13729 0.200382 0.200392 0.13734 0.0646038 0.0211917 0.00576515 0.003328 0.00509649 0.00833413 0.0120478 0.0152575 0.0170193 0.0169101 0.0152762 0.0129845 0.0108807 0.00937547 0.00840389 0.00766207
 1.00874e-16 7.33333e-05 0.000712825 0.00473698 0.0215336 0.0669991 0.142749 0.208348 0.208357 0.142793 0.0671485 0.0219651 0.00581991 0.0030763 0.00456032 0.00741863 0.0106693 0.0133952 0.014715 0.014224 0.0122313 0.00955003 0.00701288 0.00508825 0.0038184 0.00300307
 1.00894e-16 6.66491e-05 0.000647853 0.00430521 0.0195709 0.0608924 0.129738 0.18936 0.189377 0.129818 0.0611614 0.0203477 0.00625458 0.00490146 0.00813944 0.0133358 0.0191689 0.0240296 0.0263237 0.0253121 0.0215477 0.0165018 0.0116944 0.00800117 0.0055352 0.00396828
 1.01737e-16 6.23505e-05 0.000606069 0.00402754 0.0183086 0.056965 0.121371 0.177148 0.177167 0.121464 0.0572787 0.0192149 0.00630326 0.00557664 0.00951006 0.0156431 0.0225733 0.0284772 0.0315317 0.0308816 0.0271267 0.0218816 0.0167826 0.0127264 0.00978185 0.00759052
 1.02821e-16 5.99691e-05 0.000582921 0.00387371 0.0176093 0.0547893 0.116735 0.170383 0.170403 0.116833 0.0551192 0.0185627 0.00626855 0.00581662 0.0100165 0.0165083 0.023877 0.0302381 0.0337037 0.0333902 0.029916 0.0249284 0.0200652 0.0161747 0.0132533 0.010892
 1.02322e-16 6.74062e-05 0.000655212 0.00435412 0.0197932 0.061584 0.131212 0.19151 0.191523 0.131275 0.0617973 0.0204096 0.0059028 0.00404056 0.00651022 0.0106912 0.0154768 0.0196352 0.0219545 0.0218713 0.0197858 0.0167526 0.0138075 0.0114683 0.00970156 0.00822029
 1.0033e-16 7.9426e-05 0.000772049 0.00513054 0.0233227 0.0725655 0.154609 0.225656 0.225659 0.154623 0.0726122 0.0234574 0.00546868 0.00151036 0.00148203 0.00232544 0.00334465 0.00421104 0.00464884 0.00453243 0.00395589 0.00316665 0.0024153 0.00183873 0.00144421 0.001169
 1.01092e-16 3.21007e-05 0.000312031 0.00207356 0.00942612 0.0293285 0.0624895 0.0912171 0.0912738 0.0627663 0.0302578 0.0121089 0.00880235 0.0149834 0.0278438 0.0458443 0.0657168 0.0819652 0.0890098 0.084278 0.0697739 0.0508064 0.0329357 0.0194781 0.0109853 0.0062914
 1.01314e-16 7.6767e-05 0.000746202 0.00495878 0.0225419 0.0701362 0.149433 0.218102 0.218105 0.149446 0.0701798 0.0226685 0.00527937 0.00145482 0.00144815 0.00233906 0.00351615 0.00474071 0.00581342 0.00662236 0.00716956 0.00750147 0.00761172 0.00741738 0.00683179 0.00586127
 1.01754e-16 5.41942e-05 0.000526787 0.00350068 0.0159136 0.0495133 0.105495 0.153979 0.15401 0.105645 0.0500171 0.017368 0.00714871 0.00848175 0.0151366 0.024872 0.0356702 0.0445374 0.0484685 0.0460936 0.0385195 0.0286267 0.0194022 0.0125812 0.00837532 0.0060652
 1.04016e-16 5.5655e-05 0.000540987 0.00359505 0.0163426 0.0508479 0.108338 0.158126 0.158147 0.10844 0.0511909 0.0173344 0.00608985 0.00600424 0.0104812 0.0173687 0.0253138 0.0324505 0.0368858 0.0376991 0.0354122 0.0314945 0.0273455 0.0235982 0.0201634 0.0167345
 1.03648e-16 6.52096e-05 0.000633861 0.00421223 0.0191482 0.0595772 0.126936 0.18527 0.185283 0.127003 0.0598025 0.0197994 0.00584901 0.00421415 0.00688607 0.0113371 0.0164583 0.0209802 0.0236536 0.0239072 0.0221658 0.0195108 0.0169663 0.0149825 0.0134273 0.011931
 1.02563e-16 6.51825e-05 0.000633598 0.00421048 0.0191402 0.0595525 0.126883 0.185193 0.185209 0.126962 0.0598151 0.0198989 0.00611533 0.00479371 0.00797139 0.0130895 0.018884 0.023821 0.0263837 0.0258763 0.0228308 0.0186292 0.0146566 0.0116469 0.00960163 0.00813629
 1.06639e-16 2.78487e-05 0.000270699 0.00179889 0.00817754 0.0254436 0.0542122 0.079135 0.0791858 0.0544604 0.026277 0.0105851 0.00784485 0.0134775 0.0251347 0.041573 0.0600345 0.0758068 0.0840847 0.0826298 0.0730623 0.0596764 0.046788 0.0367049 0.0295012 0.0241073
 1.06143e-16 6.58476e-05 0.000640062 0.00425344 0.0193355 0.06016 0.128177 0.18708 0.187087 0.128211 0.0602715 0.0196597 0.00507467 0.00245782 0.00359157 0.00602572 0.00912411 0.0124179 0.0154543 0.0179989 0.0200907 0.0218401 0.0231593 0.023698 0.0230545 0.0210714
 1.05522e-16 5.57587e-05 0.000541995 0.00360175 0.016373 0.0509427 0.10854 0.158422 0.158447 0.108662 0.051352 0.0175552 0.00656861 0.00701743 0.0123507 0.0203239 0.0292635 0.0367968 0.0405629 0.0395188 0.0345856 0.0280433 0.0221598 0.0181065 0.0157918 0.0144172
 1.0864e-16 4.00664e-05 0.000389459 0.0025881 0.0117651 0.0366059 0.0779939 0.113841 0.113875 0.0781591 0.0371607 0.0133694 0.00662136 0.00921505 0.0168629 0.0279748 0.0406698 0.0519274 0.0586706 0.0594511 0.0552387 0.0486076 0.0420263 0.0366334 0.0322292 0.0280834
 1.05766e-16 6.58529e-05 0.000640113 0.00425378 0.0193371 0.0601648 0.128188 0.187096 0.187106 0.128235 0.060322 0.0197924 0.00540136 0.00316099 0.00489985 0.00811854 0.0119774 0.0156735 0.0184302 0.0198926 0.0202958 0.0202023 0.0200319 0.0197856 0.0191443 0.0177855
 1.03898e-16 6.15112e-05 0.000597911 0.00397333 0.0180622 0.0561982 0.119737 0.174764 0.174783 0.119833 0.0565192 0.0189893 0.00630048 0.00567828 0.00971091 0.0159599 0.0229953 0.0289465 0.031959 0.0312002 0.0273639 0.0222013 0.0174633 0.014069 0.0119843 0.0106492
 1.08398e-16 2.81051e-05 0.000273191 0.00181546 0.00825283 0.0256779 0.0547112 0.0798625 0.0799102 0.054944 0.0264601 0.0105134 0.00749454 0.0126865 0.0236499 0.0391749 0.0567133 0.0719096 0.0803166 0.079854 0.0719849 0.0605918 0.049516 0.04072 0.0341482 0.028791
 1.18501e-16 3.62294e-05 0.000352162 0.00234024 0.0106384 0.0331002 0.0705241 0.102936 0.102955 0.070617 0.0334135 0.0115486 0.0046451 0.00545031 0.00991472 0.0168486 0.0254763 0.0345817 0.0428996 0.0498037 0.0554804 0.0603487 0.0642612 0.0662692 0.0651768 0.0603824
pSPR Fmed_Fpbrs
0.562692   0.2383 0.2383
Fs Fmed_Fpbrs
0.342882   1.005 1.005
SSBpbr Bo_Bmed_Bpbrs
1.73272e+06  888352  326271 326271
Ro
141063
SPR SPRFo_SPRFmed_SPRFpbrs
1.00414e+06 565021 239286
Fref
1.005
log_Ro
11.677
likeval ReclasPelacesDesembMPH_pf_preclas_ppelaces_ptallas_desvR_qrecl_qpela
 11.1049 20.9407 0.00910182 0.00240258 228.514 104.024 77.703 0 29.7125 0 0 0.0348237 0 0 0
q_reclas_q_pelaces
1 1
M
1
N
 163758 43304.6 100596 7774.78 0.228838
 96808.3 53027.4 13292.2 30751.7 2376.25
 94316.5 28089.4 13928.4 3464.95 8632.1
 102125 27405.3 7393 3638.31 3158.58
 83051.5 24193.3 5398.08 1435.83 1319.03
 214663 25595.5 6922.58 1535.85 783.561
 71892 59333.9 6275.4 1681.77 563.196
 27829.8 13466.7 8374.43 866.769 309.713
 35202.9 9024.71 4142 2565.37 360.317
 53638.2 8071.71 1697.14 767.213 541.474
 99899.1 11014.4 1297.96 267.855 206.335
 135575 32979.6 3474.76 408.055 149.048
 109698 32880 6716.03 698.224 111.864
 75250.3 27346.4 6962.42 1404.52 169.298
 70874.1 13898.2 3783.13 942.162 212.716
 455781 15702.5 2489.33 666.687 203.34
 73042.2 118928 3547.61 556.253 194.295
 699430 21706.4 32316.6 957.434 202.483
 386549 207649 5890.1 8709.19 312.476
 303887 106216 50486.7 1418.76 2171.97
 446257 85834.4 26854.4 12656.8 899.76
 584210 134009 23672.3 7358.18 3713.23
 101076 166033 34178.9 5987.89 2799.24
 354048 31856.9 49044.5 10046.2 2582.1
 281557 113126 9594.79 14704.9 3785.39
 120404 90004.2 34093.7 2878.68 5546.19
 305764 39418.2 28059.6 10589.3 2616.18
 345801 97747.2 11880.6 8419.16 3961.29
 75749.4 113691 30657.4 3712.83 3868.28
 53777.4 25031.2 35915.6 9651.63 2386.25
pred_Ctot
 12528.6 4601.47 10912.4 844.316 0.0248525
 13181.4 9852.42 2517.9 5831.21 450.615
 12772.4 5191.81 2624.74 653.624 1628.44
 23817 8461.74 2322.07 1143.8 993.03
 8642.11 3468.36 789.553 210.236 193.145
 34534.1 5576.8 1536.9 341.319 174.143
 23543.4 24933.1 2676.47 717.845 240.403
 2106.37 1415.96 898.939 93.1444 33.2842
 8709.24 2942.49 1373.33 851.34 119.58
 15698.9 3067.34 655.129 296.406 209.203
 6537.61 1004.32 120.852 24.9676 19.2342
 30204.1 9760.08 1046.33 122.988 44.9254
 23069.3 9221.76 1917.15 199.501 31.964
 25028.9 11650.8 3010.29 607.733 73.2583
 18563.5 4774.79 1321.24 329.333 74.3582
 86123.8 3983.76 643.11 172.402 52.5854
 9029.48 20137.4 612.601 96.154 33.5877
 86828.3 3690.34 5603.03 166.172 35.1449
 63319.8 46026.2 1330.22 1968.85 70.6438
 45575.1 21646.3 10486.5 294.988 451.62
 52687.7 13903.9 4436.76 2093.3 148.819
 85782 26764.1 4818.97 1499.43 756.711
 9269.28 21053.8 4423.07 775.728 362.66
 29759.5 3710.87 5831.33 1195.79 307.362
 23594.3 13138.4 1137.43 1745.12 449.261
 8458.17 8797.33 3402.5 287.606 554.147
 25614.7 4576.62 3325.33 1256.31 310.4
 23449.8 9229.42 1145.43 812.606 382.361
 4915.03 10280.1 2830.7 343.2 357.59
 5502.91 3530.63 5168.73 1390.48 343.799
F
 0.12758 0.181082 0.185169 0.18539 0.185401
 0.237342 0.336875 0.344478 0.344888 0.344909
 0.23592 0.334857 0.342415 0.342822 0.342844
 0.440121 0.624692 0.638791 0.639551 0.639591
 0.177042 0.251287 0.256959 0.257265 0.257281
 0.28589 0.405781 0.41494 0.415433 0.415459
 0.674948 0.957997 0.979619 0.980785 0.980846
 0.12614 0.179038 0.183079 0.183297 0.183308
 0.472764 0.671024 0.686169 0.686985 0.687028
 0.58306 0.827574 0.846252 0.847259 0.847312
 0.108271 0.153676 0.157144 0.157331 0.157341
 0.416661 0.591393 0.604741 0.60546 0.605498
 0.389145 0.552338 0.564804 0.565476 0.565511
 0.689063 0.978031 1.00011 1.00129 1.00136
 0.507087 0.719742 0.735986 0.736862 0.736908
 0.343493 0.487543 0.498546 0.499139 0.499171
 0.213431 0.302936 0.309773 0.310142 0.310161
 0.214416 0.304334 0.311203 0.311573 0.311593
 0.291779 0.414141 0.423488 0.423992 0.424018
 0.264237 0.375049 0.383514 0.38397 0.383994
 0.202988 0.288114 0.294617 0.294967 0.294985
 0.258073 0.366299 0.374567 0.375012 0.375035
 0.154618 0.219459 0.224412 0.224679 0.224693
 0.140932 0.200034 0.204548 0.204792 0.204805
 0.140477 0.199388 0.203889 0.204131 0.204144
 0.116621 0.165527 0.169263 0.169465 0.169475
 0.14043 0.199321 0.20382 0.204062 0.204075
 0.112383 0.159512 0.163112 0.163306 0.163316
 0.107308 0.152309 0.155746 0.155932 0.155941
 0.173877 0.246794 0.252364 0.252664 0.25268
nmprior
 8 8 7 0
nm_flota  nm_reclas  nm_pelaces    nm_pelaL
inf 13.8662 12.8324 21.3781
cv_recla  cv_pelaces  cv_mph
0.30852 0.538468 1.51267
 ------------------------------------------------
Talla a la edad & desviación 
 8 13.2811 15.8009 17.003 17.5766
 0.8 1.32811 1.58009 1.7003 1.75766
