years
 1991 1992 1993 1994 1995 1996 1997 1998 1999 2000 2001 2002 2003 2004 2005 2006 2007 2008 2009 2010 2011 2012 2013 2014 2015 2016 2017 2018 2019 2020
reclasobs
 0 0 0 0 0 0 0 0 0 252601 567819 844713 477998 351125 339783 2.1784e+06 2.13404e+06 4.81314e+06 1.55562e+06 2.62356e+06 3.21686e+06 3.843e+06 1.13348e+06 3.07943e+06 1.97215e+06 2.03268e+06 2.025e+06 2.42433e+06 2.27542e+06 1.05018e+06
reclaspred
 3.28666e+06 1.85974e+06 943798 974818 992827 1.54002e+06 1.01641e+06 911325 664166 487465 522138 651150 642141 509257 512726 1.23949e+06 1.21392e+06 2.69882e+06 2.23717e+06 1.7265e+06 3.02376e+06 2.42604e+06 1.94991e+06 2.97597e+06 2.24968e+06 1.9968e+06 2.35534e+06 2.46808e+06 2.02941e+06 1.30229e+06
pelacesobs
 0 0 0 0 0 0 0 0 0 0 0 0 0 0 0 552880 188675 0 991730 2.46772e+06 1.41603e+06 1.21717e+06 2.29649e+06 1.80582e+06 0 1.4828e+06 1.56532e+06 1.57751e+06 1.42118e+06 867257
pelacespred
 1.97613e+06 1.24984e+06 638906 536820 563089 902210 570043 610145 438013 306690 334754 349389 376799 317724 326083 648850 638820 1.61731e+06 1.39646e+06 1.00087e+06 1.6812e+06 1.48469e+06 1.18512e+06 1.9617e+06 1.4395e+06 1.27113e+06 1.7017e+06 1.76319e+06 1.19836e+06 872550
mphobs
 0 0 0 0 0 0 0 0 0 0 0 498337 0 5186 125008 0 168611 109162 213762 579715 649985 157893 87575 83554 0 0 0 0 0 0
mphpred
 3.73414e+06 2.50378e+06 1.26416e+06 689839 793781 906722 1.18913e+06 784599 688309 482063 320473 462205 492035 421666 295036 365426 1.07362e+06 1.03651e+06 2.01692e+06 1.54173e+06 1.71263e+06 2.07468e+06 1.94707e+06 1.62449e+06 2.23781e+06 1.85756e+06 1.53523e+06 1.63049e+06 2.23597e+06 1.52783e+06
desembarqueobs
 494567 514787 250237 358949 120608 361735 552515 73892 212993 205616 52469 317467 293654 387597 252695 516296 358380 742168 942051 627588 828172 859565 418607 520667 417249 300574 407403 355545 319650 289779
desembarquepred
 494574 513326 251002 358973 120612 361749 552571 73895.6 213038 205658 52471.2 317534 293709 387652 252699 516281 358409 742101 941926 627495 828242 859595 418618 520689 417250 300578 407406 355535 319646 289790
Reclutas
 214707 123019 121393 225169 180415 296292 124928 58726.2 53411.6 69677.6 126021 161764 135856 94907.5 95870.4 492096 110101 769195 445429 364328 508331 679590 148953 428968 366156 164299 365515 402748 118664 92853
log_desv_Rt
 0.10499 -0.451945 -0.465255 0.152565 -0.0690266 0.427062 -0.436544 -1.1914 -1.28626 -1.02041 -0.427834 -0.178148 -0.352691 -0.711382 -0.701288 0.934388 -0.562889 1.38106 0.834753 0.633771 0.966849 1.25721 -0.260653 0.797098 0.638776 -0.162594 0.637024 0.734025 -0.487986 -0.733267
SSB
 3.73414e+06 2.50378e+06 1.26416e+06 689839 793781 906722 1.18913e+06 784599 688309 482063 320473 462205 492035 421666 295036 365426 1.07362e+06 1.03651e+06 2.01692e+06 1.54173e+06 1.71263e+06 2.07468e+06 1.94707e+06 1.62449e+06 2.23781e+06 1.85756e+06 1.53523e+06 1.63049e+06 2.23597e+06 1.52783e+06
BT
 4.97759e+06 3.39302e+06 1.72576e+06 1.54578e+06 1.39679e+06 2.40006e+06 1.81323e+06 1.47621e+06 1.22482e+06 909152 822111 1.07771e+06 1.14091e+06 1.14096e+06 1.01107e+06 1.92933e+06 1.75744e+06 4.41463e+06 4.14103e+06 2.87652e+06 4.57126e+06 4.24407e+06 3.10505e+06 5.03857e+06 3.71244e+06 3.20652e+06 4.36423e+06 4.44653e+06 3.02999e+06 2.29693e+06
Ftot
 0.113404 0.205171 0.199121 0.288329 0.0948323 0.187077 0.403061 0.0629667 0.246654 0.321859 0.0818543 0.37827 0.354106 0.581055 0.393733 0.34331 0.22471 0.224939 0.32434 0.282297 0.215932 0.277238 0.163281 0.141479 0.143776 0.116064 0.139192 0.116845 0.118119 0.168602
BD_Bspro_t
 0.982019 0.867048 0.725441 0.643832 0.644791 0.714379 0.706181 0.565372 0.618708 0.581874 0.55126 0.718619 0.607008 0.521552 0.419089 0.472707 0.622038 0.601583 0.689871 0.599694 0.579635 0.622695 0.63535 0.631397 0.72867 0.737372 0.744872 0.77822 0.817296 0.756511
BD_Bspro
 2.71368 1.81955 0.918694 0.501321 0.576858 0.658934 0.864166 0.570185 0.500209 0.350326 0.232895 0.335894 0.357573 0.306434 0.214409 0.265563 0.780221 0.753257 1.46574 1.12041 1.24461 1.50772 1.41498 1.18055 1.62627 1.34993 1.11568 1.18491 1.62493 1.11031
BD_Bo
 1.78415 1.19629 0.604007 0.3296 0.379263 0.433225 0.568157 0.374875 0.328869 0.230326 0.15312 0.220838 0.235091 0.201469 0.140966 0.174598 0.512967 0.495238 0.963669 0.736627 0.818282 0.991269 0.930297 0.776167 1.06921 0.887529 0.73352 0.779034 1.06833 0.729984
BD_Brms
 11.7401 7.87185 3.97451 2.16884 2.49564 2.85072 3.73861 2.46677 2.16404 1.5156 1.00756 1.45317 1.54695 1.32571 0.92759 1.14889 3.37544 3.25878 6.34117 4.84718 5.38449 6.52278 6.12157 5.10736 7.03565 5.84015 4.82673 5.12623 7.02986 4.80347
Sel_flota
 0.84406 1 1 1 1
 0.84406 1 1 1 1
 0.84406 1 1 1 1
 0.84406 1 1 1 1
 0.84406 1 1 1 1
 0.84406 1 1 1 1
 0.84406 1 1 1 1
 0.84406 1 1 1 1
 0.84406 1 1 1 1
 0.84406 1 1 1 1
 0.84406 1 1 1 1
 0.84406 1 1 1 1
 0.84406 1 1 1 1
 0.84406 1 1 1 1
 0.84406 1 1 1 1
 0.84406 1 1 1 1
 0.84406 1 1 1 1
 0.84406 1 1 1 1
 0.84406 1 1 1 1
 0.84406 1 1 1 1
 0.84406 1 1 1 1
 0.84406 1 1 1 1
 0.84406 1 1 1 1
 0.84406 1 1 1 1
 0.84406 1 1 1 1
 0.84406 1 1 1 1
 0.84406 1 1 1 1
 0.84406 1 1 1 1
 0.84406 1 1 1 1
 0.84406 1 1 1 1
Sel_reclas
 1 1 1 1 1
 1 1 1 1 1
 1 1 1 1 1
 1 1 1 1 1
 1 1 1 1 1
 1 1 1 1 1
 1 1 1 1 1
 1 1 1 1 1
 1 1 1 1 1
 1 1 1 1 1
 1 1 1 1 1
 1 1 1 1 1
 1 1 1 1 1
 1 1 1 1 1
 1 1 1 1 1
 1 1 1 1 1
 1 1 1 1 1
 1 1 1 1 1
 1 1 1 1 1
 1 1 1 1 1
 1 1 1 1 1
 1 1 1 1 1
 1 1 1 1 1
 1 1 1 1 1
 1 1 1 1 1
 1 1 1 1 1
 1 1 1 1 1
 1 1 1 1 1
 1 1 1 1 1
 1 1 1 1 1
Sel_pelaces
 0.988465 1 1 1 1
 0.988465 1 1 1 1
 0.988465 1 1 1 1
 0.988465 1 1 1 1
 0.988465 1 1 1 1
 0.988465 1 1 1 1
 0.988465 1 1 1 1
 0.988465 1 1 1 1
 0.988465 1 1 1 1
 0.988465 1 1 1 1
 0.988465 1 1 1 1
 0.988465 1 1 1 1
 0.988465 1 1 1 1
 0.988465 1 1 1 1
 0.988465 1 1 1 1
 0.988465 1 1 1 1
 0.988465 1 1 1 1
 0.988465 1 1 1 1
 0.988465 1 1 1 1
 0.988465 1 1 1 1
 0.988465 1 1 1 1
 0.988465 1 1 1 1
 0.988465 1 1 1 1
 0.988465 1 1 1 1
 0.988465 1 1 1 1
 0.988465 1 1 1 1
 0.988465 1 1 1 1
 0.988465 1 1 1 1
 0.988465 1 1 1 1
 0.988465 1 1 1 1
pf_obs 
 0.8446 0.082 0.0669 0.0065 0
 0.8095 0.147 0.0364 0.0071 0
 0.9664 0.0169 0.016 0.0007 0
 0.9276 0.0648 0.0075 0.0001 0
 0.7033 0.2144 0.0806 0.0017 0
 0.9318 0.0425 0.0243 0.0014 0
 0.5671 0.3108 0.0964 0.0239 0.0018
 0.0768 0.2599 0.5324 0.112 0.0189
 0.490249 0.384438 0.106611 0.0170017 0.00170017
 0.7925 0.1577 0.0466 0.003 0.0002
 0.840416 0.127587 0.0312969 0.00059994 9.999e-05
 0.8084 0.0986 0.0794 0.0134 0.0002
 0.7335 0.1905 0.0724 0.0035 0.0001
 0.4001 0.4547 0.1325 0.0127 0
 0.49795 0.308269 0.164784 0.0264974 0.00249975
 0.9179 0.0499 0.0305 0.0017 0
 0.2467 0.6533 0.0926 0.0074 0
 0.9418 0.0223 0.034 0.0019 0
 0.707729 0.231977 0.0356964 0.0245975 0
 0.517169 0.277429 0.184464 0.0207286 0.00020938
 0.811772 0.124168 0.05621 0.00726502 0.000585176
 0.764997 0.148141 0.077277 0.00933861 0.000247198
 0.163321 0.427699 0.378323 0.0303852 0.000271297
 0.753843 0.0900009 0.118128 0.0371064 0.000921714
 0.721811 0.176058 0.0630433 0.0369309 0.00215725
 0.143369 0.312575 0.442814 0.0836902 0.0175525
 0.692698 0.0596174 0.167031 0.0765114 0.00414204
 0.394062 0.376323 0.152708 0.0712218 0.00568511
 0.125707 0.32114 0.495352 0.0537591 0.00404204
 0.23352 0.215282 0.420074 0.123614 0.00750983
pf_pred 
 0.44157 0.115628 0.419263 0.0235382 8.32053e-07
 0.416105 0.283946 0.0621071 0.225198 0.0126434
 0.557698 0.204578 0.115604 0.0252859 0.0968332
 0.755679 0.147437 0.0448122 0.0253227 0.0267498
 0.65085 0.275877 0.0442168 0.0134393 0.0156167
 0.740317 0.179231 0.0635682 0.0101885 0.00669517
 0.473482 0.407845 0.0819069 0.02905 0.00771567
 0.444312 0.291968 0.20428 0.0410252 0.0184151
 0.521615 0.233406 0.128716 0.0900581 0.0262046
 0.681578 0.181287 0.0669088 0.036898 0.0333281
 0.798356 0.145851 0.0317646 0.0117236 0.0123048
 0.727181 0.225174 0.0344624 0.0075055 0.00567755
 0.674872 0.249046 0.0627949 0.00961063 0.00367639
 0.616137 0.275521 0.0829888 0.0209249 0.00442759
 0.721414 0.186098 0.0663847 0.0199955 0.00610849
 0.927337 0.0553005 0.0115981 0.00413728 0.00162687
 0.395318 0.568298 0.0276908 0.00580756 0.0028863
 0.896684 0.0456282 0.0542165 0.00264175 0.000829409
 0.599413 0.365755 0.0153831 0.0182786 0.00117027
 0.618783 0.246411 0.123084 0.00517673 0.00654494
 0.732168 0.177796 0.0581971 0.0290699 0.00276842
 0.74191 0.198133 0.0398017 0.0130281 0.00712737
 0.333001 0.518629 0.113902 0.0228811 0.0115869
 0.741682 0.09692 0.125496 0.0275617 0.00834049
 0.633192 0.284312 0.0309521 0.0400781 0.0114656
 0.441304 0.376858 0.140942 0.0153439 0.0255519
 0.734104 0.12925 0.0921724 0.0344719 0.0100024
 0.687543 0.240016 0.0352131 0.0251117 0.0121167
 0.352724 0.469216 0.136777 0.0200668 0.0212153
 0.441885 0.220411 0.244805 0.0713611 0.0215381
pobs_RECLAS
 0 0 0 0 0
 0 0 0 0 0
 0 0 0 0 0
 0 0 0 0 0
 0 0 0 0 0
 0 0 0 0 0
 0 0 0 0 0
 0 0 0 0 0
 0 0 0 0 0
 0 0 0 0 0
 0.991045 0.00858322 0.000360255 1.14367e-05 0
 0.934742 0.0480273 0.0164251 0.00080598 0
 0.827803 0.169806 0.00239088 0 0
 0.941827 0.0461693 0.0120037 0 0
 0.791401 0.0380133 0.147996 0.0225897 0
 0.846168 0.0940531 0.0597789 0 0
 0.134021 0.677848 0.182769 0.00536245 0
 0.80878 0.0450904 0.141981 0.00414843 0
 0.846168 0.0940531 0.0597789 0 0
 0.905697 0.0802665 0.012482 0.00150086 5.37128e-05
 0.989698 0.0102097 9.19794e-05 0 0
 0.975433 0.0193895 0.00387452 0.00125025 5.28907e-05
 0.303575 0.632131 0.0575291 0.00676475 0
 0.966965 0.00978017 0.0227588 0.000495775 0
 0.843318 0.132988 0.00938335 0.0141283 0.000182051
 0.564624 0.303363 0.111486 0.0197234 0.00080311
 0.826376 0.0876187 0.0782897 0.00655872 0.00115652
 0.89761 0.0855135 0.0140674 0.00269457 0.000114338
 0.34875 0.467042 0.161289 0.0227151 0.000203297
 0.318654 0.224769 0.449479 0.00709798 0
ppred_RECLAS
 0.484089 0.106824 0.38734 0.021746 7.687e-07
 0.458557 0.263302 0.0575916 0.208825 0.0117242
 0.599733 0.185136 0.104618 0.0228829 0.0876306
 0.786387 0.128905 0.0391798 0.0221399 0.0233876
 0.688609 0.246042 0.0394349 0.011986 0.0139279
 0.772052 0.157328 0.0557997 0.00894342 0.00587697
 0.517575 0.373691 0.0750477 0.0266173 0.00706953
 0.486678 0.269708 0.188705 0.0378974 0.0170111
 0.564608 0.21243 0.117148 0.0819645 0.0238496
 0.718259 0.160403 0.0592011 0.0326475 0.0294889
 0.824437 0.126986 0.0276561 0.0102072 0.0107133
 0.760666 0.197537 0.0302326 0.00658429 0.0049807
 0.712134 0.220504 0.0555983 0.0085092 0.00325506
 0.657884 0.245557 0.0739633 0.0186492 0.00394607
 0.755429 0.163375 0.058279 0.017554 0.00536264
 0.938297 0.0469596 0.0098488 0.00351326 0.0013815
 0.437322 0.528821 0.0257673 0.00540414 0.00268581
 0.911645 0.0390208 0.0463655 0.0022592 0.000709303
 0.640579 0.328169 0.0138023 0.0164002 0.00105001
 0.658906 0.220476 0.11013 0.00463188 0.00585609
 0.764673 0.156219 0.0511343 0.025542 0.00243244
 0.773794 0.173656 0.0348847 0.0114186 0.00624687
 0.372216 0.488137 0.107205 0.0215359 0.0109057
 0.773169 0.085106 0.110199 0.0242021 0.00732383
 0.672065 0.254182 0.0276719 0.0358308 0.0102505
 0.48383 0.348173 0.130214 0.014176 0.023607
 0.766217 0.113639 0.0810403 0.0303086 0.00879432
 0.723089 0.212711 0.0312071 0.0222549 0.0107382
 0.392722 0.440222 0.128325 0.0188268 0.0199043
 0.484628 0.203531 0.226057 0.0658959 0.0198887
pobs_PELACES
 0 0 0 0 0
 0 0 0 0 0
 0 0 0 0 0
 0 0 0 0 0
 0 0 0 0 0
 0 0 0 0 0
 0 0 0 0 0
 0 0 0 0 0
 0 0 0 0 0
 0 0 0 0 0
 0 0 0 0 0
 0 0 0 0 0
 0 0 0 0 0
 0 0 0 0 0
 0 0 0 0 0
 0 0 0 0 0
 0.505614 0.472636 0.0217494 0 0
 0 0 0 0 0
 0.443492 0.261883 0.143347 0.151278 0
 0.227955 0.32914 0.350689 0.0885471 0.00366901
 0.970185 0.0296113 0.000203453 0 0
 0.997202 0.00247181 0.000326279 0 0
 0.445219 0.490057 0.0546422 0.010081 0
 0.90214 0.0892962 0.00764917 0.000914606 0
 0 0 0 0 0
 0.581667 0.319106 0.0959925 0.00289975 0.000334073
 0.762889 0.0836404 0.116647 0.0363945 0.000428098
 0.88444 0.0763242 0.0277011 0.0115352 0
 0.521256 0.241999 0.230069 0.00667565 0
 0.616807 0.101726 0.260614 0.0208532 0
ppred_PELACES
 0.482649 0.107122 0.388421 0.0218067 7.70846e-07
 0.458298 0.263428 0.0576192 0.208925 0.0117298
 0.599407 0.185287 0.104703 0.0229014 0.0877018
 0.78693 0.128578 0.0390802 0.0220836 0.0233282
 0.687166 0.247183 0.0396177 0.0120415 0.0139924
 0.771704 0.157568 0.0558849 0.00895706 0.00588593
 0.519857 0.371923 0.0746927 0.0264914 0.00703609
 0.48459 0.270805 0.189473 0.0380516 0.0170803
 0.564876 0.212299 0.117076 0.081914 0.0238349
 0.719262 0.159832 0.0589904 0.0325313 0.0293839
 0.823365 0.127762 0.027825 0.0102695 0.0107787
 0.762095 0.196357 0.0300521 0.00654498 0.00495096
 0.713489 0.219466 0.0553365 0.00846914 0.00323973
 0.661991 0.242609 0.0730755 0.0184254 0.0038987
 0.757026 0.162308 0.0578986 0.0174394 0.00532763
 0.938647 0.0466931 0.0097929 0.00349332 0.00137365
 0.437312 0.52883 0.0257677 0.00540423 0.00268585
 0.911643 0.0390217 0.0463666 0.00225925 0.00070932
 0.641749 0.3271 0.0137573 0.0163468 0.00104659
 0.659563 0.220051 0.109917 0.00462296 0.00584481
 0.764584 0.156277 0.0511535 0.0255515 0.00243335
 0.77426 0.173298 0.0348128 0.0113951 0.00623399
 0.371469 0.488718 0.107333 0.0215615 0.0109187
 0.77241 0.0853906 0.110568 0.024283 0.00734832
 0.671138 0.2549 0.0277501 0.0359321 0.0102795
 0.482424 0.349121 0.130569 0.0142146 0.0236712
 0.765421 0.114026 0.0813162 0.0304118 0.00882427
 0.721968 0.213572 0.0313334 0.0223449 0.0107817
 0.391405 0.441176 0.128604 0.0188676 0.0199474
 0.483897 0.203819 0.226377 0.0659893 0.0199168
pobs_pel_tallas
 0 0 0 0 0 0 0 0 0 0 0 0 0 0 0 0 0 0 0 0 0 0 0 0 0 0
 0 0 0 0 0 0 0 0 0 0 0 0 0 0 0 0 0 0 0 0 0 0 0 0 0 0
 0 0 0 0 0 0 0 0 0 0 0 0 0 0 0 0 0 0 0 0 0 0 0 0 0 0
 0 0 0 0 0 0 0 0 0 0 0 0 0 0 0 0 0 0 0 0 0 0 0 0 0 0
 0 0 0 0 0 0 0 0 0 0 0 0 0 0 0 0 0 0 0 0 0 0 0 0 0 0
 0 0 0 0 0 0 0 0 0 0 0 0 0 0 0 0 0 0 0 0 0 0 0 0 0 0
 0 0 0 0 0 0 0 0 0 0 0 0 0 0 0 0 0 0 0 0 0 0 0 0 0 0
 0 0 0 0 0 0 0 0 0 0 0 0 0 0 0 0 0 0 0 0 0 0 0 0 0 0
 0 0 0 0 0 0 0 0 0 0 0 0 0 0 0 0 0 0 0 0 0 0 0 0 0 0
 0 0 0 0 0 0 0 0 0 0 0 0 0 0 0 0 0 0 0 0 0 0 0 0 0 0
 0 0 0 0 0 0 0 0 0 0 0 0 0 0 0 0 0 0 0 0 0 0 0 0 0 0
 0 0 0 0 0 0 0 0 0 0 0 0 0 0 0 0 0 0 0 0 0 0 0 0 0 0
 0.00862536 0 0 0.000197151 0.00414017 0.0128641 0.00837892 0.0270097 0.101434 0.158115 0.152841 0.127902 0.109271 0.109419 0.0830992 0.0579132 0.0238553 0.00714673 0.00463305 0.00128148 0.00103504 0.000492878 0.000147863 0.000147863 4.92878e-05 0
 0 0 0 0 0 0 0 0 0 0 0 0 0 0 0 0 0 0 0 0 0 0 0 0 0 0
 0 0 0 0 0 0 0 0.0054083 0.00873648 0.0413646 0.0450493 0.0745869 0.0622846 0.0627006 0.0613931 0.0827291 0.12552 0.122667 0.0946155 0.0697135 0.0546179 0.0294188 0.0215738 0.0213955 0.0102223 0.00600262
 0 0 0 0 0.00359764 0.0251062 0.0480494 0.140153 0.205849 0.193036 0.1447 0.116669 0.0760912 0.0342217 0.00950174 0.001854 0.000860785 0 0 0 0.000165536 0 0.000143464 0 0 0
 0 0 0 0 0 0 0 0.000145254 0.000435761 0.0275982 0.070085 0.0708112 0.156366 0.174668 0.174014 0.160142 0.0824315 0.0480064 0.0283245 0.00493863 0.00203355 0 0 0 0 0
 0 0 0 0 0 0 0 0 0 0 0 0 0 0 0 0 0 0 0 0 0 0 0 0 0 0
 0 0 1.00437e-05 0.000401748 0.00122533 0.00171747 0.00176769 0.0269171 0.070346 0.194647 0.189555 0.159765 0.064822 0.0314167 0.0384472 0.0292271 0.0345202 0.0313363 0.0194345 0.0106764 0.0143323 0.0359363 0.0279516 0.0138201 0.00172751 0
 0 0.0021121 0.0136068 0.0755702 0.200478 0.177729 0.0527432 0.0373336 0.0318909 0.0142505 0.0149659 0.0166563 0.0217959 0.0798694 0.0677717 0.0528807 0.04013 0.0224614 0.0357745 0.0225083 0.00881397 0.00855152 0.00135912 0.000746735 0 0
 0 0 0 0 5.4009e-05 0.00500934 0.000945158 0.0243581 0.138947 0.33067 0.221406 0.137944 0.0707744 0.0437923 0.0131692 0.00525238 0.0047753 0.00276346 9.45158e-05 9.00151e-06 2.25038e-05 9.00151e-06 4.50075e-06 0 0 0
 0.000866109 0.00284123 0.00948549 0.0512746 0.133035 0.25785 0.225252 0.132002 0.0553304 0.0519788 0.0540692 0.017754 0.00435017 0.00159236 0.00146478 0.000404838 0.000125132 0.000115318 0.000107957 0.000100596 0 0 0 0 0 0
 0 0 0 0 0.00144013 0.00171154 0.00461396 0.0210425 0.0478622 0.0707936 0.0888783 0.103762 0.0637923 0.0337046 0.0602308 0.124433 0.169614 0.0934646 0.0462172 0.0250306 0.0313229 0.00938855 0.002487 0.000210481 0 0
 0 0.00764035 0.051015 0.0998891 0.058973 0.0496711 0.0374665 0.0718981 0.12319 0.153886 0.159021 0.0857701 0.0377988 0.023471 0.0147837 0.00900784 0.00315554 0.000888139 0.00291439 0.00214683 0.00393193 0.00274676 0.000635225 9.99891e-05 0 0
 0 0 0 0 0 0 0 0 0 0 0 0 0 0 0 0 0 0 0 0 0 0 0 0 0 0
 0 0 0 0 0 0 0 0 0 0 0 0 0 0 0 0 0 0 0 0 0 0 0 0 0 0
 0 0 0 0 0 0 0 0 0 0 0 0 0 0 0 0 0 0 0 0 0 0 0 0 0 0
 0 0 0 0 0 0 0 0 0 0 0 0 0 0 0 0 0 0 0 0 0 0 0 0 0 0
 0 0 0 0 0 0 0 0 0 0 0 0 0 0 0 0 0 0 0 0 0 0 0 0 0 0
 0 0 0 0 0 0 0 0 0 0 0 0 0 0 0 0 0 0 0 0 0 0 0 0 0 0
ppred_pel_tallas
 1.13424e-16 3.97552e-05 0.000386434 0.00256799 0.0116737 0.0363214 0.0773869 0.112951 0.112962 0.0774405 0.0365029 0.0122055 0.00393075 0.00345356 0.00613441 0.0107799 0.0171538 0.0249533 0.0337666 0.0431987 0.0527431 0.0614282 0.0676679 0.0696966 0.0664406 0.0582151
 1.24668e-16 3.77495e-05 0.000366938 0.00243843 0.0110848 0.034489 0.0734834 0.107257 0.107282 0.0736081 0.0349078 0.012296 0.00548497 0.0070392 0.012777 0.0212517 0.0310865 0.040181 0.0465174 0.0494142 0.050019 0.0504901 0.052454 0.0559226 0.0593727 0.0607388
 1.20208e-16 4.93724e-05 0.000479918 0.00318922 0.0144977 0.045108 0.096108 0.140276 0.140294 0.096196 0.045404 0.0153547 0.0053477 0.00521673 0.00911976 0.0151978 0.0223677 0.0291702 0.0341811 0.0368441 0.0378097 0.0384112 0.0396821 0.0416956 0.0436325 0.0443666
 1.07324e-16 6.48184e-05 0.000630058 0.00418696 0.0190333 0.0592198 0.126174 0.184158 0.18417 0.126235 0.059424 0.0196238 0.00567138 0.00387822 0.00625675 0.0103034 0.0149878 0.0191807 0.0217912 0.0223583 0.0213293 0.0197296 0.0184839 0.0179204 0.0177551 0.0174333
 1.04783e-16 5.6601e-05 0.000550182 0.00365615 0.0166204 0.0517122 0.110179 0.160815 0.160839 0.110296 0.0521033 0.0177502 0.00649271 0.00674444 0.0118268 0.0194795 0.0280974 0.035427 0.0392148 0.0384378 0.0339126 0.02773 0.0219816 0.0177682 0.0150663 0.0132435
 1.03548e-16 6.35643e-05 0.000617867 0.00410595 0.018665 0.058074 0.123733 0.180596 0.180611 0.123808 0.0583243 0.0193887 0.00592499 0.00459755 0.00764725 0.0126086 0.0183131 0.023356 0.0263416 0.0266156 0.024621 0.0215312 0.0184741 0.0159747 0.0139472 0.0120602
 1.06099e-16 4.282e-05 0.000416225 0.00276597 0.0125737 0.0391216 0.0833541 0.121665 0.121701 0.0835295 0.0397106 0.0142754 0.00703938 0.00975181 0.0177927 0.0293997 0.0424723 0.0536768 0.0596396 0.0588082 0.0523549 0.0433244 0.0347435 0.0281775 0.0235786 0.0200842
 1.12244e-16 3.99151e-05 0.000387989 0.00257832 0.0117207 0.0364676 0.077699 0.113409 0.113436 0.0778278 0.036901 0.0129756 0.00574041 0.0073307 0.0133426 0.022302 0.0328426 0.0428118 0.0500057 0.0533708 0.0535036 0.0519647 0.050018 0.0478732 0.0449213 0.0405294
 1.15682e-16 4.65282e-05 0.00045227 0.0030055 0.0136626 0.0425094 0.0905715 0.132196 0.132217 0.0906724 0.0428486 0.0146445 0.00547863 0.00587949 0.0104385 0.0174093 0.0256158 0.0333811 0.0390451 0.0419133 0.0426386 0.0426257 0.0429393 0.0436087 0.0437789 0.0424215
 1.09979e-16 5.92447e-05 0.00057588 0.00382692 0.0173966 0.0541275 0.115325 0.168323 0.168339 0.115401 0.0543818 0.018132 0.00567639 0.00462575 0.00778813 0.0128822 0.0187947 0.0241647 0.027663 0.028729 0.0279035 0.0264097 0.0253155 0.0249388 0.0248585 0.0243624
 1.0369e-16 6.78195e-05 0.00065923 0.00438081 0.0199146 0.0619616 0.132016 0.192684 0.192697 0.132077 0.0621641 0.0204995 0.00585014 0.00387012 0.00617594 0.0101298 0.0146511 0.0185666 0.0207335 0.0206402 0.0187068 0.0159839 0.0134935 0.0117285 0.010604 0.00974486
 1.02412e-16 6.27728e-05 0.000610174 0.00405482 0.0184326 0.0573509 0.122193 0.178348 0.178367 0.122285 0.0576614 0.0193298 0.00630701 0.00552743 0.00940365 0.0154524 0.0222671 0.0280303 0.0309328 0.0301413 0.0262876 0.0210282 0.0160418 0.012247 0.00969137 0.00794679
 1.03051e-16 5.87692e-05 0.000571257 0.00379621 0.017257 0.0536931 0.1144 0.166974 0.166995 0.114503 0.054041 0.0182622 0.00632117 0.00608934 0.0105563 0.0174049 0.0251739 0.0318794 0.0355303 0.0351941 0.0315219 0.0262518 0.0211135 0.0170073 0.0139353 0.0114692
 1.04679e-16 5.45274e-05 0.000530026 0.00352221 0.0160115 0.0498177 0.106143 0.154923 0.154947 0.106257 0.0502027 0.0171242 0.00631854 0.00664479 0.011698 0.0193326 0.028031 0.0356421 0.0400005 0.0400958 0.0366358 0.0314829 0.0264478 0.0224051 0.0192552 0.0164764
 1.04363e-16 6.23553e-05 0.000606115 0.00402785 0.01831 0.0569694 0.12138 0.177161 0.177176 0.121457 0.0572273 0.0190557 0.00590246 0.00470808 0.00788125 0.0130057 0.0189058 0.024148 0.0273091 0.0277308 0.0258806 0.0229645 0.0201212 0.0178465 0.0159942 0.0141692
 1.00878e-16 7.73151e-05 0.000751531 0.00499418 0.0227028 0.070637 0.1505 0.21966 0.219664 0.150522 0.0707109 0.0229165 0.00553088 0.00192412 0.00230719 0.00369961 0.0053403 0.00675474 0.0075168 0.00743283 0.00665052 0.00555096 0.00451094 0.0037221 0.00317294 0.00275031
 1.01876e-16 3.60209e-05 0.000350136 0.00232678 0.0105772 0.03291 0.0701201 0.102353 0.102404 0.0703687 0.0337446 0.0129867 0.00837101 0.0135317 0.0250318 0.0412248 0.0591458 0.0738792 0.0804391 0.0765274 0.0639287 0.0473616 0.0317431 0.0199694 0.0124752 0.00819385
 1.01695e-16 7.50908e-05 0.00072991 0.00485051 0.0220497 0.0686048 0.14617 0.21334 0.213344 0.146189 0.0686679 0.0222326 0.00531254 0.00174857 0.00203902 0.00332827 0.00496398 0.00660887 0.00796025 0.00885667 0.00932962 0.00950466 0.00944635 0.00909666 0.00835327 0.00719802
 1.02298e-16 5.28601e-05 0.000513819 0.00341451 0.0155219 0.0482945 0.102898 0.150189 0.15022 0.103052 0.0488108 0.0170124 0.00715348 0.00866843 0.0155179 0.0255134 0.0366159 0.0457731 0.0499193 0.0476586 0.04012 0.0302327 0.0210193 0.0142142 0.00999791 0.0076163
 1.04682e-16 5.43274e-05 0.000528082 0.00350929 0.0159527 0.049635 0.105753 0.154355 0.154376 0.105858 0.0499855 0.0169667 0.00606017 0.0061158 0.0107223 0.0177853 0.0259514 0.0333311 0.0380053 0.0390406 0.0369621 0.0332432 0.0292689 0.0256368 0.0222182 0.0186858
 1.04491e-16 6.29778e-05 0.000612167 0.00406807 0.0184928 0.0575382 0.122592 0.178929 0.178945 0.122666 0.0577864 0.0192105 0.00587205 0.00455905 0.00758483 0.0125085 0.0181763 0.023206 0.0262321 0.0266329 0.0248769 0.0221441 0.019539 0.0175257 0.0159269 0.0143133
 1.03247e-16 6.37748e-05 0.000619914 0.00411955 0.0187269 0.0582664 0.124143 0.181194 0.181211 0.124225 0.0585408 0.0195198 0.00611082 0.00497007 0.00833503 0.0137038 0.019795 0.0250223 0.0278141 0.0274518 0.0244872 0.0203445 0.0164362 0.0134876 0.0114647 0.00994624
 1.07233e-16 3.05975e-05 0.000297419 0.00197645 0.0089847 0.027955 0.0595628 0.0869435 0.0869907 0.0597933 0.0287291 0.0112214 0.00759397 0.0125705 0.023369 0.0386625 0.0558725 0.0706402 0.0785257 0.0774654 0.0689605 0.056968 0.0454383 0.0364423 0.0299822 0.0250238
 1.06892e-16 6.36224e-05 0.000618433 0.0041097 0.0186821 0.0581271 0.123846 0.180759 0.180767 0.123887 0.0582655 0.0190839 0.00512613 0.00286333 0.00440362 0.00737994 0.0110948 0.0149388 0.0183146 0.020924 0.0228607 0.0243657 0.0254704 0.0258702 0.0251339 0.0230441
 1.0621e-16 5.52808e-05 0.000537349 0.00357087 0.0162327 0.0505061 0.107609 0.157064 0.157089 0.107729 0.0509091 0.0173969 0.00649329 0.00691761 0.012175 0.0200487 0.0289017 0.0364155 0.0402841 0.0394918 0.0349397 0.0288439 0.0233879 0.0196664 0.0175395 0.0161947
 1.09289e-16 3.97367e-05 0.000386255 0.0025668 0.0116683 0.0363047 0.0773522 0.112905 0.112939 0.0775173 0.0368595 0.0132725 0.00659969 0.00921107 0.0168614 0.0279738 0.0406716 0.0519391 0.0587071 0.0595389 0.0554177 0.0489285 0.0425396 0.0373733 0.0331956 0.0292316
 1.0692e-16 6.30468e-05 0.000612837 0.00407252 0.0185131 0.0576011 0.122726 0.179124 0.179135 0.12278 0.0577838 0.0190421 0.00540593 0.0035421 0.00568066 0.00943498 0.0139242 0.0182283 0.0214484 0.0231751 0.0236835 0.023627 0.0234908 0.0232699 0.0225847 0.0210509
 1.05025e-16 5.94676e-05 0.000578047 0.00384132 0.0174621 0.0543312 0.115759 0.168958 0.168979 0.11586 0.0546691 0.0184383 0.00629218 0.00593025 0.0102304 0.0168362 0.0242921 0.0306516 0.0339829 0.033424 0.0297037 0.0246415 0.0200332 0.0167851 0.0148028 0.0134584
 1.09092e-16 3.22396e-05 0.000313381 0.00208253 0.00946689 0.0294552 0.0627591 0.0916076 0.0916503 0.0629674 0.0301551 0.0114897 0.00716537 0.0114265 0.0211888 0.035111 0.0508865 0.0646437 0.0724368 0.072427 0.065919 0.0563439 0.0470595 0.0397223 0.03419 0.0295002
 1.16574e-16 3.9858e-05 0.000387434 0.00257464 0.0117039 0.0364154 0.0775876 0.113246 0.113266 0.0776854 0.0367446 0.0126591 0.00498825 0.00571014 0.0103071 0.0173932 0.0260313 0.0348012 0.0422481 0.0476803 0.0514286 0.0542617 0.0564822 0.0575307 0.0564009 0.052427
pSPR Fmed_Fpbrs
0.678232   0.20197 0.20197
Fs Fmed_Fpbrs
0.201884   1.005 1.005
SSBpbr Bo_Bmed_Bpbrs
2.09296e+06  1.31486e+06  318067 318067
Ro
193308
SPR SPRFo_SPRFmed_SPRFpbrs
1.37604e+06 933276 277920
Fref
1.005
log_Ro
11.992
likeval ReclasPelacesDesembMPH_pf_preclas_ppelaces_ptallas_desvR_qrecl_qpela
 15.5043 16.8342 0.0883176 0.00302866 229.026 105.964 76.6498 0 22.0197 3.30942e-06 0 0.450719 0 0 0
q_reclas_q_pelaces
0.772761 1
M
1
N
 214707 47800.4 173322 9730.62 0.343968
 123019 71776.3 15699.5 56925.8 3196.03
 121393 38060 21507.1 4704.22 18014.9
 225169 37749 11473.5 6483.52 6848.9
 180415 64941.2 10408.6 3163.61 3676.16
 296292 61265.3 21729.1 3482.67 2288.56
 124928 93078.4 18692.8 6629.79 1760.87
 58726.2 32705.2 22882.7 4595.49 2062.79
 53411.6 20485.9 11297.3 7904.35 2299.96
 69677.6 15956 5888.99 3247.59 2933.38
 126021 19535.1 4254.5 1570.24 1648.09
 161764 43265.7 6621.73 1442.13 1090.9
 135856 43243.8 10903.6 1668.77 638.361
 94907.5 37066.3 11164.6 2815.06 595.65
 95870.4 21380 7626.68 2297.2 701.781
 492096 25296.4 5305.4 1892.54 744.19
 110101 135490 6601.87 1384.6 688.134
 769195 33506.1 39812.8 1939.91 609.059
 445429 234038 9843.27 11696 748.825
 364328 124621 62249 2618.1 3310.06
 508331 105613 34569.7 17267.8 1644.47
 679590 155847 31307.2 10247.6 5606.24
 148953 197845 43451.1 8728.64 4420.15
 428968 47742 61818.5 13576.7 4108.46
 366156 140045 15246.2 19741.5 5647.69
 164299 119308 44620.3 4857.66 8089.35
 365515 54801.9 39081.2 14616.1 4241.01
 402748 119560 17540.9 12509 6035.75
 118664 134248 39133.4 5741.32 6069.9
 92853 39511.8 43884.8 12792.5 3861.02
pred_Ctot
 12486.1 3269.58 11855.3 665.58 0.0235276
 12541.1 8557.94 1871.86 6787.29 381.064
 12035.2 4414.84 2494.76 545.674 2089.68
 31361.7 6118.81 1859.77 1050.92 1110.15
 8830.4 3742.96 599.91 182.338 211.88
 27712.5 6709.22 2379.57 381.39 250.622
 23410.6 20165.3 4049.76 1436.33 381.49
 1929.82 1268.13 887.268 178.188 79.9838
 6454.2 2888.05 1592.66 1114.33 324.242
 10712.1 2849.2 1051.57 579.908 523.803
 5348.08 977.037 212.787 78.5346 82.4284
 28683.3 8881.88 1359.35 296.051 223.948
 22732.5 8388.89 2115.19 323.725 123.836
 24194.9 10819.4 3258.86 821.696 173.866
 17603.8 4541.12 1619.91 487.926 149.058
 80118.9 4777.77 1002.04 357.447 140.556
 12211.5 17554.9 855.378 179.398 89.1588
 85393.1 4345.26 5163.15 251.579 78.9863
 68949.5 42072.3 1769.5 2102.56 134.614
 49783.4 19824.7 9902.58 416.487 526.565
 54339.9 13195.6 4319.26 2157.5 205.465
 91353.7 24396.7 4900.91 1604.19 877.615
 12259.3 19093 4193.25 842.357 426.567
 30821.7 4027.65 5215.18 1145.37 346.601
 26714.5 11995.2 1305.87 1690.9 483.737
 9769.8 8343.05 3120.25 339.691 565.68
 25858.3 4552.73 3246.71 1214.25 352.326
 24103.5 8414.33 1234.48 880.35 424.779
 7176 9545.96 2782.67 408.249 431.614
 7876.7 3928.87 4363.7 1272.03 383.922
F
 0.0957196 0.113404 0.113404 0.113404 0.113404
 0.173177 0.205171 0.205171 0.205171 0.205171
 0.16807 0.199121 0.199121 0.199121 0.199121
 0.243367 0.288329 0.288329 0.288329 0.288329
 0.0800442 0.0948323 0.0948323 0.0948323 0.0948323
 0.157905 0.187077 0.187077 0.187077 0.187077
 0.340208 0.403061 0.403061 0.403061 0.403061
 0.0531477 0.0629667 0.0629667 0.0629667 0.0629667
 0.208191 0.246654 0.246654 0.246654 0.246654
 0.271669 0.321859 0.321859 0.321859 0.321859
 0.06909 0.0818543 0.0818543 0.0818543 0.0818543
 0.319283 0.37827 0.37827 0.37827 0.37827
 0.298887 0.354106 0.354106 0.354106 0.354106
 0.490446 0.581055 0.581055 0.581055 0.581055
 0.332334 0.393733 0.393733 0.393733 0.393733
 0.289775 0.34331 0.34331 0.34331 0.34331
 0.189669 0.22471 0.22471 0.22471 0.22471
 0.189862 0.224939 0.224939 0.224939 0.224939
 0.273763 0.32434 0.32434 0.32434 0.32434
 0.238276 0.282297 0.282297 0.282297 0.282297
 0.18226 0.215932 0.215932 0.215932 0.215932
 0.234006 0.277238 0.277238 0.277238 0.277238
 0.137819 0.163281 0.163281 0.163281 0.163281
 0.119417 0.141479 0.141479 0.141479 0.141479
 0.121355 0.143776 0.143776 0.143776 0.143776
 0.0979648 0.116064 0.116064 0.116064 0.116064
 0.117486 0.139192 0.139192 0.139192 0.139192
 0.0986244 0.116845 0.116845 0.116845 0.116845
 0.0996992 0.118119 0.118119 0.118119 0.118119
 0.142311 0.168602 0.168602 0.168602 0.168602
nmprior
 8 8 7 0
nm_flota  nm_reclas  nm_pelaces    nm_pelaL
inf 11.5413 16.3431 28.576
cv_recla  cv_pelaces  cv_mph
0.364546 0.482793 1.69836
 ------------------------------------------------
Talla a la edad & desviación 
 8 13.2811 15.8009 17.003 17.5766
 0.8 1.32811 1.58009 1.7003 1.75766
