    unsorted:	 2.240839051e-06 1.403121463e-06 5.138372752e-05 9.395102911e-05 0.001099991318 6.594928988 13.37530765 24.53579589 62.15611976 92.97132799 188.0573898 217.5159648 228.6262040 271.3245699 478.1348069 548.7148697 671.1512187 893.7065980 788.2589621 837.9360135 944.9467268 971.8572892 1035.502810 1237.293250 1270.180479 1518.783323 1563.079646 1760.063882 1832.393692 1986.197543 2110.966335 2438.678181 2285.513574 2399.685860 2506.554310 2625.329124 2817.687684 2925.346052 2967.223068 3370.151968 3504.026122 3962.349752 8838.469851 40779.75113 387639.7422 391726.8482 380710.3888 362658.7464 359736.3660 407302.7817 429804.3991 451932.7517 444940.7296 323521.3264 163552.4100 258870.0531 514910.5053 601119.7105 636464.9991 689276.1042 678226.5064 714827.1572 967468.0272 1081172.306 1131461.342 1258440.459 1491040.089 1688229.165 1797163.282 2431929.908 2379498.505 2475386.263 2727201.224 2945200.494 3302916.821
      sorted:	 1.403121463e-06 2.240839051e-06 5.138372752e-05 9.395102911e-05 0.001099991318 6.594928988 13.37530765 24.53579589 62.15611976 92.97132799 188.0573898 217.5159648 228.6262040 271.3245699 478.1348069 548.7148697 671.1512187 788.2589621 837.9360135 893.7065980 944.9467268 971.8572892 1035.502810 1237.293250 1270.180479 1518.783323 1563.079646 1760.063882 1832.393692 1986.197543 2110.966335 2285.513574 2399.685860 2438.678181 2506.554310 2625.329124 2817.687684 2925.346052 2967.223068 3370.151968 3504.026122 3962.349752 8838.469851 40779.75113 163552.4100 258870.0531 323521.3264 359736.3660 362658.7464 380710.3888 387639.7422 391726.8482 407302.7817 429804.3991 444940.7296 451932.7517 514910.5053 601119.7105 636464.9991 678226.5064 689276.1042 714827.1572 967468.0272 1081172.306 1131461.342 1258440.459 1491040.089 1688229.165 1797163.282 2379498.505 2431929.908 2475386.263 2727201.224 2945200.494 3302916.821
