years
 1991 1992 1993 1994 1995 1996 1997 1998 1999 2000 2001 2002 2003 2004 2005 2006 2007 2008 2009 2010 2011 2012 2013 2014 2015 2016 2017 2018 2019 2020
reclasobs
 0 0 0 0 0 0 0 0 0 252601 567819 844713 477998 351125 339783 2.1784e+06 2.13404e+06 4.81314e+06 1.55562e+06 2.62356e+06 3.21686e+06 3.843e+06 1.13348e+06 3.07943e+06 1.97215e+06 2.03268e+06 2.025e+06 2.42433e+06 2.27542e+06 1.05018e+06
reclaspred
 3.27226e+06 1.87749e+06 952394 939478 933562 1.41166e+06 975937 885301 654864 494969 509073 625615 626041 515922 524273 1.22981e+06 1.2515e+06 2.5969e+06 2.19762e+06 1.71465e+06 3.03364e+06 2.43514e+06 1.99008e+06 2.99387e+06 2.27051e+06 2.00886e+06 2.35872e+06 2.45842e+06 2.05246e+06 1.33296e+06
pelacesobs
 0 0 0 0 0 0 0 0 0 0 0 0 0 0 0 552880 188675 0 991730 2.46772e+06 1.41603e+06 1.21717e+06 2.29649e+06 1.80582e+06 0 1.4828e+06 1.56532e+06 1.57751e+06 1.42118e+06 867257
pelacespred
 1.87364e+06 1.21198e+06 627516 502883 505036 787935 531098 557873 413753 301374 312143 325654 354951 317217 325320 625594 632993 1.48597e+06 1.32678e+06 968069 1.60581e+06 1.44878e+06 1.15541e+06 1.87452e+06 1.38766e+06 1.21566e+06 1.61849e+06 1.66842e+06 1.1474e+06 853082
mphobs
 0 0 0 0 0 0 0 0 0 0 0 498337 0 5186 125008 0 168611 109162 213762 579715 649985 157893 87575 83554 0 0 0 0 0 0
mphpred
 487978 327835 168571 90954.6 100592 110509 145039 101412 87954 63829.6 43742.2 59049.8 64098.7 56562.2 42185.4 51618.6 143726 142665 257972 205264 228171 277431 260709 219177 296855 245777 202992 215304 292356 203646
desembarqueobs
 494567 514787 250237 358949 120608 361735 552515 73892 212993 205616 52469 317467 293654 387597 252695 516296 358380 742168 942051 627588 828172 859565 418607 520667 417249 300574 407403 355545 319650 289779
desembarquepred
 494573 513178 251061 358967 120611 361745 552556 73894.7 213025 205646 52470.7 317521 293701 387651 252701 516286 358400 742118 941953 627521 828219 859588 418615 520682 417250 300576 407404 355538 319648 289787
Reclutas
 256348 151330 146698 273994 219343 362938 154192 74692.3 68377.7 89208.3 161173 197170 166035 116699 122354 634343 145830 959304 566765 451609 663923 873903 193827 574400 481661 217675 491443 540535 155401 121346
log_desv_Rt
 0.0430198 -0.484052 -0.515136 0.109593 -0.11288 0.390718 -0.465317 -1.19014 -1.27847 -1.01254 -0.421038 -0.21945 -0.391315 -0.743918 -0.696594 0.949075 -0.521075 1.36269 0.836431 0.609302 0.994652 1.26945 -0.236549 0.84981 0.673726 -0.12051 0.693831 0.789044 -0.457504 -0.704865
SSB
 5.28275e+06 3.54907e+06 1.82491e+06 984656 1.08899e+06 1.19635e+06 1.57016e+06 1.09787e+06 952171 691006 473544 639261 693919 612330 456690 558812 1.55595e+06 1.54447e+06 2.79275e+06 2.22214e+06 2.47013e+06 3.00341e+06 2.82238e+06 2.37276e+06 3.21369e+06 2.66073e+06 2.19755e+06 2.33083e+06 3.16499e+06 2.20463e+06
BT
 6.89516e+06 4.70131e+06 2.42483e+06 2.044e+06 1.84078e+06 3.03295e+06 2.33367e+06 1.99239e+06 1.64155e+06 1.24182e+06 1.12496e+06 1.39511e+06 1.49559e+06 1.50156e+06 1.37896e+06 2.58401e+06 2.46932e+06 5.79252e+06 5.49803e+06 3.91117e+06 6.22219e+06 5.8195e+06 4.36101e+06 6.96363e+06 5.18067e+06 4.46921e+06 6.00971e+06 6.12214e+06 4.23001e+06 3.23043e+06
Ftot
 0.0806969 0.14474 0.140117 0.208047 0.0704263 0.141294 0.298601 0.0454092 0.175669 0.22315 0.0575974 0.274682 0.253667 0.402321 0.26547 0.235785 0.153833 0.159769 0.231523 0.198435 0.149639 0.192449 0.112962 0.0968655 0.0998217 0.0810642 0.0959769 0.0807499 0.0830161 0.116501
BD_Bspro_t
 0.987171 0.902585 0.793545 0.724716 0.71743 0.771194 0.762916 0.645533 0.692227 0.666333 0.644534 0.780031 0.685667 0.613405 0.527432 0.578115 0.704928 0.69259 0.756021 0.683652 0.666274 0.705662 0.717028 0.715683 0.794934 0.801381 0.807532 0.834 0.863645 0.817592
BD_Bspro
 3.02226 2.03042 1.04403 0.563321 0.623011 0.684429 0.898291 0.628091 0.544737 0.395325 0.270915 0.365721 0.396991 0.350314 0.261272 0.319696 0.890157 0.883589 1.59773 1.27129 1.41316 1.71825 1.61468 1.35746 1.83855 1.5222 1.25722 1.33347 1.81069 1.26127
BD_Bo
 1.97362 1.32592 0.681782 0.367864 0.406843 0.446951 0.586609 0.41016 0.355728 0.258158 0.176915 0.238826 0.259246 0.228765 0.170618 0.20877 0.581297 0.577008 1.04336 0.830185 0.922833 1.12206 1.05443 0.886456 1.20063 0.99404 0.820997 0.870791 1.18243 0.823644
BD_Brms
 14.0854 9.46287 4.86576 2.62538 2.90357 3.18981 4.18652 2.92724 2.53877 1.84243 1.26261 1.70446 1.85019 1.63265 1.21767 1.48996 4.14861 4.118 7.44628 5.92488 6.5861 8.00797 7.52529 6.32648 8.56865 7.09429 5.85931 6.21468 8.43879 5.8782
Sel_flota
 0.904233 1 1 1 1
 0.904233 1 1 1 1
 0.904233 1 1 1 1
 0.904233 1 1 1 1
 0.904233 1 1 1 1
 0.904233 1 1 1 1
 0.904233 1 1 1 1
 0.904233 1 1 1 1
 0.904233 1 1 1 1
 0.904233 1 1 1 1
 0.904233 1 1 1 1
 0.904233 1 1 1 1
 0.904233 1 1 1 1
 0.904233 1 1 1 1
 0.904233 1 1 1 1
 0.904233 1 1 1 1
 0.904233 1 1 1 1
 0.904233 1 1 1 1
 0.904233 1 1 1 1
 0.904233 1 1 1 1
 0.904233 1 1 1 1
 0.904233 1 1 1 1
 0.904233 1 1 1 1
 0.904233 1 1 1 1
 0.904233 1 1 1 1
 0.904233 1 1 1 1
 0.904233 1 1 1 1
 0.904233 1 1 1 1
 0.904233 1 1 1 1
 0.904233 1 1 1 1
Sel_reclas
 1 1 1 1 1
 1 1 1 1 1
 1 1 1 1 1
 1 1 1 1 1
 1 1 1 1 1
 1 1 1 1 1
 1 1 1 1 1
 1 1 1 1 1
 1 1 1 1 1
 1 1 1 1 1
 1 1 1 1 1
 1 1 1 1 1
 1 1 1 1 1
 1 1 1 1 1
 1 1 1 1 1
 1 1 1 1 1
 1 1 1 1 1
 1 1 1 1 1
 1 1 1 1 1
 1 1 1 1 1
 1 1 1 1 1
 1 1 1 1 1
 1 1 1 1 1
 1 1 1 1 1
 1 1 1 1 1
 1 1 1 1 1
 1 1 1 1 1
 1 1 1 1 1
 1 1 1 1 1
 1 1 1 1 1
Sel_pelaces
 1 1 1 1 1
 1 1 1 1 1
 1 1 1 1 1
 1 1 1 1 1
 1 1 1 1 1
 1 1 1 1 1
 1 1 1 1 1
 1 1 1 1 1
 1 1 1 1 1
 1 1 1 1 1
 1 1 1 1 1
 1 1 1 1 1
 1 1 1 1 1
 1 1 1 1 1
 1 1 1 1 1
 1 1 1 1 1
 1 1 1 1 1
 1 1 1 1 1
 1 1 1 1 1
 1 1 1 1 1
 1 1 1 1 1
 1 1 1 1 1
 1 1 1 1 1
 1 1 1 1 1
 1 1 1 1 1
 1 1 1 1 1
 1 1 1 1 1
 1 1 1 1 1
 1 1 1 1 1
 1 1 1 1 1
pf_obs 
 0.8446 0.082 0.0669 0.0065 0
 0.8095 0.147 0.0364 0.0071 0
 0.9664 0.0169 0.016 0.0007 0
 0.9276 0.0648 0.0075 0.0001 0
 0.7033 0.2144 0.0806 0.0017 0
 0.9318 0.0425 0.0243 0.0014 0
 0.5671 0.3108 0.0964 0.0239 0.0018
 0.0768 0.2599 0.5324 0.112 0.0189
 0.490249 0.384438 0.106611 0.0170017 0.00170017
 0.7925 0.1577 0.0466 0.003 0.0002
 0.840416 0.127587 0.0312969 0.00059994 9.999e-05
 0.8084 0.0986 0.0794 0.0134 0.0002
 0.7335 0.1905 0.0724 0.0035 0.0001
 0.4001 0.4547 0.1325 0.0127 0
 0.49795 0.308269 0.164784 0.0264974 0.00249975
 0.9179 0.0499 0.0305 0.0017 0
 0.2467 0.6533 0.0926 0.0074 0
 0.9418 0.0223 0.034 0.0019 0
 0.707729 0.231977 0.0356964 0.0245975 0
 0.517169 0.277429 0.184464 0.0207286 0.00020938
 0.811772 0.124168 0.05621 0.00726502 0.000585176
 0.764997 0.148141 0.077277 0.00933861 0.000247198
 0.163321 0.427699 0.378323 0.0303852 0.000271297
 0.753843 0.0900009 0.118128 0.0371064 0.000921714
 0.721811 0.176058 0.0630433 0.0369309 0.00215725
 0.143369 0.312575 0.442814 0.0836902 0.0175525
 0.692698 0.0596174 0.167031 0.0765114 0.00414204
 0.394062 0.376323 0.152708 0.0712218 0.00568511
 0.125707 0.32114 0.495352 0.0537591 0.00404204
 0.23352 0.215282 0.420074 0.123614 0.00750983
pf_pred 
 0.419727 0.109697 0.446665 0.0239109 7.20522e-07
 0.411545 0.262184 0.0616793 0.251147 0.0134448
 0.544727 0.199475 0.11397 0.0268116 0.115016
 0.750129 0.142803 0.0469111 0.0268025 0.033354
 0.647306 0.271797 0.0462334 0.0151878 0.019476
 0.745139 0.170963 0.0646541 0.0109979 0.00824572
 0.478711 0.398903 0.0820975 0.0310474 0.0092409
 0.442606 0.283259 0.209775 0.0431734 0.0211868
 0.524982 0.222403 0.128375 0.0950718 0.0291686
 0.676852 0.178532 0.0677088 0.0390828 0.0378241
 0.792468 0.145512 0.0342646 0.0129949 0.0147603
 0.721427 0.225376 0.0372993 0.00878311 0.00711453
 0.665996 0.248575 0.0691148 0.0114384 0.00487524
 0.603874 0.273774 0.0910582 0.0253182 0.005976
 0.703405 0.187797 0.0751933 0.0250095 0.00859509
 0.922391 0.0564231 0.0134145 0.00537114 0.00240042
 0.39556 0.562239 0.0306806 0.00729429 0.00422586
 0.88752 0.0474661 0.060475 0.00330003 0.00123912
 0.60321 0.356325 0.017076 0.0217559 0.00163296
 0.605253 0.248746 0.131112 0.00628322 0.00860609
 0.73313 0.168575 0.0619393 0.0326478 0.00370754
 0.737776 0.197701 0.0407577 0.0149756 0.00878991
 0.330872 0.507732 0.121682 0.0250858 0.0146273
 0.74192 0.0916151 0.126313 0.0302719 0.00987977
 0.632412 0.279997 0.0310936 0.0428698 0.0136272
 0.444756 0.364661 0.14517 0.016121 0.029292
 0.738382 0.123188 0.0909148 0.0361927 0.011322
 0.691663 0.233827 0.0350842 0.0258927 0.0135323
 0.352446 0.46212 0.140624 0.0210997 0.0237103
 0.439223 0.211326 0.249382 0.0758876 0.0241816
pobs_RECLAS
 0 0 0 0 0
 0 0 0 0 0
 0 0 0 0 0
 0 0 0 0 0
 0 0 0 0 0
 0 0 0 0 0
 0 0 0 0 0
 0 0 0 0 0
 0 0 0 0 0
 0 0 0 0 0
 0.991045 0.00858322 0.000360255 1.14367e-05 0
 0.934742 0.0480273 0.0164251 0.00080598 0
 0.827803 0.169806 0.00239088 0 0
 0.941827 0.0461693 0.0120037 0 0
 0.791401 0.0380133 0.147996 0.0225897 0
 0.846168 0.0940531 0.0597789 0 0
 0.134021 0.677848 0.182769 0.00536245 0
 0.80878 0.0450904 0.141981 0.00414843 0
 0.846168 0.0940531 0.0597789 0 0
 0.905697 0.0802665 0.012482 0.00150086 5.37128e-05
 0.989698 0.0102097 9.19794e-05 0 0
 0.975433 0.0193895 0.00387452 0.00125025 5.28907e-05
 0.303575 0.632131 0.0575291 0.00676475 0
 0.966965 0.00978017 0.0227588 0.000495775 0
 0.843318 0.132988 0.00938335 0.0141283 0.000182051
 0.564624 0.303363 0.111486 0.0197234 0.00080311
 0.826376 0.0876187 0.0782897 0.00655872 0.00115652
 0.89761 0.0855135 0.0140674 0.00269457 0.000114338
 0.34875 0.467042 0.161289 0.0227151 0.000203297
 0.318654 0.224769 0.449479 0.00709798 0
ppred_RECLAS
 0.444592 0.104996 0.427525 0.0228863 6.89647e-07
 0.436439 0.251092 0.05907 0.240522 0.012876
 0.569864 0.188462 0.107677 0.0253312 0.108666
 0.768865 0.132096 0.0433936 0.0247928 0.0308531
 0.670064 0.254258 0.0432501 0.0142077 0.0182193
 0.764007 0.158306 0.0598677 0.0101837 0.00763528
 0.50461 0.379085 0.0780187 0.0295048 0.00878179
 0.467657 0.270528 0.200347 0.0412331 0.0202346
 0.550398 0.210503 0.121506 0.0899849 0.0276079
 0.698911 0.166345 0.0630868 0.0364149 0.0352421
 0.808611 0.134193 0.0315993 0.0119841 0.0136121
 0.741717 0.208961 0.0345825 0.00814337 0.00659633
 0.688529 0.231806 0.0644522 0.0106667 0.00454635
 0.628691 0.256622 0.0853534 0.023732 0.00560161
 0.724486 0.174449 0.069849 0.023232 0.0079842
 0.929445 0.0512944 0.0121952 0.00488292 0.00218223
 0.4202 0.53932 0.0294299 0.00699694 0.0040536
 0.897317 0.0433319 0.0552077 0.00301261 0.00113119
 0.627552 0.334466 0.0160284 0.0204213 0.00153279
 0.629462 0.233491 0.123071 0.00589788 0.0080783
 0.752607 0.156272 0.0574188 0.030265 0.00343695
 0.757107 0.183127 0.037753 0.0138715 0.00814191
 0.35375 0.490373 0.117522 0.0242281 0.0141272
 0.760872 0.0848873 0.117037 0.0280489 0.00915424
 0.65568 0.262274 0.0291254 0.0401562 0.0127646
 0.469904 0.348145 0.138595 0.0153909 0.0279653
 0.757508 0.114182 0.0842684 0.0335468 0.0104943
 0.712848 0.217762 0.0326737 0.0241137 0.0126025
 0.375912 0.445373 0.135528 0.0203351 0.022851
 0.464401 0.201838 0.238185 0.0724803 0.0230959
pobs_PELACES
 0 0 0 0 0
 0 0 0 0 0
 0 0 0 0 0
 0 0 0 0 0
 0 0 0 0 0
 0 0 0 0 0
 0 0 0 0 0
 0 0 0 0 0
 0 0 0 0 0
 0 0 0 0 0
 0 0 0 0 0
 0 0 0 0 0
 0 0 0 0 0
 0 0 0 0 0
 0 0 0 0 0
 0 0 0 0 0
 0.505614 0.472636 0.0217494 0 0
 0 0 0 0 0
 0.443492 0.261883 0.143347 0.151278 0
 0.227955 0.32914 0.350689 0.0885471 0.00366901
 0.970185 0.0296113 0.000203453 0 0
 0.997202 0.00247181 0.000326279 0 0
 0.445219 0.490057 0.0546422 0.010081 0
 0.90214 0.0892962 0.00764917 0.000914606 0
 0 0 0 0 0
 0.581667 0.319106 0.0959925 0.00289975 0.000334073
 0.762889 0.0836404 0.116647 0.0363945 0.000428098
 0.88444 0.0763242 0.0277011 0.0115352 0
 0.521256 0.241999 0.230069 0.00667565 0
 0.616807 0.101726 0.260614 0.0208532 0
ppred_PELACES
 0.445222 0.104877 0.42704 0.0228603 6.88865e-07
 0.437565 0.250591 0.0589521 0.240042 0.0128503
 0.570949 0.187986 0.107405 0.0252673 0.108392
 0.770031 0.131429 0.0431747 0.0246677 0.0306974
 0.670556 0.253879 0.0431857 0.0141866 0.0181922
 0.764811 0.157767 0.0596637 0.010149 0.00760926
 0.506969 0.37728 0.0776472 0.0293644 0.00873997
 0.468014 0.270347 0.200213 0.0412054 0.020221
 0.551771 0.20986 0.121135 0.0897101 0.0275236
 0.700393 0.165526 0.0627763 0.0362357 0.0350686
 0.808893 0.133996 0.0315528 0.0119665 0.0135921
 0.743377 0.207618 0.0343603 0.00809105 0.00655395
 0.690246 0.230528 0.064097 0.0106079 0.00452129
 0.631654 0.254574 0.0846723 0.0235426 0.00555691
 0.726157 0.173391 0.0694252 0.0230911 0.00793576
 0.929932 0.0509403 0.012111 0.00484921 0.00216716
 0.421384 0.538218 0.0293698 0.00698264 0.00404531
 0.897781 0.043136 0.0549581 0.00299898 0.00112608
 0.62926 0.332931 0.0159549 0.0203276 0.00152576
 0.630924 0.23257 0.122586 0.00587462 0.00804643
 0.753487 0.155716 0.0572147 0.0301574 0.00342473
 0.758224 0.182285 0.0375795 0.0138078 0.00810448
 0.354567 0.489753 0.117373 0.0241975 0.0141093
 0.761429 0.0846898 0.116765 0.0279836 0.00913293
 0.656392 0.261731 0.0290652 0.0400732 0.0127382
 0.470542 0.347726 0.138428 0.0153724 0.0279316
 0.758065 0.11392 0.0840749 0.0334698 0.0104702
 0.71337 0.217366 0.0326143 0.0240699 0.0125796
 0.376528 0.444934 0.135395 0.020315 0.0228285
 0.465317 0.201493 0.237777 0.0723564 0.0230564
pobs_pel_tallas
 0 0 0 0 0 0 0 0 0 0 0 0 0 0 0 0 0 0 0 0 0 0 0 0 0 0
 0 0 0 0 0 0 0 0 0 0 0 0 0 0 0 0 0 0 0 0 0 0 0 0 0 0
 0 0 0 0 0 0 0 0 0 0 0 0 0 0 0 0 0 0 0 0 0 0 0 0 0 0
 0 0 0 0 0 0 0 0 0 0 0 0 0 0 0 0 0 0 0 0 0 0 0 0 0 0
 0 0 0 0 0 0 0 0 0 0 0 0 0 0 0 0 0 0 0 0 0 0 0 0 0 0
 0 0 0 0 0 0 0 0 0 0 0 0 0 0 0 0 0 0 0 0 0 0 0 0 0 0
 0 0 0 0 0 0 0 0 0 0 0 0 0 0 0 0 0 0 0 0 0 0 0 0 0 0
 0 0 0 0 0 0 0 0 0 0 0 0 0 0 0 0 0 0 0 0 0 0 0 0 0 0
 0 0 0 0 0 0 0 0 0 0 0 0 0 0 0 0 0 0 0 0 0 0 0 0 0 0
 0 0 0 0 0 0 0 0 0 0 0 0 0 0 0 0 0 0 0 0 0 0 0 0 0 0
 0 0 0 0 0 0 0 0 0 0 0 0 0 0 0 0 0 0 0 0 0 0 0 0 0 0
 0 0 0 0 0 0 0 0 0 0 0 0 0 0 0 0 0 0 0 0 0 0 0 0 0 0
 0.00862536 0 0 0.000197151 0.00414017 0.0128641 0.00837892 0.0270097 0.101434 0.158115 0.152841 0.127902 0.109271 0.109419 0.0830992 0.0579132 0.0238553 0.00714673 0.00463305 0.00128148 0.00103504 0.000492878 0.000147863 0.000147863 4.92878e-05 0
 0 0 0 0 0 0 0 0 0 0 0 0 0 0 0 0 0 0 0 0 0 0 0 0 0 0
 0 0 0 0 0 0 0 0.0054083 0.00873648 0.0413646 0.0450493 0.0745869 0.0622846 0.0627006 0.0613931 0.0827291 0.12552 0.122667 0.0946155 0.0697135 0.0546179 0.0294188 0.0215738 0.0213955 0.0102223 0.00600262
 0 0 0 0 0.00359764 0.0251062 0.0480494 0.140153 0.205849 0.193036 0.1447 0.116669 0.0760912 0.0342217 0.00950174 0.001854 0.000860785 0 0 0 0.000165536 0 0.000143464 0 0 0
 0 0 0 0 0 0 0 0.000145254 0.000435761 0.0275982 0.070085 0.0708112 0.156366 0.174668 0.174014 0.160142 0.0824315 0.0480064 0.0283245 0.00493863 0.00203355 0 0 0 0 0
 0 0 0 0 0 0 0 0 0 0 0 0 0 0 0 0 0 0 0 0 0 0 0 0 0 0
 0 0 1.00437e-05 0.000401748 0.00122533 0.00171747 0.00176769 0.0269171 0.070346 0.194647 0.189555 0.159765 0.064822 0.0314167 0.0384472 0.0292271 0.0345202 0.0313363 0.0194345 0.0106764 0.0143323 0.0359363 0.0279516 0.0138201 0.00172751 0
 0 0.0021121 0.0136068 0.0755702 0.200478 0.177729 0.0527432 0.0373336 0.0318909 0.0142505 0.0149659 0.0166563 0.0217959 0.0798694 0.0677717 0.0528807 0.04013 0.0224614 0.0357745 0.0225083 0.00881397 0.00855152 0.00135912 0.000746735 0 0
 0 0 0 0 5.4009e-05 0.00500934 0.000945158 0.0243581 0.138947 0.33067 0.221406 0.137944 0.0707744 0.0437923 0.0131692 0.00525238 0.0047753 0.00276346 9.45158e-05 9.00151e-06 2.25038e-05 9.00151e-06 4.50075e-06 0 0 0
 0.000866109 0.00284123 0.00948549 0.0512746 0.133035 0.25785 0.225252 0.132002 0.0553304 0.0519788 0.0540692 0.017754 0.00435017 0.00159236 0.00146478 0.000404838 0.000125132 0.000115318 0.000107957 0.000100596 0 0 0 0 0 0
 0 0 0 0 0.00144013 0.00171154 0.00461396 0.0210425 0.0478622 0.0707936 0.0888783 0.103762 0.0637923 0.0337046 0.0602308 0.124433 0.169614 0.0934646 0.0462172 0.0250306 0.0313229 0.00938855 0.002487 0.000210481 0 0
 0 0.00764035 0.051015 0.0998891 0.058973 0.0496711 0.0374665 0.0718981 0.12319 0.153886 0.159021 0.0857701 0.0377988 0.023471 0.0147837 0.00900784 0.00315554 0.000888139 0.00291439 0.00214683 0.00393193 0.00274676 0.000635225 9.99891e-05 0 0
 0 0 0 0 0 0 0 0 0 0 0 0 0 0 0 0 0 0 0 0 0 0 0 0 0 0
 0 0 0 0 0 0 0 0 0 0 0 0 0 0 0 0 0 0 0 0 0 0 0 0 0 0
 0 0 0 0 0 0 0 0 0 0 0 0 0 0 0 0 0 0 0 0 0 0 0 0 0 0
 0 0 0 0 0 0 0 0 0 0 0 0 0 0 0 0 0 0 0 0 0 0 0 0 0 0
 0 0 0 0 0 0 0 0 0 0 0 0 0 0 0 0 0 0 0 0 0 0 0 0 0 0
 0 0 0 0 0 0 0 0 0 0 0 0 0 0 0 0 0 0 0 0 0 0 0 0 0 0
ppred_pel_tallas
 1.14643e-16 3.66723e-05 0.000356468 0.00236886 0.0107685 0.0335048 0.071386 0.104192 0.104203 0.0714388 0.0336841 0.0112944 0.00371985 0.00340747 0.00612866 0.010848 0.0174208 0.0256389 0.0351707 0.0456362 0.056432 0.0663718 0.0735902 0.0760769 0.0726463 0.0636787
 1.28013e-16 3.60417e-05 0.000350338 0.00232812 0.0105833 0.0329287 0.070159 0.102404 0.102429 0.0702777 0.0333276 0.0117372 0.0052316 0.0067137 0.0121992 0.0203287 0.0298317 0.0387737 0.0453212 0.0489172 0.0507158 0.0527551 0.0564496 0.0615532 0.0662839 0.0683646
 1.24025e-16 4.70284e-05 0.000457133 0.00303781 0.0138094 0.0429664 0.0915452 0.133617 0.133635 0.0916345 0.0432669 0.0146794 0.0052294 0.00526803 0.00926378 0.0154556 0.0227808 0.0297862 0.0350654 0.0381024 0.0396062 0.0409592 0.0431965 0.0463142 0.0493376 0.0509393
 1.08949e-16 6.34265e-05 0.000616528 0.00409705 0.0186246 0.0579481 0.123465 0.180203 0.180216 0.123527 0.058157 0.0192287 0.00561611 0.00394178 0.00640624 0.010565 0.0153949 0.0197596 0.0225646 0.0233588 0.0226123 0.0213697 0.0205493 0.0204351 0.0206684 0.0206115
 1.05813e-16 5.52329e-05 0.000536883 0.00356778 0.0162186 0.0504623 0.107516 0.156928 0.156953 0.107636 0.0508641 0.0173794 0.00648245 0.00690268 0.0121543 0.0200313 0.0289126 0.0364969 0.0404835 0.0398342 0.0353943 0.029306 0.0236962 0.0196592 0.0171258 0.0154038
 1.04068e-16 6.29965e-05 0.000612349 0.00406927 0.0184983 0.0575553 0.122628 0.178983 0.178998 0.122703 0.057806 0.0192234 0.00589214 0.00460147 0.00766785 0.0126522 0.0183965 0.0235048 0.0265902 0.0270043 0.0251881 0.0223011 0.0194449 0.0171119 0.0151865 0.0133193
 1.06762e-16 4.17584e-05 0.000405907 0.00269739 0.012262 0.0381518 0.0812878 0.118649 0.118686 0.0814657 0.0387493 0.0139885 0.00703334 0.00987885 0.018055 0.0298419 0.043126 0.0545354 0.0606581 0.0599283 0.0535388 0.0445719 0.036079 0.0296184 0.0251075 0.0216421
 1.13402e-16 3.85498e-05 0.000374718 0.00249013 0.0113198 0.0352202 0.0750413 0.109531 0.109557 0.0751701 0.0356533 0.012574 0.00565127 0.00731842 0.0133521 0.0223437 0.0329591 0.0430779 0.0505278 0.0542717 0.0548922 0.0538979 0.052469 0.0507229 0.0479775 0.0435689
 1.17204e-16 4.54487e-05 0.000441778 0.00293577 0.0133456 0.0415232 0.0884703 0.129129 0.12915 0.0885701 0.0418588 0.0143171 0.00538344 0.00581532 0.0103412 0.0172659 0.0254479 0.0332556 0.0390786 0.0422585 0.0434521 0.0440286 0.0449825 0.0462506 0.0468821 0.0457705
 1.11423e-16 5.76905e-05 0.000560772 0.00372653 0.0169403 0.0527075 0.1123 0.163908 0.163924 0.112378 0.0529709 0.0177021 0.00564297 0.00475815 0.00807067 0.0133626 0.0195136 0.0251286 0.0288462 0.0301018 0.0294674 0.0282098 0.0274174 0.0273811 0.0276112 0.0273133
 1.04446e-16 6.66275e-05 0.000647643 0.00430381 0.0195645 0.0608726 0.129696 0.189298 0.189311 0.129759 0.061085 0.0201784 0.00584591 0.00401835 0.00648113 0.0106439 0.0154104 0.0195619 0.0219099 0.0219255 0.0200514 0.017382 0.0149703 0.0133058 0.0122692 0.0114424
 1.02966e-16 6.1231e-05 0.000595187 0.00395523 0.0179799 0.0559423 0.119192 0.173968 0.173988 0.11929 0.0562708 0.0189289 0.00633767 0.00579763 0.0099462 0.0163584 0.0235881 0.0297254 0.032866 0.0321342 0.0281972 0.0227962 0.017686 0.0138121 0.0112008 0.00938363
 1.03738e-16 5.68547e-05 0.000552648 0.00367254 0.0166948 0.051944 0.110673 0.161535 0.161557 0.110782 0.0523096 0.0177514 0.00632713 0.00635565 0.0111013 0.018324 0.0265337 0.0336646 0.0376394 0.0374852 0.0338773 0.0286137 0.0234676 0.0193366 0.0161872 0.0135577
 1.0581e-16 5.20286e-05 0.000505736 0.0033608 0.0152777 0.0475347 0.101279 0.147824 0.147849 0.101399 0.047939 0.0164464 0.00629836 0.00693168 0.012295 0.020346 0.0295443 0.0376585 0.0424385 0.0428374 0.0395892 0.0346111 0.0297396 0.0258177 0.0226791 0.0197462
 1.05707e-16 5.98126e-05 0.0005814 0.00386361 0.0175634 0.0546464 0.116431 0.169937 0.169954 0.116513 0.0549222 0.018361 0.00586946 0.00497283 0.00843731 0.0139524 0.0203257 0.0260529 0.0296374 0.0303911 0.0288083 0.0261438 0.0235526 0.0214886 0.0197275 0.0178079
 1.01216e-16 7.65973e-05 0.000744553 0.00494782 0.0224921 0.0699812 0.149102 0.21762 0.217625 0.149127 0.0700619 0.0227254 0.00553397 0.00202567 0.00251424 0.00404746 0.00585207 0.00742125 0.00829571 0.00826804 0.00749937 0.00639958 0.00536761 0.00459645 0.00405761 0.00361662
 1.02371e-16 3.4709e-05 0.000337384 0.00224204 0.010192 0.0317114 0.0675664 0.098626 0.0986778 0.0678194 0.0325609 0.0126447 0.00839489 0.0137568 0.0254844 0.0419808 0.0602488 0.0752959 0.0820576 0.0782012 0.0655414 0.0488672 0.0331583 0.0213317 0.0138019 0.00946646
 1.02089e-16 7.3949e-05 0.000718811 0.00477675 0.0217144 0.0675616 0.143947 0.210096 0.210101 0.143968 0.0676314 0.021917 0.00528889 0.00184885 0.00225532 0.00370306 0.00553987 0.00740784 0.00897986 0.0100796 0.0107349 0.0110664 0.01112 0.0108059 0.00999527 0.00866795
 1.02843e-16 5.18314e-05 0.00050382 0.00334806 0.0152198 0.0473547 0.100895 0.147266 0.147298 0.101052 0.0478802 0.0167372 0.00715475 0.00880693 0.0158009 0.0259884 0.0373139 0.046681 0.0509799 0.0487991 0.0412901 0.0314258 0.0222602 0.0155254 0.0113693 0.0089965
 1.05548e-16 5.19684e-05 0.000505151 0.00335691 0.01526 0.0474797 0.101161 0.147653 0.147675 0.101272 0.0478504 0.0163324 0.00605538 0.00641789 0.0113455 0.018841 0.0275233 0.0354146 0.0405014 0.0418039 0.0398685 0.0362233 0.0322873 0.0286436 0.0251195 0.0213567
 1.05295e-16 6.20637e-05 0.000603282 0.00400902 0.0182244 0.0567031 0.120812 0.176332 0.176347 0.120886 0.0569506 0.0189403 0.00580925 0.00454388 0.00757769 0.0125133 0.0182197 0.0233384 0.0265287 0.0271837 0.0257658 0.0234214 0.0211977 0.0194919 0.0180689 0.0164685
 1.03888e-16 6.24539e-05 0.000607074 0.00403422 0.018339 0.0570595 0.121572 0.177442 0.177459 0.121658 0.0573483 0.0191732 0.00612936 0.00518459 0.0087674 0.0144259 0.020848 0.0263746 0.0293605 0.029057 0.0260493 0.0218334 0.0178841 0.014944 0.0129508 0.0114362
 1.08327e-16 2.92053e-05 0.000283886 0.00188652 0.00857589 0.026683 0.0568528 0.0829882 0.0830354 0.0570838 0.0274591 0.0108186 0.00751985 0.0125943 0.0234467 0.0388148 0.0561435 0.0710902 0.0792302 0.0785092 0.0704204 0.058886 0.047793 0.0391355 0.03285 0.0278701
 1.07744e-16 6.27179e-05 0.00060964 0.00405128 0.0184165 0.0573007 0.122085 0.178189 0.178197 0.122126 0.0574382 0.018816 0.00506235 0.00284478 0.00438993 0.00737395 0.0111226 0.0150515 0.0185893 0.0214532 0.0237302 0.0256274 0.0271189 0.0278341 0.0272851 0.0252238
 1.07081e-16 5.40662e-05 0.000525543 0.00349242 0.015876 0.0493964 0.105245 0.153614 0.153639 0.105368 0.0498103 0.0170716 0.00649377 0.00707865 0.0125037 0.0205988 0.0297062 0.037455 0.0414881 0.0407743 0.0362482 0.0301865 0.0248192 0.0212431 0.0192745 0.0180377
 1.10353e-16 3.8758e-05 0.000376741 0.00250358 0.0113809 0.0354105 0.075447 0.110124 0.110158 0.0756116 0.0359634 0.0129797 0.00652369 0.00917595 0.0168185 0.0279223 0.0406398 0.0519895 0.0589361 0.060062 0.0563396 0.0503093 0.0443711 0.0395737 0.0356246 0.0317194
 1.07584e-16 6.24408e-05 0.000606947 0.00403338 0.0183352 0.0570475 0.121546 0.177403 0.177414 0.1216 0.0572301 0.0188641 0.00536694 0.00353753 0.0056856 0.00945227 0.0139689 0.0183279 0.0216438 0.023518 0.0242279 0.0244154 0.0245385 0.0245536 0.02404 0.0225813
 1.0554e-16 5.87594e-05 0.000571162 0.00379558 0.0172541 0.0536842 0.114381 0.166946 0.166967 0.114483 0.0540281 0.0182478 0.00629045 0.00601984 0.0104142 0.0171446 0.0247448 0.0312401 0.0346707 0.0341658 0.0304714 0.025439 0.0208879 0.017724 0.0158292 0.0145413
 1.09922e-16 3.10142e-05 0.000301469 0.00200337 0.00910706 0.0283357 0.0603737 0.0881262 0.0881692 0.0605839 0.0290417 0.0111479 0.00713181 0.0115159 0.0213852 0.0354516 0.0514102 0.0653726 0.0733747 0.0735715 0.067274 0.0579193 0.0488526 0.0416957 0.036263 0.0315606
 1.18072e-16 3.83276e-05 0.000372558 0.00247578 0.0112545 0.0350172 0.0746085 0.108897 0.108917 0.0747053 0.0353431 0.0122006 0.00486767 0.00565138 0.0102328 0.0173006 0.0259645 0.0348595 0.0425871 0.0484869 0.0528733 0.0564427 0.0593833 0.0610109 0.0602185 0.0562902
pSPR Fmed_Fpbrs
0.750231   0.190118 0.190118
Fs Fmed_Fpbrs
0.142278   1.005 1.005
SSBpbr Bo_Bmed_Bpbrs
2.67668e+06  1.8743e+06  375052 375052
Ro
245553
SPR SPRFo_SPRFmed_SPRFpbrs
1.74795e+06 1.31136e+06 332317
Fref
1.005
log_Ro
12.2313
likeval ReclasPelacesDesembMPH_pf_preclas_ppelaces_ptallas_desvR_qrecl_qpela
 16.0913 16.9442 0.103949 0.000809129 229.252 107.193 76.5382 0 22.4256 1.75167e-05 8.16513e-06 0.528678 0 0 0
q_reclas_q_pelaces
0.552626 0.665956
M
1
N
 256348 60774.2 247461 13247.1 0.399184
 151330 87668.8 20624.3 83978.2 4495.66
 146698 48841.7 27905.5 6564.84 28161.8
 273994 47545.2 15618.7 8923.68 11105
 219343 83511.5 14205.6 4666.55 5984.16
 362938 75713.2 28633 4870.55 3651.73
 154192 117504 24183.2 9145.52 2722.06
 74692.3 43301.7 32068.3 6599.92 3238.82
 68377.7 26372.4 15222.6 11273.5 3458.79
 89208.3 21460.2 8138.84 4697.89 4546.58
 161173 26821.3 6315.78 2395.27 2720.67
 197170 56283.1 9314.73 2193.4 1776.71
 166035 56581.8 15732.2 2603.65 1109.73
 116699 48561.3 16151.6 4490.87 1060.01
 122354 29838.6 11947.3 3973.71 1365.66
 634343 35405.7 8417.68 3370.41 1506.27
 145830 188554 10289.1 2446.23 1417.2
 959304 46681 59474.7 3245.45 1218.62
 566765 305436 14637.2 18648.8 1399.75
 451609 169118 89140.7 4271.84 5851.12
 663923 138849 51017 26890.7 3053.75
 873903 213334 43980.5 16159.7 9484.94
 193827 270143 64741.9 13347.1 7782.56
 574400 64381.3 88764.7 21273.2 6942.87
 481661 193589 21497.9 29640 9421.79
 217675 161900 64451.6 7157.32 13004.8
 491443 74418.5 54922 21864.2 6839.7
 540535 165763 24871.6 18355.7 9593.21
 155401 184850 56250.3 8439.96 9484.19
 121346 53034.6 62585 19044.8 6068.63
pred_Ctot
 11471.3 2998.04 12207.5 653.491 0.0196921
 11861.2 7556.42 1777.66 7238.32 387.493
 11149.9 4083 2332.81 548.799 2354.23
 30160.4 5741.68 1886.15 1077.65 1341.06
 8598.98 3610.61 614.176 201.758 258.725
 27804.9 6379.5 2412.57 410.386 307.69
 23575.4 19645.1 4043.11 1529.01 455.093
 1905.79 1219.67 903.258 185.898 91.2269
 6431.09 2724.46 1572.61 1164.64 357.318
 10474.8 2762.93 1047.85 604.838 585.357
 5192.37 953.415 224.507 85.1448 96.7115
 27971.4 8738.35 1446.18 340.541 275.847
 21918 8180.64 2274.58 376.437 160.445
 23170 10504.4 3493.8 971.431 229.293
 16831.4 4493.69 1799.26 598.44 205.667
 78341.4 4792.18 1139.34 456.187 203.875
 12107.5 17209.3 939.09 223.268 129.348
 82539.3 4414.35 5624.17 306.903 115.238
 68836.9 40662.9 1948.67 2482.73 186.35
 47581.5 19554.9 10307.3 493.95 676.56
 53702.3 12348.2 4537.09 2391.47 271.579
 89492.3 23981.2 4943.92 1816.54 1066.22
 11996.7 18409.2 4411.92 909.552 530.352
 30668.6 3787.08 5221.38 1251.35 408.398
 26472.8 11720.7 1301.58 1794.53 570.437
 9783.71 8021.8 3193.44 354.63 644.363
 26007.2 4338.92 3202.19 1274.78 398.784
 24203.7 8182.43 1227.72 906.074 473.542
 7147.7 9371.91 2851.9 427.907 480.85
 7735.74 3721.95 4392.19 1336.56 425.894
F
 0.0729689 0.0806969 0.0806969 0.0806969 0.0806969
 0.130879 0.14474 0.14474 0.14474 0.14474
 0.126698 0.140117 0.140117 0.140117 0.140117
 0.188123 0.208047 0.208047 0.208047 0.208047
 0.0636818 0.0704263 0.0704263 0.0704263 0.0704263
 0.127763 0.141294 0.141294 0.141294 0.141294
 0.270005 0.298601 0.298601 0.298601 0.298601
 0.0410605 0.0454092 0.0454092 0.0454092 0.0454092
 0.158846 0.175669 0.175669 0.175669 0.175669
 0.201779 0.22315 0.22315 0.22315 0.22315
 0.0520814 0.0575974 0.0575974 0.0575974 0.0575974
 0.248377 0.274682 0.274682 0.274682 0.274682
 0.229374 0.253667 0.253667 0.253667 0.253667
 0.363792 0.402321 0.402321 0.402321 0.402321
 0.240047 0.26547 0.26547 0.26547 0.26547
 0.213205 0.235785 0.235785 0.235785 0.235785
 0.139101 0.153833 0.153833 0.153833 0.153833
 0.144469 0.159769 0.159769 0.159769 0.159769
 0.209351 0.231523 0.231523 0.231523 0.231523
 0.179432 0.198435 0.198435 0.198435 0.198435
 0.135309 0.149639 0.149639 0.149639 0.149639
 0.174019 0.192449 0.192449 0.192449 0.192449
 0.102144 0.112962 0.112962 0.112962 0.112962
 0.087589 0.0968655 0.0968655 0.0968655 0.0968655
 0.0902621 0.0998217 0.0998217 0.0998217 0.0998217
 0.0733009 0.0810642 0.0810642 0.0810642 0.0810642
 0.0867856 0.0959769 0.0959769 0.0959769 0.0959769
 0.0730167 0.0807499 0.0807499 0.0807499 0.0807499
 0.0750659 0.0830161 0.0830161 0.0830161 0.0830161
 0.105344 0.116501 0.116501 0.116501 0.116501
nmprior
 8 8 7 0
nm_flota  nm_reclas  nm_pelaces    nm_pelaL
inf 11.4267 14.9833 25.7472
cv_recla  cv_pelaces  cv_mph
0.371383 0.484367 0.877838
 ------------------------------------------------
Talla a la edad & desviación 
 8 13.2811 15.8009 17.003 17.5766
 0.8 1.32811 1.58009 1.7003 1.75766
