years
 1991 1992 1993 1994 1995 1996 1997 1998 1999 2000 2001 2002 2003 2004 2005 2006 2007 2008 2009 2010 2011 2012 2013 2014 2015 2016 2017 2018 2019 2020
reclasobs
 0 0 0 0 0 0 0 0 0 252601 567819 844713 477998 351125 339783 2.1784e+06 2.13404e+06 4.81314e+06 1.55562e+06 2.62356e+06 3.21686e+06 3.843e+06 1.13348e+06 3.07943e+06 1.97215e+06 2.03268e+06 2.025e+06 2.42433e+06 2.27542e+06 1.05018e+06
reclaspred
 5.20518e+06 3.05772e+06 1.5672e+06 1.8316e+06 2.2701e+06 3.1911e+06 2.44557e+06 2.09591e+06 1.43559e+06 977913 747037 810733 789450 665458 698978 1.31925e+06 1.58638e+06 2.78858e+06 2.53249e+06 2.02863e+06 3.52036e+06 2.75357e+06 2.48013e+06 3.38889e+06 2.75888e+06 2.57653e+06 2.78708e+06 2.7298e+06 2.67056e+06 1.93659e+06
pelacesobs
 0 0 0 0 0 0 0 0 0 0 0 0 0 0 0 552880 188675 0 991730 2.46772e+06 1.41603e+06 1.21717e+06 2.29649e+06 1.80582e+06 0 1.4828e+06 1.56532e+06 1.57751e+06 1.42118e+06 867257
pelacespred
 2.61161e+06 1.70993e+06 900781 929623 1.13216e+06 1.66498e+06 1.27743e+06 1.1904e+06 839553 554483 450503 399243 415528 379814 417438 659718 748065 1.49621e+06 1.42392e+06 1.05521e+06 1.70117e+06 1.53132e+06 1.3082e+06 1.9803e+06 1.56444e+06 1.41878e+06 1.78223e+06 1.77934e+06 1.34695e+06 1.08643e+06
mphobs
 0 0 0 0 0 0 0 0 0 0 0 498337 0 5186 125008 0 168611 109162 213762 579715 649985 157893 87575 83554 0 0 0 0 0 0
mphpred
 4.96221e+06 3.3819e+06 1.77236e+06 989131 1.63768e+06 2.03444e+06 2.49249e+06 1.76827e+06 1.43259e+06 949009 591978 612763 586816 515173 403428 542606 1.22404e+06 1.29934e+06 2.11051e+06 1.7084e+06 1.93553e+06 2.34255e+06 2.13443e+06 1.88842e+06 2.54754e+06 2.12138e+06 1.83317e+06 1.91057e+06 2.48531e+06 1.80283e+06
desembarqueobs
 494567 514787 250237 358949 120608 361735 552515 73892 212993 205616 52469 317467 293654 387597 252695 516296 358380 742168 942051 627588 828172 859565 418607 520667 417249 300574 407403 355545 319650 289779
desembarquepred
 494572 512498 251662 358957 120609 361750 552604 73894.2 213044 205673 52471.6 317581 293747 387720 252717 516332 358422 742149 942059 627578 828299 859706 418642 520709 417275 300589 407423 355553 319663 289795
Reclutas
 267932 158386 150603 485572 373319 474066 196990 94879.1 72285.1 89168.8 134521 166996 153445 116173 127503 504778 153946 738054 511669 397737 552173 703582 194385 470071 405929 204370 410090 427641 162987 152528
log_desv_Rt
 0.0872172 -0.438482 -0.488867 0.681814 0.418918 0.657832 -0.22036 -0.950912 -1.2229 -1.01298 -0.601796 -0.385546 -0.470174 -0.748431 -0.655374 0.720605 -0.466913 1.1005 0.734162 0.482276 0.810346 1.05267 -0.233673 0.649369 0.502663 -0.183583 0.512862 0.554769 -0.409846 -0.476168
SSB
 4.96221e+06 3.3819e+06 1.77236e+06 989131 1.63768e+06 2.03444e+06 2.49249e+06 1.76827e+06 1.43259e+06 949009 591978 612763 586816 515173 403428 542606 1.22404e+06 1.29934e+06 2.11051e+06 1.7084e+06 1.93553e+06 2.34255e+06 2.13443e+06 1.88842e+06 2.54754e+06 2.12138e+06 1.83317e+06 1.91057e+06 2.48531e+06 1.80283e+06
BT
 6.5456e+06 4.52408e+06 2.36864e+06 2.69448e+06 2.86848e+06 4.5083e+06 3.52828e+06 2.96753e+06 2.23616e+06 1.54706e+06 1.17182e+06 1.27307e+06 1.32001e+06 1.38079e+06 1.3485e+06 2.1805e+06 2.10996e+06 4.6004e+06 4.48733e+06 3.159e+06 5.04559e+06 4.61772e+06 3.55287e+06 5.6433e+06 4.18579e+06 3.75442e+06 5.02056e+06 4.92965e+06 3.45354e+06 2.90634e+06
Ftot
 0.0845938 0.14949 0.141984 0.151346 0.0432328 0.0908754 0.191789 0.0302467 0.12714 0.177725 0.056498 0.307766 0.292019 0.442366 0.268735 0.282172 0.181667 0.200033 0.289566 0.245407 0.185926 0.244679 0.139961 0.119324 0.123422 0.0964987 0.114278 0.100118 0.102115 0.12666
BD_Bspro_t
 0.986556 0.898316 0.787409 0.7266 0.785269 0.840774 0.830631 0.745253 0.775254 0.737797 0.700027 0.778187 0.656378 0.577789 0.499489 0.5683 0.654842 0.654749 0.702811 0.625741 0.609374 0.649847 0.655533 0.665042 0.753115 0.761495 0.775585 0.803268 0.832471 0.785749
BD_Bspro
 2.83888 1.93478 1.01397 0.565882 0.93692 1.16391 1.42595 1.01163 0.819585 0.542928 0.33867 0.350562 0.335717 0.29473 0.230801 0.310425 0.700271 0.74335 1.20742 0.977374 1.10732 1.34018 1.22111 1.08036 1.45745 1.21364 1.04876 1.09304 1.42185 1.0314
BD_Bo
 1.98397 1.35213 0.708618 0.39547 0.654771 0.813402 0.996534 0.706982 0.572771 0.379428 0.236682 0.244992 0.234618 0.205974 0.161297 0.216942 0.489388 0.519494 0.843815 0.683043 0.773854 0.936589 0.853378 0.755018 1.01854 0.84816 0.732929 0.763875 0.993666 0.720799
BD_Brms
 14.4957 9.87925 5.17746 2.88947 4.78403 5.94305 7.28109 5.16551 4.1849 2.77226 1.7293 1.79001 1.71422 1.50493 1.1785 1.58507 3.57568 3.79564 6.16526 4.9906 5.6541 6.84311 6.23514 5.51647 7.44191 6.19701 5.35508 5.58119 7.26014 5.26645
Sel_flota
 0.921402 1 1 1 1
 0.921402 1 1 1 1
 0.921402 1 1 1 1
 0.921402 1 1 1 1
 0.921402 1 1 1 1
 0.921402 1 1 1 1
 0.921402 1 1 1 1
 0.921402 1 1 1 1
 0.921402 1 1 1 1
 0.921402 1 1 1 1
 0.921402 1 1 1 1
 0.921402 1 1 1 1
 0.921402 1 1 1 1
 0.921402 1 1 1 1
 0.921402 1 1 1 1
 0.921402 1 1 1 1
 0.921402 1 1 1 1
 0.921402 1 1 1 1
 0.921402 1 1 1 1
 0.921402 1 1 1 1
 0.921402 1 1 1 1
 0.921402 1 1 1 1
 0.921402 1 1 1 1
 0.921402 1 1 1 1
 0.921402 1 1 1 1
 0.921402 1 1 1 1
 0.921402 1 1 1 1
 0.921402 1 1 1 1
 0.921402 1 1 1 1
 0.921402 1 1 1 1
Sel_reclas
 0.651788 0.904032 0.979342 0.995826 0.999168
 0.651788 0.904032 0.979342 0.995826 0.999168
 0.651788 0.904032 0.979342 0.995826 0.999168
 0.651788 0.904032 0.979342 0.995826 0.999168
 0.651788 0.904032 0.979342 0.995826 0.999168
 0.651788 0.904032 0.979342 0.995826 0.999168
 0.651788 0.904032 0.979342 0.995826 0.999168
 0.651788 0.904032 0.979342 0.995826 0.999168
 0.651788 0.904032 0.979342 0.995826 0.999168
 0.651788 0.904032 0.979342 0.995826 0.999168
 0.651788 0.904032 0.979342 0.995826 0.999168
 0.651788 0.904032 0.979342 0.995826 0.999168
 0.651788 0.904032 0.979342 0.995826 0.999168
 0.651788 0.904032 0.979342 0.995826 0.999168
 0.651788 0.904032 0.979342 0.995826 0.999168
 0.651788 0.904032 0.979342 0.995826 0.999168
 0.651788 0.904032 0.979342 0.995826 0.999168
 0.651788 0.904032 0.979342 0.995826 0.999168
 0.651788 0.904032 0.979342 0.995826 0.999168
 0.651788 0.904032 0.979342 0.995826 0.999168
 0.651788 0.904032 0.979342 0.995826 0.999168
 0.651788 0.904032 0.979342 0.995826 0.999168
 0.651788 0.904032 0.979342 0.995826 0.999168
 0.651788 0.904032 0.979342 0.995826 0.999168
 0.651788 0.904032 0.979342 0.995826 0.999168
 0.651788 0.904032 0.979342 0.995826 0.999168
 0.651788 0.904032 0.979342 0.995826 0.999168
 0.651788 0.904032 0.979342 0.995826 0.999168
 0.651788 0.904032 0.979342 0.995826 0.999168
 0.651788 0.904032 0.979342 0.995826 0.999168
Sel_pelaces
 0.807828 1 1 1 1
 0.807828 1 1 1 1
 0.807828 1 1 1 1
 0.807828 1 1 1 1
 0.807828 1 1 1 1
 0.807828 1 1 1 1
 0.807828 1 1 1 1
 0.807828 1 1 1 1
 0.807828 1 1 1 1
 0.807828 1 1 1 1
 0.807828 1 1 1 1
 0.807828 1 1 1 1
 0.807828 1 1 1 1
 0.807828 1 1 1 1
 0.807828 1 1 1 1
 0.807828 1 1 1 1
 0.807828 1 1 1 1
 0.807828 1 1 1 1
 0.807828 1 1 1 1
 0.807828 1 1 1 1
 0.807828 1 1 1 1
 0.807828 1 1 1 1
 0.807828 1 1 1 1
 0.807828 1 1 1 1
 0.807828 1 1 1 1
 0.807828 1 1 1 1
 0.807828 1 1 1 1
 0.807828 1 1 1 1
 0.807828 1 1 1 1
 0.807828 1 1 1 1
pf_obs 
 0.8446 0.082 0.0669 0.0065 0
 0.8095 0.147 0.0364 0.0071 0
 0.9664 0.0169 0.016 0.0007 0
 0.9276 0.0648 0.0075 0.0001 0
 0.7033 0.2144 0.0806 0.0017 0
 0.9318 0.0425 0.0243 0.0014 0
 0.5671 0.3108 0.0964 0.0239 0.0018
 0.0768 0.2599 0.5324 0.112 0.0189
 0.490249 0.384438 0.106611 0.0170017 0.00170017
 0.7925 0.1577 0.0466 0.003 0.0002
 0.840416 0.127587 0.0312969 0.00059994 9.999e-05
 0.8084 0.0986 0.0794 0.0134 0.0002
 0.7335 0.1905 0.0724 0.0035 0.0001
 0.4001 0.4547 0.1325 0.0127 0
 0.49795 0.308269 0.164784 0.0264974 0.00249975
 0.9179 0.0499 0.0305 0.0017 0
 0.2467 0.6533 0.0926 0.0074 0
 0.9418 0.0223 0.034 0.0019 0
 0.707729 0.231977 0.0356964 0.0245975 0
 0.517169 0.277429 0.184464 0.0207286 0.00020938
 0.811772 0.124168 0.05621 0.00726502 0.000585176
 0.764997 0.148141 0.077277 0.00933861 0.000247198
 0.163321 0.427699 0.378323 0.0303852 0.000271297
 0.753843 0.0900009 0.118128 0.0371064 0.000921714
 0.721811 0.176058 0.0630433 0.0369309 0.00215725
 0.143369 0.312575 0.442814 0.0836902 0.0175525
 0.692698 0.0596174 0.167031 0.0765114 0.00414204
 0.394062 0.376323 0.152708 0.0712218 0.00568511
 0.125707 0.32114 0.495352 0.0537591 0.00404204
 0.23352 0.215282 0.420074 0.123614 0.00750983
pf_pred 
 0.452683 0.0926552 0.434352 0.0203088 7.26741e-07
 0.432572 0.268965 0.0505268 0.236861 0.0110752
 0.555141 0.202185 0.115029 0.021609 0.106036
 0.842154 0.0910566 0.0303551 0.01727 0.019164
 0.654264 0.295127 0.0291952 0.00973269 0.0116817
 0.690783 0.208096 0.0863187 0.00853902 0.00626329
 0.446621 0.392268 0.108424 0.0449747 0.00771246
 0.403356 0.279926 0.224508 0.0620549 0.0301547
 0.454873 0.230883 0.147433 0.118245 0.0485653
 0.624808 0.178858 0.0831556 0.0530998 0.0600788
 0.742212 0.166453 0.0435401 0.020243 0.0275516
 0.714835 0.216167 0.0445524 0.0116538 0.0127926
 0.693612 0.224917 0.0617586 0.0127286 0.00698432
 0.642186 0.255325 0.0752365 0.0206588 0.00659412
 0.734982 0.176381 0.0632484 0.0186374 0.006751
 0.906093 0.0707115 0.015438 0.00553589 0.00222215
 0.476603 0.478326 0.0339376 0.00740939 0.00372343
 0.877017 0.0613901 0.0562886 0.00399372 0.00131009
 0.651283 0.309146 0.0197527 0.0181113 0.00170654
 0.632805 0.247001 0.106555 0.00680827 0.00683072
 0.741532 0.169099 0.060116 0.0259338 0.0033195
 0.743275 0.194728 0.0405608 0.0144197 0.0070168
 0.39848 0.45757 0.109187 0.0227431 0.0120198
 0.743855 0.10754 0.113042 0.0269745 0.00858812
 0.648193 0.267426 0.0354266 0.037239 0.0117153
 0.486282 0.343112 0.129686 0.0171798 0.02374
 0.736844 0.133647 0.0864995 0.0326942 0.010316
 0.686844 0.235929 0.0392202 0.0253843 0.0126219
 0.425487 0.405113 0.127625 0.0212159 0.0205592
 0.536008 0.207302 0.181003 0.0570223 0.018665
pobs_RECLAS
 0 0 0 0 0
 0 0 0 0 0
 0 0 0 0 0
 0 0 0 0 0
 0 0 0 0 0
 0 0 0 0 0
 0 0 0 0 0
 0 0 0 0 0
 0 0 0 0 0
 0 0 0 0 0
 0.991045 0.00858322 0.000360255 1.14367e-05 0
 0.934742 0.0480273 0.0164251 0.00080598 0
 0.827803 0.169806 0.00239088 0 0
 0.941827 0.0461693 0.0120037 0 0
 0.791401 0.0380133 0.147996 0.0225897 0
 0.846168 0.0940531 0.0597789 0 0
 0.134021 0.677848 0.182769 0.00536245 0
 0.80878 0.0450904 0.141981 0.00414843 0
 0.846168 0.0940531 0.0597789 0 0
 0.905697 0.0802665 0.012482 0.00150086 5.37128e-05
 0.989698 0.0102097 9.19794e-05 0 0
 0.975433 0.0193895 0.00387452 0.00125025 5.28907e-05
 0.303575 0.632131 0.0575291 0.00676475 0
 0.966965 0.00978017 0.0227588 0.000495775 0
 0.843318 0.132988 0.00938335 0.0141283 0.000182051
 0.564624 0.303363 0.111486 0.0197234 0.00080311
 0.826376 0.0876187 0.0782897 0.00655872 0.00115652
 0.89761 0.0855135 0.0140674 0.00269457 0.000114338
 0.34875 0.467042 0.161289 0.0227151 0.000203297
 0.318654 0.224769 0.449479 0.00709798 0
ppred_RECLAS
 0.377052 0.0985708 0.500577 0.0237992 8.54501e-07
 0.362134 0.287447 0.0584971 0.27884 0.0130818
 0.481744 0.223995 0.138054 0.0263708 0.129837
 0.800758 0.110526 0.0399151 0.0230912 0.0257096
 0.593747 0.342183 0.0366701 0.0124303 0.0149697
 0.629793 0.24231 0.108884 0.0109525 0.00806055
 0.381338 0.427414 0.12798 0.0539801 0.00928782
 0.335652 0.297635 0.258597 0.0726802 0.0354364
 0.382749 0.248053 0.171592 0.139938 0.0576678
 0.554177 0.202469 0.101975 0.0662129 0.0751668
 0.685647 0.196438 0.0556639 0.0263152 0.0359364
 0.658043 0.253665 0.0566361 0.015064 0.0165914
 0.634372 0.262265 0.078013 0.0163493 0.00900113
 0.578975 0.293011 0.0935342 0.0261153 0.00836378
 0.678666 0.207693 0.0806806 0.0241743 0.00878602
 0.880997 0.0876647 0.0207337 0.00756001 0.00304483
 0.414563 0.530996 0.040813 0.00906042 0.00456841
 0.84278 0.075278 0.0747724 0.00539445 0.00177552
 0.591775 0.358139 0.0247893 0.0231119 0.00218504
 0.5679 0.28274 0.132134 0.00858469 0.00864189
 0.685597 0.199525 0.0768417 0.0337071 0.00432897
 0.689588 0.230439 0.0519979 0.0187968 0.00917746
 0.33695 0.49397 0.127692 0.0270453 0.0143415
 0.68394 0.126258 0.143773 0.0348851 0.0111439
 0.585239 0.308301 0.0442436 0.0472899 0.0149272
 0.418639 0.377242 0.154464 0.0208067 0.0288482
 0.677428 0.156899 0.110008 0.0422797 0.0133853
 0.626721 0.274928 0.0495105 0.0325839 0.0162561
 0.361111 0.439082 0.149849 0.0253298 0.0246281
 0.463035 0.228653 0.216277 0.0692816 0.0227539
pobs_PELACES
 0 0 0 0 0
 0 0 0 0 0
 0 0 0 0 0
 0 0 0 0 0
 0 0 0 0 0
 0 0 0 0 0
 0 0 0 0 0
 0 0 0 0 0
 0 0 0 0 0
 0 0 0 0 0
 0 0 0 0 0
 0 0 0 0 0
 0 0 0 0 0
 0 0 0 0 0
 0 0 0 0 0
 0 0 0 0 0
 0.505614 0.472636 0.0217494 0 0
 0 0 0 0 0
 0.443492 0.261883 0.143347 0.151278 0
 0.227955 0.32914 0.350689 0.0885471 0.00366901
 0.970185 0.0296113 0.000203453 0 0
 0.997202 0.00247181 0.000326279 0 0
 0.445219 0.490057 0.0546422 0.010081 0
 0.90214 0.0892962 0.00764917 0.000914606 0
 0 0 0 0 0
 0.581667 0.319106 0.0959925 0.00289975 0.000334073
 0.762889 0.0836404 0.116647 0.0363945 0.000428098
 0.88444 0.0763242 0.0277011 0.0115352 0
 0.521256 0.241999 0.230069 0.00667565 0
 0.616807 0.101726 0.260614 0.0208532 0
ppred_PELACES
 0.421017 0.098016 0.459483 0.0214838 7.68788e-07
 0.401807 0.283548 0.0532662 0.249703 0.0116757
 0.523641 0.216501 0.123174 0.0231391 0.113544
 0.824601 0.101183 0.0337309 0.0191905 0.0212952
 0.624266 0.320733 0.0317283 0.0105771 0.0126953
 0.662673 0.227014 0.0941658 0.00931529 0.00683268
 0.415942 0.414014 0.114435 0.047468 0.00814003
 0.37237 0.294464 0.236168 0.0652777 0.0317207
 0.423522 0.244162 0.155912 0.125046 0.0513585
 0.594934 0.193099 0.0897767 0.0573278 0.0648625
 0.716629 0.182972 0.0478612 0.0222519 0.0302859
 0.689538 0.235343 0.0485046 0.0126877 0.0139274
 0.667183 0.244318 0.0670859 0.0138265 0.00758678
 0.615096 0.274655 0.0809325 0.0222228 0.00709335
 0.710462 0.1927 0.0691002 0.0203617 0.00737562
 0.89519 0.0789207 0.0172303 0.00617858 0.00248013
 0.445437 0.506809 0.0359585 0.00785059 0.00394515
 0.862907 0.0684335 0.0627467 0.00445193 0.0014604
 0.623166 0.334073 0.0213454 0.0195716 0.00184414
 0.603728 0.26656 0.114993 0.00734739 0.00737162
 0.716796 0.185282 0.0658692 0.0284157 0.00363719
 0.719057 0.213097 0.044387 0.0157799 0.00767873
 0.36849 0.480383 0.114631 0.023877 0.012619
 0.718797 0.118061 0.124101 0.0296134 0.00942826
 0.618608 0.289915 0.0384057 0.0403706 0.0127004
 0.454314 0.364463 0.137756 0.0182489 0.0252173
 0.711331 0.146603 0.0948855 0.0358639 0.0113161
 0.658622 0.257192 0.0427548 0.027672 0.0137594
 0.394492 0.426969 0.13451 0.0223605 0.0216684
 0.504232 0.221498 0.193399 0.0609274 0.0199433
pobs_pel_tallas
 0 0 0 0 0 0 0 0 0 0 0 0 0 0 0 0 0 0 0 0 0 0 0 0 0 0
 0 0 0 0 0 0 0 0 0 0 0 0 0 0 0 0 0 0 0 0 0 0 0 0 0 0
 0 0 0 0 0 0 0 0 0 0 0 0 0 0 0 0 0 0 0 0 0 0 0 0 0 0
 0 0 0 0 0 0 0 0 0 0 0 0 0 0 0 0 0 0 0 0 0 0 0 0 0 0
 0 0 0 0 0 0 0 0 0 0 0 0 0 0 0 0 0 0 0 0 0 0 0 0 0 0
 0 0 0 0 0 0 0 0 0 0 0 0 0 0 0 0 0 0 0 0 0 0 0 0 0 0
 0 0 0 0 0 0 0 0 0 0 0 0 0 0 0 0 0 0 0 0 0 0 0 0 0 0
 0 0 0 0 0 0 0 0 0 0 0 0 0 0 0 0 0 0 0 0 0 0 0 0 0 0
 0 0 0 0 0 0 0 0 0 0 0 0 0 0 0 0 0 0 0 0 0 0 0 0 0 0
 0 0 0 0 0 0 0 0 0 0 0 0 0 0 0 0 0 0 0 0 0 0 0 0 0 0
 0 0 0 0 0 0 0 0 0 0 0 0 0 0 0 0 0 0 0 0 0 0 0 0 0 0
 0 0 0 0 0 0 0 0 0 0 0 0 0 0 0 0 0 0 0 0 0 0 0 0 0 0
 0.00862536 0 0 0.000197151 0.00414017 0.0128641 0.00837892 0.0270097 0.101434 0.158115 0.152841 0.127902 0.109271 0.109419 0.0830992 0.0579132 0.0238553 0.00714673 0.00463305 0.00128148 0.00103504 0.000492878 0.000147863 0.000147863 4.92878e-05 0
 0 0 0 0 0 0 0 0 0 0 0 0 0 0 0 0 0 0 0 0 0 0 0 0 0 0
 0 0 0 0 0 0 0 0.0054083 0.00873648 0.0413646 0.0450493 0.0745869 0.0622846 0.0627006 0.0613931 0.0827291 0.12552 0.122667 0.0946155 0.0697135 0.0546179 0.0294188 0.0215738 0.0213955 0.0102223 0.00600262
 0 0 0 0 0.00359764 0.0251062 0.0480494 0.140153 0.205849 0.193036 0.1447 0.116669 0.0760912 0.0342217 0.00950174 0.001854 0.000860785 0 0 0 0.000165536 0 0.000143464 0 0 0
 0 0 0 0 0 0 0 0.000145254 0.000435761 0.0275982 0.070085 0.0708112 0.156366 0.174668 0.174014 0.160142 0.0824315 0.0480064 0.0283245 0.00493863 0.00203355 0 0 0 0 0
 0 0 0 0 0 0 0 0 0 0 0 0 0 0 0 0 0 0 0 0 0 0 0 0 0 0
 0 0 1.00437e-05 0.000401748 0.00122533 0.00171747 0.00176769 0.0269171 0.070346 0.194647 0.189555 0.159765 0.064822 0.0314167 0.0384472 0.0292271 0.0345202 0.0313363 0.0194345 0.0106764 0.0143323 0.0359363 0.0279516 0.0138201 0.00172751 0
 0 0.0021121 0.0136068 0.0755702 0.200478 0.177729 0.0527432 0.0373336 0.0318909 0.0142505 0.0149659 0.0166563 0.0217959 0.0798694 0.0677717 0.0528807 0.04013 0.0224614 0.0357745 0.0225083 0.00881397 0.00855152 0.00135912 0.000746735 0 0
 0 0 0 0 5.4009e-05 0.00500934 0.000945158 0.0243581 0.138947 0.33067 0.221406 0.137944 0.0707744 0.0437923 0.0131692 0.00525238 0.0047753 0.00276346 9.45158e-05 9.00151e-06 2.25038e-05 9.00151e-06 4.50075e-06 0 0 0
 0.000866109 0.00284123 0.00948549 0.0512746 0.133035 0.25785 0.225252 0.132002 0.0553304 0.0519788 0.0540692 0.017754 0.00435017 0.00159236 0.00146478 0.000404838 0.000125132 0.000115318 0.000107957 0.000100596 0 0 0 0 0 0
 0 0 0 0 0.00144013 0.00171154 0.00461396 0.0210425 0.0478622 0.0707936 0.0888783 0.103762 0.0637923 0.0337046 0.0602308 0.124433 0.169614 0.0934646 0.0462172 0.0250306 0.0313229 0.00938855 0.002487 0.000210481 0 0
 0 0.00764035 0.051015 0.0998891 0.058973 0.0496711 0.0374665 0.0718981 0.12319 0.153886 0.159021 0.0857701 0.0377988 0.023471 0.0147837 0.00900784 0.00315554 0.000888139 0.00291439 0.00214683 0.00393193 0.00274676 0.000635225 9.99891e-05 0 0
 0 0 0 0 0 0 0 0 0 0 0 0 0 0 0 0 0 0 0 0 0 0 0 0 0 0
 0 0 0 0 0 0 0 0 0 0 0 0 0 0 0 0 0 0 0 0 0 0 0 0 0 0
 0 0 0 0 0 0 0 0 0 0 0 0 0 0 0 0 0 0 0 0 0 0 0 0 0 0
 0 0 0 0 0 0 0 0 0 0 0 0 0 0 0 0 0 0 0 0 0 0 0 0 0 0
 0 0 0 0 0 0 0 0 0 0 0 0 0 0 0 0 0 0 0 0 0 0 0 0 0 0
 0 0 0 0 0 0 0 0 0 0 0 0 0 0 0 0 0 0 0 0 0 0 0 0 0 0
ppred_pel_tallas
 1.1544e-16 3.46786e-05 0.000337088 0.00224007 0.010183 0.0316833 0.0675049 0.0985276 0.0985377 0.0675548 0.0318528 0.0106814 0.0035242 0.00325017 0.00588817 0.0105144 0.0170812 0.025503 0.0355586 0.0468977 0.0588144 0.0698964 0.0780016 0.0808974 0.0773162 0.0677193
 1.28628e-16 3.30964e-05 0.000321709 0.00213787 0.00971845 0.0302379 0.064426 0.0940373 0.0940648 0.0645601 0.0306886 0.0110219 0.00541623 0.00750153 0.0137414 0.0228695 0.0334619 0.04328 0.050184 0.05349 0.0544924 0.0555581 0.0584324 0.0630453 0.0675991 0.0696806
 1.25146e-16 4.31317e-05 0.000419255 0.0027861 0.0126652 0.0394063 0.0839601 0.122547 0.122568 0.084063 0.0397523 0.0136667 0.00530877 0.00595575 0.0106463 0.0177692 0.0261646 0.0341473 0.0400673 0.0432919 0.0446013 0.0455688 0.0474058 0.0501784 0.0528833 0.0541349
 1.06528e-16 6.79213e-05 0.000660219 0.00438739 0.0199444 0.0620546 0.132214 0.192973 0.192982 0.132262 0.0622154 0.0204095 0.00555693 0.00322038 0.00495136 0.00813542 0.0118521 0.0152101 0.0173627 0.0179577 0.0173504 0.0163383 0.0156247 0.0154314 0.0154945 0.0153432
 1.04207e-16 5.14201e-05 0.000499821 0.00332149 0.015099 0.0469788 0.100095 0.146097 0.146128 0.100245 0.0474856 0.0165626 0.0069943 0.00851476 0.0152651 0.0251343 0.0361555 0.0453742 0.0498207 0.0481426 0.041424 0.0324667 0.0241274 0.0179942 0.0141617 0.01186
 1.04866e-16 5.45835e-05 0.000530571 0.00352583 0.0160279 0.049869 0.106252 0.155082 0.155104 0.106359 0.05023 0.0170719 0.00615103 0.00627688 0.0110132 0.0182385 0.0265424 0.0339486 0.038459 0.0391209 0.0365305 0.0323063 0.0279924 0.0242903 0.0210783 0.017944
 1.09547e-16 3.42607e-05 0.000333026 0.00221308 0.0100604 0.0313017 0.0666931 0.0973489 0.0973889 0.0668886 0.0319585 0.0119586 0.00698296 0.0107622 0.0198902 0.032958 0.0477812 0.0607403 0.0681606 0.068355 0.062585 0.0540846 0.0459704 0.0397018 0.035006 0.0308426
 1.18806e-16 3.06716e-05 0.000298139 0.00198124 0.00900646 0.0280226 0.0597061 0.0871489 0.0871776 0.0598466 0.028495 0.0103753 0.00543326 0.0078872 0.0146009 0.0245032 0.0362685 0.0476661 0.0564112 0.061441 0.063405 0.0638747 0.0639634 0.0635511 0.0616308 0.0572751
 1.25794e-16 3.4885e-05 0.000339094 0.0022534 0.0102437 0.0318719 0.0679074 0.0991178 0.0991416 0.0680237 0.0322631 0.0113766 0.00510947 0.00661541 0.0120791 0.0202475 0.0299673 0.0394292 0.0468539 0.0515638 0.0543703 0.0568279 0.059941 0.0633751 0.065704 0.065343
 1.19366e-16 4.9004e-05 0.000476336 0.00316542 0.0143896 0.0447714 0.0953908 0.13923 0.139248 0.0954824 0.0450794 0.015281 0.00540969 0.00539812 0.00946426 0.0157521 0.0231321 0.0300666 0.0350609 0.037544 0.0382286 0.0385544 0.0396424 0.0415785 0.0434796 0.0441254
 1.08785e-16 5.90278e-05 0.000573771 0.00381291 0.017333 0.0539293 0.114903 0.167708 0.167725 0.114989 0.0542196 0.018172 0.00592155 0.00518505 0.00884119 0.0145891 0.021172 0.0269802 0.03043 0.0308391 0.0288397 0.0259239 0.0234826 0.0220877 0.0214433 0.0208397
 1.0509e-16 5.67963e-05 0.000552081 0.00366877 0.0166777 0.0518907 0.110559 0.161369 0.161392 0.11067 0.0522634 0.0177547 0.00637345 0.0064611 0.0112931 0.0186171 0.0269022 0.0340223 0.0378509 0.0374185 0.0334808 0.0279756 0.0228197 0.0189897 0.0164217 0.0145183
 1.04669e-16 5.4955e-05 0.000534182 0.00354983 0.016137 0.0502084 0.106975 0.156138 0.156162 0.107091 0.0505959 0.0172568 0.0063633 0.00668466 0.0117612 0.0194234 0.0281311 0.035704 0.0399492 0.0398473 0.0361273 0.030704 0.0254559 0.0213163 0.0182142 0.0156152
 1.05835e-16 5.06647e-05 0.000492479 0.0032727 0.0148772 0.0462887 0.098624 0.14395 0.143977 0.0987537 0.0467245 0.0161369 0.00643803 0.00741395 0.0132298 0.0218806 0.0317249 0.0403378 0.0452729 0.0453953 0.0415192 0.0357673 0.0301976 0.0257949 0.0224238 0.0194564
 1.05334e-16 5.85198e-05 0.000568834 0.0037801 0.0171838 0.0534653 0.113914 0.166265 0.166284 0.114005 0.0537715 0.0180691 0.00600589 0.00543933 0.00934269 0.0154428 0.0224523 0.0286828 0.0324473 0.032966 0.030795 0.0273664 0.0240304 0.0213723 0.0192133 0.0170783
 1.01557e-16 7.37357e-05 0.000716737 0.00476297 0.0216518 0.0673667 0.143532 0.209491 0.209499 0.143569 0.0674918 0.022013 0.00567037 0.00269945 0.00384477 0.00625407 0.00903679 0.0114382 0.0127432 0.0126257 0.0113345 0.00951068 0.00778591 0.00647814 0.00556305 0.00484716
 1.02623e-16 3.66901e-05 0.000356641 0.00237001 0.0107737 0.0335214 0.0714227 0.104254 0.104302 0.071661 0.0343216 0.0130843 0.00816688 0.0130018 0.0240242 0.0395857 0.0568494 0.071128 0.077667 0.0742735 0.0626391 0.0472319 0.0326831 0.0216834 0.0145907 0.0103711
 1.02522e-16 7.10766e-05 0.000690889 0.0045912 0.0208709 0.0649373 0.138356 0.201936 0.201943 0.138389 0.0650472 0.0211896 0.00539493 0.00245856 0.00346659 0.00571832 0.00846245 0.0111232 0.0131475 0.0142525 0.0145384 0.0143193 0.0138296 0.0130729 0.0119133 0.0102807
 1.02977e-16 5.13294e-05 0.00049894 0.00331564 0.0150724 0.0468961 0.0999182 0.14584 0.145872 0.100075 0.0474236 0.0165956 0.00713721 0.00883579 0.015868 0.0261094 0.0375095 0.0469707 0.0513796 0.049319 0.0419313 0.0321732 0.0230762 0.0163507 0.0121352 0.00964435
 1.05371e-16 4.97283e-05 0.000483377 0.00321221 0.0146023 0.0454332 0.0968012 0.14129 0.141315 0.0969274 0.0458572 0.0158285 0.00629594 0.0072341 0.0129259 0.0214341 0.0312052 0.039933 0.0452709 0.0460912 0.0430764 0.038103 0.0329643 0.0284799 0.0245264 0.0206599
 1.05414e-16 5.90416e-05 0.000573905 0.0038138 0.017337 0.0539419 0.11493 0.167747 0.167765 0.115017 0.0542364 0.0181884 0.00595433 0.00525825 0.00898964 0.0148585 0.0216122 0.0276319 0.0313052 0.0318932 0.0299377 0.0268129 0.0237983 0.021422 0.0194693 0.0174475
 1.04218e-16 5.92278e-05 0.000575716 0.00382583 0.0173917 0.0541121 0.115292 0.168277 0.168297 0.115393 0.0544497 0.0183669 0.00627515 0.00592705 0.0102357 0.0168632 0.0243706 0.0308278 0.0343092 0.033935 0.0303829 0.0253965 0.0206976 0.0171593 0.0147219 0.0128573
 1.07961e-16 3.03521e-05 0.000295033 0.0019606 0.00891265 0.0277308 0.0590851 0.0862462 0.0862925 0.0593118 0.028492 0.0111124 0.00748593 0.0123693 0.022998 0.0380679 0.0550595 0.0697101 0.0776769 0.0769423 0.0689695 0.0576058 0.0466669 0.0381145 0.0318944 0.0269696
 1.08177e-16 5.92064e-05 0.000575507 0.00382445 0.0173854 0.0540925 0.11525 0.168213 0.168225 0.115307 0.0542828 0.0179376 0.0052191 0.00364867 0.00597995 0.0100133 0.0149371 0.0198736 0.0239481 0.0267362 0.0284266 0.0294957 0.030187 0.0302715 0.0292636 0.0268471
 1.07381e-16 5.0954e-05 0.000495291 0.00329138 0.0149622 0.046553 0.0991872 0.144772 0.1448 0.0993238 0.0470117 0.0162871 0.00661769 0.007759 0.0138537 0.0228448 0.0329632 0.0415943 0.046127 0.0454077 0.040447 0.0337328 0.0277044 0.0235668 0.0211398 0.0195065
 1.10167e-16 3.74213e-05 0.000363749 0.00241724 0.0109884 0.0341893 0.0728453 0.106327 0.106362 0.0730177 0.0347686 0.0126633 0.00662822 0.00957892 0.0176051 0.0292196 0.0424963 0.054298 0.0614302 0.0624015 0.058242 0.0516438 0.0451656 0.0399501 0.0357203 0.03164
 1.08288e-16 5.85914e-05 0.00056953 0.00378472 0.0172048 0.0535307 0.114053 0.166467 0.166481 0.114123 0.0537651 0.0178838 0.00549535 0.00432488 0.00725295 0.0120621 0.0177585 0.0231554 0.0270784 0.0289933 0.0292712 0.0288007 0.0282776 0.0277697 0.0268392 0.0249989
 1.06404e-16 5.42499e-05 0.000527328 0.00350428 0.01593 0.0495642 0.105603 0.154135 0.15416 0.105724 0.0499713 0.0171061 0.00645761 0.00697814 0.0123168 0.0203075 0.0293262 0.0370536 0.0411746 0.0406549 0.0363635 0.0304678 0.0250951 0.021301 0.0189478 0.0172757
 1.09901e-16 3.24939e-05 0.000315852 0.00209895 0.00954155 0.0296875 0.0632539 0.0923296 0.0923709 0.0634557 0.0303652 0.0115006 0.0070222 0.0110829 0.0205388 0.0340545 0.0494082 0.0628783 0.0706721 0.071025 0.0651885 0.0564374 0.0479444 0.041224 0.036066 0.0315055
 1.15123e-16 4.1533e-05 0.000403716 0.00268283 0.0121958 0.0379457 0.0808482 0.118005 0.118026 0.0809539 0.0383017 0.0132275 0.00528596 0.00613104 0.0110506 0.01855 0.0275348 0.0363524 0.0433214 0.0476597 0.0498285 0.050924 0.0516499 0.0517706 0.0504233 0.0468858
pSPR Fmed_Fpbrs
0.743238   0.186866 0.186866
Fs Fmed_Fpbrs
0.145837   1.005 1.005
SSBpbr Bo_Bmed_Bpbrs
2.50116e+06  1.7339e+06  342323 342323
Ro
245553
SPR SPRFo_SPRFmed_SPRFpbrs
1.74795e+06 1.29914e+06 326632
Fref
1.005
log_Ro
12.2313
likeval ReclasPelacesDesembMPH_pf_preclas_ppelaces_ptallas_desvR_qrecl_qpela
 30.3205 18.2204 0.263568 0.00337112 232.009 114.34 77.1849 0 17.9456 0 0 1.32893 0 0 0
q_reclas_q_pelaces
1 1
M
1
N
 267932 50668.4 237525 11105.9 0.397417
 158386 91175.6 17127.9 80292.8 3754.35
 150603 50769.4 28884.3 5426.09 26626
 485572 48609.7 16204.8 9219.44 10230.6
 373319 155381 15370.9 5124.14 6150.3
 474066 131973 54742.7 5415.39 3972.14
 196990 160391 44332.7 18389.3 3153.48
 94879.1 60730.2 48707.1 13462.8 6542.06
 72285.1 33944.7 21675.7 17384.5 7140.13
 89168.8 23652.5 10996.7 7022.04 7944.96
 134521 27848.4 7284.48 3386.74 4609.51
 166996 46977.1 9682.08 2532.6 2780.07
 153445 46265.3 12703.7 2618.26 1436.67
 116173 43132.4 12709.8 3489.91 1113.95
 127503 28431.2 10195.1 3004.19 1088.21
 504778 36617.6 7994.49 2866.73 1150.73
 153946 143183 10159 2217.94 1114.58
 738054 47904.7 43923.9 3116.43 1022.31
 511669 225813 14428.2 13229.2 1246.52
 397737 144152 62186.6 3973.37 3986.47
 552173 116708 41490.5 17898.8 2291.03
 703582 171151 35649.9 12673.8 6167.25
 194385 206590 49297.3 10268.4 5426.85
 470071 62858.2 66074 15766.8 5019.82
 405929 154925 20523.2 21573.2 6786.85
 204370 133281 50376.1 6673.44 9221.7
 410090 68787.2 44520.9 16827.6 5309.59
 427641 135786 22572.7 14609.6 7264.35
 162987 143457 45193.9 7512.9 7280.35
 152528 54575.2 47651.8 15012 4913.84
pred_Ctot
 12781 2616.02 12263.5 573.397 0.0205187
 13028.5 8100.9 1521.8 7133.97 333.571
 11799.5 4297.43 2444.94 459.298 2253.79
 40410.3 4369.3 1456.57 828.691 919.575
 9245.66 4170.55 412.569 137.537 165.079
 24235.6 7300.88 3028.42 299.585 219.743
 20463 17972.7 4967.73 2060.63 353.365
 1652.16 1146.59 919.593 254.179 123.514
 5099.73 2588.51 1652.92 1325.68 544.481
 8628.63 2470.03 1148.38 733.311 829.692
 4331.79 971.475 254.115 118.144 160.8
 26672.6 8065.81 1662.38 434.839 477.328
 23388.4 7584.14 2082.48 429.204 235.509
 25407.5 10101.7 2976.66 817.345 260.89
 18038 4328.76 1552.24 457.399 165.684
 74613.6 5822.85 1271.27 455.862 182.986
 15204.9 15259.9 1082.7 236.379 118.787
 79718.4 5580.18 5116.48 363.018 119.084
 77404 36741.5 2347.57 2152.49 202.819
 51826.8 20229.5 8726.9 557.599 559.437
 55727.1 12708 4517.8 1948.96 249.465
 91432.5 23954.1 4989.5 1773.81 863.159
 15024.3 17252.2 4116.78 857.502 453.192
 31216.6 4513.04 4743.93 1132.01 360.409
 27839.9 11485.9 1521.57 1599.41 503.17
 11070.9 7811.41 2952.48 391.122 540.472
 26131.6 4739.67 3067.64 1159.48 365.849
 24001.5 8244.47 1370.54 887.046 441.067
 9323.09 8876.67 2796.46 464.875 450.486
 10722.2 4146.84 3620.77 1140.67 373.373
F
 0.0779449 0.0845938 0.0845938 0.0845938 0.0845938
 0.13774 0.14949 0.14949 0.14949 0.14949
 0.130824 0.141984 0.141984 0.141984 0.141984
 0.139451 0.151346 0.151346 0.151346 0.151346
 0.0398348 0.0432328 0.0432328 0.0432328 0.0432328
 0.0837328 0.0908754 0.0908754 0.0908754 0.0908754
 0.176714 0.191789 0.191789 0.191789 0.191789
 0.0278694 0.0302467 0.0302467 0.0302467 0.0302467
 0.117147 0.12714 0.12714 0.12714 0.12714
 0.163756 0.177725 0.177725 0.177725 0.177725
 0.0520574 0.056498 0.056498 0.056498 0.056498
 0.283576 0.307766 0.307766 0.307766 0.307766
 0.269067 0.292019 0.292019 0.292019 0.292019
 0.407597 0.442366 0.442366 0.442366 0.442366
 0.247613 0.268735 0.268735 0.268735 0.268735
 0.259994 0.282172 0.282172 0.282172 0.282172
 0.167388 0.181667 0.181667 0.181667 0.181667
 0.18431 0.200033 0.200033 0.200033 0.200033
 0.266807 0.289566 0.289566 0.289566 0.289566
 0.226118 0.245407 0.245407 0.245407 0.245407
 0.171313 0.185926 0.185926 0.185926 0.185926
 0.225448 0.244679 0.244679 0.244679 0.244679
 0.128961 0.139961 0.139961 0.139961 0.139961
 0.109945 0.119324 0.119324 0.119324 0.119324
 0.113721 0.123422 0.123422 0.123422 0.123422
 0.0889141 0.0964987 0.0964987 0.0964987 0.0964987
 0.105296 0.114278 0.114278 0.114278 0.114278
 0.0922488 0.100118 0.100118 0.100118 0.100118
 0.0940887 0.102115 0.102115 0.102115 0.102115
 0.116705 0.12666 0.12666 0.12666 0.12666
nmprior
 8 8 7 0
nm_flota  nm_reclas  nm_pelaces    nm_pelaL
inf 9.56697 13.8034 23.3337
cv_recla  cv_pelaces  cv_mph
0.509794 0.502278 1.79181
 ------------------------------------------------
Talla a la edad & desviación 
 8 13.2811 15.8009 17.003 17.5766
 0.8 1.32811 1.58009 1.7003 1.75766
