    unsorted:	 2.354350263e-06 2.267924814e-06 5.915891360e-05 5.273493930e-05 8.506793106e-05 0.001099992586 2.689870177 13.22588860 39.61463318 61.38867911 157.2118590 227.4923183 259.6061593 340.5885159 512.4966705 646.2679031 855.0962645 868.8598674 790.7942186 918.4022651 1002.988329 1083.943443 1212.442515 1386.606158 1472.854914 1608.936284 1853.327009 1928.393358 2013.002389 2354.283442 2237.380826 2411.749951 2470.018007 2495.185942 2600.577009 2683.182886 2955.108809 3005.017717 3183.365980 3446.681679 3646.754138 3967.927226 7722.840780 38568.22103 408963.4884 405292.9388 397358.9430 388506.2648 429809.0346 461101.3626 457137.6434 451974.2892 367126.3303 353667.1329 300275.5307 163590.5860 513734.9182 575255.6288 588998.1024 626063.8820 657839.3481 691563.8114 902989.1170 962030.9152 1045824.813 1171612.009 1393640.772 1575697.718 1692113.998 2289659.399 2366333.352 2676412.807 2784540.972 2976792.416 3218788.242
      sorted:	 2.267924814e-06 2.354350263e-06 5.273493930e-05 5.915891360e-05 8.506793106e-05 0.001099992586 2.689870177 13.22588860 39.61463318 61.38867911 157.2118590 227.4923183 259.6061593 340.5885159 512.4966705 646.2679031 790.7942186 855.0962645 868.8598674 918.4022651 1002.988329 1083.943443 1212.442515 1386.606158 1472.854914 1608.936284 1853.327009 1928.393358 2013.002389 2237.380826 2354.283442 2411.749951 2470.018007 2495.185942 2600.577009 2683.182886 2955.108809 3005.017717 3183.365980 3446.681679 3646.754138 3967.927226 7722.840780 38568.22103 163590.5860 300275.5307 353667.1329 367126.3303 388506.2648 397358.9430 405292.9388 408963.4884 429809.0346 451974.2892 457137.6434 461101.3626 513734.9182 575255.6288 588998.1024 626063.8820 657839.3481 691563.8114 902989.1170 962030.9152 1045824.813 1171612.009 1393640.772 1575697.718 1692113.998 2289659.399 2366333.352 2676412.807 2784540.972 2976792.416 3218788.242
