    unsorted:	 2.336184715e-06 2.280452913e-06 5.721498575e-05 5.392549639e-05 8.322754508e-05 -2.028557492e-05 0.001099993534 13.21626466 60.81616205 159.9552131 143.6456358 232.5816923 274.6631888 352.5068907 535.5385518 658.6610820 796.2050950 863.2723721 883.3434528 919.3762915 1066.053806 1195.143590 1250.379020 1395.283111 1495.898751 1842.729936 1918.312576 1972.115015 2133.222929 2251.651016 2355.597641 2442.726633 2477.135121 2583.019693 2630.890165 2874.089766 2983.190240 3188.469053 3429.572509 3625.903321 3943.196675 5657.448678 8893.327487 38263.43990 411799.5920 409519.7733 401298.4283 395665.8417 379219.8440 362073.0731 467195.4592 462841.1153 469630.1920 450921.4291 325018.3683 163593.6529 541871.3959 625979.5989 576671.0097 592193.1196 672994.6378 839546.6213 904079.8557 1039188.563 1088015.970 1371195.921 1528823.912 1657916.010 2280405.079 2233083.099 2378490.154 2676739.112 2884549.389 3006382.432 3361032.685
      sorted:	 -2.028557492e-05 2.280452913e-06 2.336184715e-06 5.392549639e-05 5.721498575e-05 8.322754508e-05 0.001099993534 13.21626466 60.81616205 143.6456358 159.9552131 232.5816923 274.6631888 352.5068907 535.5385518 658.6610820 796.2050950 863.2723721 883.3434528 919.3762915 1066.053806 1195.143590 1250.379020 1395.283111 1495.898751 1842.729936 1918.312576 1972.115015 2133.222929 2251.651016 2355.597641 2442.726633 2477.135121 2583.019693 2630.890165 2874.089766 2983.190240 3188.469053 3429.572509 3625.903321 3943.196675 5657.448678 8893.327487 38263.43990 163593.6529 325018.3683 362073.0731 379219.8440 395665.8417 401298.4283 409519.7733 411799.5920 450921.4291 462841.1153 467195.4592 469630.1920 541871.3959 576671.0097 592193.1196 625979.5989 672994.6378 839546.6213 904079.8557 1039188.563 1088015.970 1371195.921 1528823.912 1657916.010 2233083.099 2280405.079 2378490.154 2676739.112 2884549.389 3006382.432 3361032.685
