years
 1991 1992 1993 1994 1995 1996 1997 1998 1999 2000 2001 2002 2003 2004 2005 2006 2007 2008 2009 2010 2011 2012 2013 2014 2015 2016 2017 2018 2019 2020
reclasobs
 0 0 0 0 0 0 0 0 0 252601 567819 844713 477998 351125 339783 2.1784e+06 2.13404e+06 4.81314e+06 1.55562e+06 2.62356e+06 3.21686e+06 3.843e+06 1.13348e+06 3.07943e+06 1.97215e+06 2.03268e+06 2.025e+06 2.42433e+06 2.27542e+06 1.05018e+06
reclaspred
 2.18248e+06 1.65741e+06 885407 664449 740980 1.06604e+06 763076 672045 451329 339775 395427 560293 562056 444396 491116 973298 1.52982e+06 2.37996e+06 2.19182e+06 1.69663e+06 2.91391e+06 2.33945e+06 2.13513e+06 2.68107e+06 2.3638e+06 2.1258e+06 2.18193e+06 2.17462e+06 2.34941e+06 1.46422e+06
pelacesobs
 0 0 0 0 0 0 0 0 0 0 0 0 0 0 0 552880 188675 0 991730 2.46772e+06 1.41603e+06 1.21717e+06 2.29649e+06 1.80582e+06 0 1.4828e+06 1.56532e+06 1.57751e+06 1.42118e+06 867257
pelacespred
 924584 777921 436827 282537 325217 462358 313958 333707 224637 156185 196846 225547 247921 207555 245393 406070 630615 1.05547e+06 1.07336e+06 793573 1.20984e+06 1.14286e+06 1.00279e+06 1.35444e+06 1.21944e+06 1.05074e+06 1.2092e+06 1.23601e+06 1.0804e+06 764568
mphobs
 0 0 0 0 0 0 0 0 0 0 0 498337 0 5186 125008 0 168611 109162 213762 579715 649985 157893 87575 83554 0 0 0 0 0 0
mphpred
 1.64135e+06 1.7577e+06 959149 524560 535824 655370 830189 490281 468844 285674 227461 412584 423006 368760 277798 428601 1.07046e+06 1.3513e+06 1.87207e+06 1.54173e+06 1.63788e+06 2.10371e+06 1.87008e+06 1.57483e+06 2.2634e+06 1.78035e+06 1.51618e+06 1.6441e+06 2.15498e+06 1.46126e+06
desembarqueobs
 494567 514787 250237 358949 120608 361735 552515 73892 212993 205616 52469 317467 293654 387597 252695 516296 358380 742168 942051 627588 828172 859565 418607 520667 417249 300574 407403 355545 319650 289779
desembarquepred
 494659 511109 252122 359086 120648 361809 552037 73880.8 212931 205590 52460.8 317543 293667 387676 252666 516140 358560 742339 941868 627756 828391 859856 418828 520992 417563 300982 407687 355672 319714 289863
Reclutas
 411158 64982.4 84471.5 164099 152535 227593 90905.6 51412.5 34713.9 70976.9 124143 140636 130980 96539.7 118664 465920 194050 615549 497749 328424 532529 608027 153086 441526 323115 176363 372128 377013 111455 106121
log_desv_Rt
 0.810263 -1.0346 -0.7723 -0.108246 -0.181321 0.218846 -0.698894 -1.26883 -1.66157 -0.946361 -0.387284 -0.262538 -0.333671 -0.638761 -0.432415 0.935298 0.0594011 1.2138 1.00138 0.58559 1.06892 1.2015 -0.177713 0.881522 0.569292 -0.0361687 0.710524 0.723566 -0.495094 -0.544136
SSB
 1.64135e+06 1.7577e+06 959149 524560 535824 655370 830189 490281 468844 285674 227461 412584 423006 368760 277798 428601 1.07046e+06 1.3513e+06 1.87207e+06 1.54173e+06 1.63788e+06 2.10371e+06 1.87008e+06 1.57483e+06 2.2634e+06 1.78035e+06 1.51618e+06 1.6441e+06 2.15498e+06 1.46126e+06
BT
 2.98e+06 2.34848e+06 1.30983e+06 1.1753e+06 1.02586e+06 1.81063e+06 1.31756e+06 1.0632e+06 839868 685712 706875 962195 1.04701e+06 1.09865e+06 1.14694e+06 1.94197e+06 2.09702e+06 4.18562e+06 4.18347e+06 2.7987e+06 4.61546e+06 4.1281e+06 3.04137e+06 5.08232e+06 3.63288e+06 3.19287e+06 4.39807e+06 4.31538e+06 2.91606e+06 2.28689e+06
Ftot
 0.213962 0.288251 0.266856 0.497613 0.154414 0.317952 0.651099 0.104656 0.435808 0.554026 0.126275 0.520527 0.481843 0.782368 0.477644 0.492596 0.221051 0.292987 0.399209 0.345137 0.26734 0.343076 0.185374 0.18412 0.167255 0.134432 0.177074 0.155263 0.129167 0.18705
BD_Bspro_t
 0.966346 0.815775 0.642632 0.540913 0.547856 0.652618 0.63114 0.460407 0.536698 0.463888 0.473372 0.689359 0.571133 0.490843 0.408683 0.507045 0.628135 0.662882 0.681976 0.609198 0.580303 0.633757 0.638693 0.639946 0.740989 0.740634 0.752188 0.783958 0.817489 0.754923
BD_Bspro
 1.26096 1.35035 0.736865 0.402993 0.411646 0.503487 0.637792 0.376658 0.360189 0.219469 0.174747 0.316967 0.324974 0.283299 0.213418 0.329272 0.822378 1.03813 1.43822 1.18443 1.2583 1.61617 1.43669 1.20986 1.73885 1.36776 1.1648 1.26307 1.65556 1.12261
BD_Bo
 0.872416 0.934258 0.509811 0.278817 0.284803 0.348345 0.441266 0.260597 0.249202 0.151843 0.120901 0.219299 0.224838 0.196005 0.147657 0.227812 0.568975 0.718248 0.995053 0.819465 0.870574 1.11817 0.993994 0.837061 1.20305 0.946302 0.805887 0.873877 1.14542 0.776696
BD_Brms
 3.70606 3.96876 2.1657 1.18442 1.20986 1.47978 1.87451 1.10702 1.05862 0.645034 0.513592 0.931589 0.955121 0.832636 0.627251 0.967754 2.41703 3.05115 4.22703 3.48112 3.69823 4.75005 4.22252 3.55587 5.11061 4.01993 3.42344 3.71226 4.8658 3.29944
Sel_flota
 0.5 1 1 1 1
 0.5 1 1 1 1
 0.5 1 1 1 1
 0.5 1 1 1 1
 0.5 1 1 1 1
 0.5 1 1 1 1
 0.5 1 1 1 1
 0.5 1 1 1 1
 0.5 1 1 1 1
 0.5 1 1 1 1
 0.5 1 1 1 1
 0.5 1 1 1 1
 0.5 1 1 1 1
 0.5 1 1 1 1
 0.5 1 1 1 1
 0.5 1 1 1 1
 0.5 1 1 1 1
 0.5 1 1 1 1
 0.5 1 1 1 1
 0.5 1 1 1 1
 0.5 1 1 1 1
 0.5 1 1 1 1
 0.5 1 1 1 1
 0.5 1 1 1 1
 0.5 1 1 1 1
 0.5 1 1 1 1
 0.5 1 1 1 1
 0.5 1 1 1 1
 0.5 1 1 1 1
 0.5 1 1 1 1
Sel_reclas
 0.5 1 1 1 1
 0.5 1 1 1 1
 0.5 1 1 1 1
 0.5 1 1 1 1
 0.5 1 1 1 1
 0.5 1 1 1 1
 0.5 1 1 1 1
 0.5 1 1 1 1
 0.5 1 1 1 1
 0.5 1 1 1 1
 0.5 1 1 1 1
 0.5 1 1 1 1
 0.5 1 1 1 1
 0.5 1 1 1 1
 0.5 1 1 1 1
 0.5 1 1 1 1
 0.5 1 1 1 1
 0.5 1 1 1 1
 0.5 1 1 1 1
 0.5 1 1 1 1
 0.5 1 1 1 1
 0.5 1 1 1 1
 0.5 1 1 1 1
 0.5 1 1 1 1
 0.5 1 1 1 1
 0.5 1 1 1 1
 0.5 1 1 1 1
 0.5 1 1 1 1
 0.5 1 1 1 1
 0.5 1 1 1 1
Sel_pelaces
 0.5 1 1 1 1
 0.5 1 1 1 1
 0.5 1 1 1 1
 0.5 1 1 1 1
 0.5 1 1 1 1
 0.5 1 1 1 1
 0.5 1 1 1 1
 0.5 1 1 1 1
 0.5 1 1 1 1
 0.5 1 1 1 1
 0.5 1 1 1 1
 0.5 1 1 1 1
 0.5 1 1 1 1
 0.5 1 1 1 1
 0.5 1 1 1 1
 0.5 1 1 1 1
 0.5 1 1 1 1
 0.5 1 1 1 1
 0.5 1 1 1 1
 0.5 1 1 1 1
 0.5 1 1 1 1
 0.5 1 1 1 1
 0.5 1 1 1 1
 0.5 1 1 1 1
 0.5 1 1 1 1
 0.5 1 1 1 1
 0.5 1 1 1 1
 0.5 1 1 1 1
 0.5 1 1 1 1
 0.5 1 1 1 1
pf_obs 
 0.8446 0.082 0.0669 0.0065 0
 0.8095 0.147 0.0364 0.0071 0
 0.9664 0.0169 0.016 0.0007 0
 0.9276 0.0648 0.0075 0.0001 0
 0.7033 0.2144 0.0806 0.0017 0
 0.9318 0.0425 0.0243 0.0014 0
 0.5671 0.3108 0.0964 0.0239 0.0018
 0.0768 0.2599 0.5324 0.112 0.0189
 0.490249 0.384438 0.106611 0.0170017 0.00170017
 0.7925 0.1577 0.0466 0.003 0.0002
 0.840416 0.127587 0.0312969 0.00059994 9.999e-05
 0.8084 0.0986 0.0794 0.0134 0.0002
 0.7335 0.1905 0.0724 0.0035 0.0001
 0.4001 0.4547 0.1325 0.0127 0
 0.49795 0.308269 0.164784 0.0264974 0.00249975
 0.9179 0.0499 0.0305 0.0017 0
 0.2467 0.6533 0.0926 0.0074 0
 0.9418 0.0223 0.034 0.0019 0
 0.707729 0.231977 0.0356964 0.0245975 0
 0.517169 0.277429 0.184464 0.0207286 0.00020938
 0.811772 0.124168 0.05621 0.00726502 0.000585176
 0.764997 0.148141 0.077277 0.00933861 0.000247198
 0.163321 0.427699 0.378323 0.0303852 0.000271297
 0.753843 0.0900009 0.118128 0.0371064 0.000921714
 0.721811 0.176058 0.0630433 0.0369309 0.00215725
 0.143369 0.312575 0.442814 0.0836902 0.0175525
 0.692698 0.0596174 0.167031 0.0765114 0.00414204
 0.394062 0.376323 0.152708 0.0712218 0.00568511
 0.125707 0.32114 0.495352 0.0537591 0.00404204
 0.23352 0.215282 0.420074 0.123614 0.00750983
pf_pred 
 0.627571 0.23542 0.0866061 0.0318606 0.0185421
 0.165362 0.652859 0.114906 0.0422717 0.0246011
 0.393771 0.182877 0.331149 0.0582838 0.0339198
 0.6602 0.198624 0.0425875 0.0771165 0.021472
 0.577968 0.345629 0.0446599 0.00957566 0.0221673
 0.633785 0.271509 0.0775605 0.0100219 0.00712324
 0.363257 0.504311 0.098184 0.0280477 0.00620007
 0.387893 0.356637 0.202337 0.0393928 0.0137407
 0.373735 0.354804 0.158163 0.0897334 0.0235639
 0.689212 0.179235 0.0745303 0.0332239 0.0237993
 0.730025 0.226833 0.0248805 0.0103459 0.00791567
 0.606279 0.334185 0.0500221 0.00548674 0.00402712
 0.585529 0.324599 0.0762825 0.0114183 0.00217168
 0.530462 0.359647 0.0860623 0.0202251 0.00360317
 0.66823 0.246427 0.0653693 0.0156426 0.00433101
 0.859948 0.115307 0.0183797 0.00487553 0.00148972
 0.414426 0.547235 0.0315649 0.00503138 0.00174247
 0.7545 0.147756 0.0913445 0.00526881 0.00113069
 0.545076 0.395924 0.0355096 0.0219524 0.00153797
 0.461238 0.393312 0.126586 0.0113533 0.00751044
 0.644196 0.233102 0.0895765 0.0288299 0.00429619
 0.602108 0.317056 0.0529584 0.0203509 0.00752593
 0.245286 0.581447 0.138066 0.0230614 0.0121393
 0.645119 0.144485 0.162093 0.0384893 0.00981307
 0.472366 0.41861 0.0443875 0.0497968 0.014839
 0.351219 0.423616 0.17864 0.0189421 0.027583
 0.627495 0.197332 0.114378 0.0482333 0.0125619
 0.547858 0.35278 0.052636 0.0305089 0.0162164
 0.24233 0.543469 0.167128 0.0249361 0.0221359
 0.36406 0.25388 0.274049 0.0842758 0.0237364
pobs_RECLAS
 0 0 0 0 0
 0 0 0 0 0
 0 0 0 0 0
 0 0 0 0 0
 0 0 0 0 0
 0 0 0 0 0
 0 0 0 0 0
 0 0 0 0 0
 0 0 0 0 0
 0 0 0 0 0
 0.991045 0.00858322 0.000360255 1.14367e-05 0
 0.934742 0.0480273 0.0164251 0.00080598 0
 0.827803 0.169806 0.00239088 0 0
 0.941827 0.0461693 0.0120037 0 0
 0.791401 0.0380133 0.147996 0.0225897 0
 0.846168 0.0940531 0.0597789 0 0
 0.134021 0.677848 0.182769 0.00536245 0
 0.80878 0.0450904 0.141981 0.00414843 0
 0.846168 0.0940531 0.0597789 0 0
 0.905697 0.0802665 0.012482 0.00150086 5.37128e-05
 0.989698 0.0102097 9.19794e-05 0 0
 0.975433 0.0193895 0.00387452 0.00125025 5.28907e-05
 0.303575 0.632131 0.0575291 0.00676475 0
 0.966965 0.00978017 0.0227588 0.000495775 0
 0.843318 0.132988 0.00938335 0.0141283 0.000182051
 0.564624 0.303363 0.111486 0.0197234 0.00080311
 0.826376 0.0876187 0.0782897 0.00655872 0.00115652
 0.89761 0.0855135 0.0140674 0.00269457 0.000114338
 0.34875 0.467042 0.161289 0.0227151 0.000203297
 0.318654 0.224769 0.449479 0.00709798 0
ppred_RECLAS
 0.629933 0.233927 0.0860568 0.0316585 0.0184245
 0.167339 0.651312 0.114634 0.0421715 0.0245428
 0.396886 0.181937 0.329447 0.0579842 0.0337455
 0.666366 0.19502 0.0418147 0.0757171 0.0210823
 0.579683 0.344224 0.0444785 0.00953675 0.0220772
 0.637491 0.268762 0.0767756 0.00992045 0.00705116
 0.372312 0.497139 0.0967877 0.0276488 0.00611189
 0.388989 0.355998 0.201974 0.0393223 0.0137161
 0.379231 0.351691 0.156776 0.088946 0.0233572
 0.695945 0.175352 0.0729156 0.0325041 0.0232837
 0.731136 0.225899 0.024778 0.0103033 0.00788308
 0.613232 0.328283 0.0491388 0.00538985 0.00395601
 0.59195 0.31957 0.0751008 0.0112414 0.00213804
 0.542808 0.350191 0.0837995 0.0196933 0.00350843
 0.674019 0.242127 0.0642286 0.0153697 0.00425544
 0.863199 0.11263 0.017953 0.00476235 0.00145514
 0.416977 0.544852 0.0314274 0.00500946 0.00173488
 0.757182 0.146142 0.0903466 0.00521125 0.00111834
 0.550285 0.39139 0.0351031 0.0217011 0.00152036
 0.465624 0.39011 0.125556 0.0112608 0.00744929
 0.647184 0.231144 0.0888242 0.0285878 0.00426011
 0.606297 0.313719 0.052401 0.0201367 0.0074467
 0.246884 0.580216 0.137774 0.0230126 0.0121136
 0.647074 0.14369 0.1612 0.0382774 0.00975903
 0.474282 0.417091 0.0442264 0.049616 0.0147852
 0.352598 0.422716 0.17826 0.0189019 0.0275244
 0.629406 0.19632 0.113791 0.0479858 0.0124975
 0.549611 0.351413 0.052432 0.0303906 0.0161535
 0.243394 0.542706 0.166894 0.0249011 0.0221048
 0.366076 0.253075 0.27318 0.0840086 0.0236612
pobs_PELACES
 0 0 0 0 0
 0 0 0 0 0
 0 0 0 0 0
 0 0 0 0 0
 0 0 0 0 0
 0 0 0 0 0
 0 0 0 0 0
 0 0 0 0 0
 0 0 0 0 0
 0 0 0 0 0
 0 0 0 0 0
 0 0 0 0 0
 0 0 0 0 0
 0 0 0 0 0
 0 0 0 0 0
 0 0 0 0 0
 0.505614 0.472636 0.0217494 0 0
 0 0 0 0 0
 0.443492 0.261883 0.143347 0.151278 0
 0.227955 0.32914 0.350689 0.0885471 0.00366901
 0.970185 0.0296113 0.000203453 0 0
 0.997202 0.00247181 0.000326279 0 0
 0.445219 0.490057 0.0546422 0.010081 0
 0.90214 0.0892962 0.00764917 0.000914606 0
 0 0 0 0 0
 0.581667 0.319106 0.0959925 0.00289975 0.000334073
 0.762889 0.0836404 0.116647 0.0363945 0.000428098
 0.88444 0.0763242 0.0277011 0.0115352 0
 0.521256 0.241999 0.230069 0.00667565 0
 0.616807 0.101726 0.260614 0.0208532 0
ppred_PELACES
 0.638125 0.228749 0.0841519 0.0309578 0.0180167
 0.174072 0.646046 0.113707 0.0418306 0.0243444
 0.407472 0.178743 0.323664 0.0569665 0.0331532
 0.684364 0.184499 0.039559 0.0716325 0.019945
 0.585878 0.339151 0.0438229 0.00939619 0.0217518
 0.649525 0.25984 0.0742269 0.00959112 0.00681708
 0.397743 0.476998 0.0928664 0.0265286 0.00586427
 0.393101 0.353602 0.200615 0.0390576 0.0136238
 0.3963 0.34202 0.152465 0.0865003 0.0227149
 0.714935 0.1644 0.0683615 0.030474 0.0218294
 0.735212 0.222474 0.0244024 0.0101471 0.00776357
 0.633394 0.31117 0.0465772 0.00510888 0.00374978
 0.611004 0.304647 0.0715938 0.0107165 0.0020382
 0.574624 0.325821 0.0779678 0.0183229 0.00326428
 0.691092 0.229446 0.0608646 0.0145647 0.00403256
 0.872517 0.104959 0.0167302 0.00443798 0.00135603
 0.425869 0.536541 0.030948 0.00493305 0.00170842
 0.765959 0.140859 0.0870808 0.00502288 0.00107791
 0.566526 0.377256 0.0338353 0.0209174 0.00146545
 0.479818 0.379748 0.122221 0.0109617 0.00725143
 0.65719 0.224589 0.0863052 0.027777 0.0041393
 0.619725 0.303019 0.0506137 0.0194499 0.00719272
 0.252615 0.575801 0.136725 0.0228374 0.0120214
 0.65398 0.140878 0.158046 0.0375283 0.00956805
 0.481167 0.411628 0.0436472 0.0489662 0.0145915
 0.357678 0.419399 0.176861 0.0187536 0.0273084
 0.636195 0.192724 0.111707 0.0471068 0.0122685
 0.555944 0.346472 0.0516947 0.0299633 0.0159264
 0.247341 0.539875 0.166023 0.0247712 0.0219895
 0.373268 0.250204 0.27008 0.0830556 0.0233928
pobs_pel_tallas
 0 0 0 0 0 0 0 0 0 0 0 0 0 0 0 0 0 0 0 0 0 0 0 0 0 0
 0 0 0 0 0 0 0 0 0 0 0 0 0 0 0 0 0 0 0 0 0 0 0 0 0 0
 0 0 0 0 0 0 0 0 0 0 0 0 0 0 0 0 0 0 0 0 0 0 0 0 0 0
 0 0 0 0 0 0 0 0 0 0 0 0 0 0 0 0 0 0 0 0 0 0 0 0 0 0
 0 0 0 0 0 0 0 0 0 0 0 0 0 0 0 0 0 0 0 0 0 0 0 0 0 0
 0 0 0 0 0 0 0 0 0 0 0 0 0 0 0 0 0 0 0 0 0 0 0 0 0 0
 0 0 0 0 0 0 0 0 0 0 0 0 0 0 0 0 0 0 0 0 0 0 0 0 0 0
 0 0 0 0 0 0 0 0 0 0 0 0 0 0 0 0 0 0 0 0 0 0 0 0 0 0
 0 0 0 0 0 0 0 0 0 0 0 0 0 0 0 0 0 0 0 0 0 0 0 0 0 0
 0 0 0 0 0 0 0 0 0 0 0 0 0 0 0 0 0 0 0 0 0 0 0 0 0 0
 0 0 0 0 0 0 0 0 0 0 0 0 0 0 0 0 0 0 0 0 0 0 0 0 0 0
 0 0 0 0 0 0 0 0 0 0 0 0 0 0 0 0 0 0 0 0 0 0 0 0 0 0
 0.00862536 0 0 0.000197151 0.00414017 0.0128641 0.00837892 0.0270097 0.101434 0.158115 0.152841 0.127902 0.109271 0.109419 0.0830992 0.0579132 0.0238553 0.00714673 0.00463305 0.00128148 0.00103504 0.000492878 0.000147863 0.000147863 4.92878e-05 0
 0 0 0 0 0 0 0 0 0 0 0 0 0 0 0 0 0 0 0 0 0 0 0 0 0 0
 0 0 0 0 0 0 0 0.0054083 0.00873648 0.0413646 0.0450493 0.0745869 0.0622846 0.0627006 0.0613931 0.0827291 0.12552 0.122667 0.0946155 0.0697135 0.0546179 0.0294188 0.0215738 0.0213955 0.0102223 0.00600262
 0 0 0 0 0.00359764 0.0251062 0.0480494 0.140153 0.205849 0.193036 0.1447 0.116669 0.0760912 0.0342217 0.00950174 0.001854 0.000860785 0 0 0 0.000165536 0 0.000143464 0 0 0
 0 0 0 0 0 0 0 0.000145254 0.000435761 0.0275982 0.070085 0.0708112 0.156366 0.174668 0.174014 0.160142 0.0824315 0.0480064 0.0283245 0.00493863 0.00203355 0 0 0 0 0
 0 0 0 0 0 0 0 0 0 0 0 0 0 0 0 0 0 0 0 0 0 0 0 0 0 0
 0 0 1.00437e-05 0.000401748 0.00122533 0.00171747 0.00176769 0.0269171 0.070346 0.194647 0.189555 0.159765 0.064822 0.0314167 0.0384472 0.0292271 0.0345202 0.0313363 0.0194345 0.0106764 0.0143323 0.0359363 0.0279516 0.0138201 0.00172751 0
 0 0.0021121 0.0136068 0.0755702 0.200478 0.177729 0.0527432 0.0373336 0.0318909 0.0142505 0.0149659 0.0166563 0.0217959 0.0798694 0.0677717 0.0528807 0.04013 0.0224614 0.0357745 0.0225083 0.00881397 0.00855152 0.00135912 0.000746735 0 0
 0 0 0 0 5.4009e-05 0.00500934 0.000945158 0.0243581 0.138947 0.33067 0.221406 0.137944 0.0707744 0.0437923 0.0131692 0.00525238 0.0047753 0.00276346 9.45158e-05 9.00151e-06 2.25038e-05 9.00151e-06 4.50075e-06 0 0 0
 0.000866109 0.00284123 0.00948549 0.0512746 0.133035 0.25785 0.225252 0.132002 0.0553304 0.0519788 0.0540692 0.017754 0.00435017 0.00159236 0.00146478 0.000404838 0.000125132 0.000115318 0.000107957 0.000100596 0 0 0 0 0 0
 0 0 0 0 0.00144013 0.00171154 0.00461396 0.0210425 0.0478622 0.0707936 0.0888783 0.103762 0.0637923 0.0337046 0.0602308 0.124433 0.169614 0.0934646 0.0462172 0.0250306 0.0313229 0.00938855 0.002487 0.000210481 0 0
 0 0.00764035 0.051015 0.0998891 0.058973 0.0496711 0.0374665 0.0718981 0.12319 0.153886 0.159021 0.0857701 0.0377988 0.023471 0.0147837 0.00900784 0.00315554 0.000888139 0.00291439 0.00214683 0.00393193 0.00274676 0.000635225 9.99891e-05 0 0
 0 0 0 0 0 0 0 0 0 0 0 0 0 0 0 0 0 0 0 0 0 0 0 0 0 0
 0 0 0 0 0 0 0 0 0 0 0 0 0 0 0 0 0 0 0 0 0 0 0 0 0 0
 0 0 0 0 0 0 0 0 0 0 0 0 0 0 0 0 0 0 0 0 0 0 0 0 0 0
 0 0 0 0 0 0 0 0 0 0 0 0 0 0 0 0 0 0 0 0 0 0 0 0 0 0
 0 0 0 0 0 0 0 0 0 0 0 0 0 0 0 0 0 0 0 0 0 0 0 0 0 0
 0 0 0 0 0 0 0 0 0 0 0 0 0 0 0 0 0 0 0 0 0 0 0 0 0 0
ppred_pel_tallas
 1.08641e-16 5.25616e-05 0.000510917 0.00339522 0.0154342 0.0480217 0.102316 0.149338 0.14936 0.102424 0.0483853 0.0164857 0.00603928 0.0062982 0.0110891 0.0183696 0.0267429 0.0342405 0.0388923 0.0398084 0.0376778 0.0342075 0.0309686 0.0285774 0.0267051 0.0246594
 1.11762e-16 1.43382e-05 0.000139372 0.000926181 0.00421032 0.0131002 0.0279137 0.0407539 0.0408162 0.0282182 0.0141228 0.00716446 0.00834384 0.0163402 0.0308067 0.0509717 0.0735818 0.092873 0.102978 0.101217 0.0896877 0.0737819 0.058873 0.0477594 0.0403537 0.0350527
 1.2071e-16 3.3563e-05 0.000326244 0.00216801 0.00985547 0.0306641 0.0653338 0.0953603 0.095378 0.0654206 0.0309569 0.0107074 0.00433003 0.00512426 0.00937612 0.0160507 0.0245312 0.033815 0.0428345 0.0510261 0.0584232 0.0650993 0.0704954 0.0733463 0.0723453 0.0669983
 1.11748e-16 5.63702e-05 0.000547939 0.00364124 0.0165526 0.0515013 0.10973 0.160157 0.160175 0.109817 0.0517941 0.0173989 0.00576838 0.005201 0.00892277 0.0147436 0.0214378 0.0274229 0.0311633 0.0320502 0.030796 0.0289327 0.0277953 0.0277722 0.0282861 0.0283363
 1.05975e-16 4.82581e-05 0.000469086 0.00311724 0.0141705 0.04409 0.0939396 0.137114 0.137147 0.0940993 0.0446262 0.0157194 0.00700491 0.00895568 0.0161655 0.0266483 0.0383856 0.0482831 0.0532264 0.0518018 0.0451491 0.0361943 0.0278948 0.0218541 0.0181048 0.0157905
 1.04325e-16 5.35006e-05 0.000520045 0.00345588 0.01571 0.0488796 0.104144 0.152007 0.152032 0.104267 0.0492917 0.0169011 0.00644858 0.00706254 0.0125064 0.0206628 0.0299276 0.0379831 0.0424899 0.0423503 0.0383215 0.0324229 0.0266462 0.0219994 0.018446 0.0154715
 1.06455e-16 3.27617e-05 0.000318455 0.00211625 0.00962019 0.0299322 0.0637755 0.0930918 0.0931378 0.0640003 0.0306874 0.011802 0.00759506 0.0122859 0.022782 0.0376665 0.0543864 0.0686658 0.0761558 0.0748421 0.0662149 0.0541878 0.0426809 0.0337698 0.0274774 0.0227751
 1.12103e-16 3.23793e-05 0.000314738 0.00209155 0.0095079 0.0295828 0.0630305 0.0920021 0.0920364 0.0631984 0.0301471 0.0111408 0.00620229 0.00932789 0.0172656 0.028795 0.0421854 0.0545339 0.0628611 0.0657458 0.0640377 0.0599934 0.0555995 0.0514886 0.047125 0.0417542
 1.17007e-16 3.26428e-05 0.000317299 0.00210857 0.00958526 0.0298235 0.0635433 0.0927502 0.0927834 0.0637054 0.0303683 0.0111615 0.0060749 0.00900824 0.0166348 0.0277054 0.0405192 0.0522665 0.0601112 0.0628003 0.0613571 0.0581943 0.0553828 0.0534798 0.0516474 0.0486387
 1.08766e-16 5.88883e-05 0.000572415 0.0038039 0.017292 0.0538019 0.114631 0.167311 0.167327 0.114709 0.0540636 0.018049 0.00570822 0.00474358 0.00802251 0.013281 0.0193924 0.0249595 0.0286071 0.0297335 0.0288513 0.0271641 0.0257279 0.0248668 0.0242044 0.0231178
 1.03093e-16 6.05585e-05 0.00058865 0.00391179 0.0177824 0.0553279 0.117883 0.172058 0.172079 0.117987 0.0556795 0.0187979 0.00646047 0.00615123 0.0106215 0.0174553 0.0251211 0.0315566 0.0347072 0.0336388 0.0290996 0.0230192 0.0173562 0.013186 0.0105535 0.00891729
 1.02571e-16 5.21719e-05 0.00050713 0.00337006 0.0153198 0.0476658 0.101558 0.148233 0.148263 0.101705 0.0481579 0.0167412 0.00693804 0.0082963 0.0148458 0.0244617 0.0352344 0.0443086 0.0488018 0.0473731 0.0410072 0.0323268 0.0240126 0.017568 0.0131373 0.0101153
 1.03564e-16 5.03277e-05 0.000489203 0.00325093 0.0147783 0.0459808 0.097968 0.142993 0.143023 0.0981117 0.0464635 0.0161729 0.00675382 0.00814299 0.0146065 0.0241203 0.0348625 0.044091 0.0490299 0.0483766 0.0430395 0.0354526 0.0280548 0.0221393 0.0177464 0.014302
 1.04724e-16 4.73311e-05 0.000460075 0.00305736 0.0138983 0.0432431 0.0921351 0.13448 0.134512 0.0922888 0.0437594 0.0153903 0.00680491 0.00864938 0.0156249 0.0258204 0.0373407 0.0472708 0.0526592 0.0521295 0.0466642 0.0388619 0.031304 0.0253243 0.0209036 0.0173701
 1.03959e-16 5.69244e-05 0.000553325 0.00367704 0.0167153 0.0520077 0.110809 0.161733 0.161755 0.110917 0.0523715 0.0177667 0.00631847 0.00632715 0.0110447 0.0182273 0.0263882 0.0334704 0.0374088 0.0372421 0.033655 0.028451 0.0234041 0.0194043 0.0163987 0.0138972
 1.01185e-16 7.18681e-05 0.000698584 0.00464233 0.0211034 0.0656605 0.139897 0.204186 0.204196 0.139946 0.0658265 0.021583 0.00584645 0.00332773 0.00506672 0.00826685 0.0119118 0.0150006 0.0165643 0.0161567 0.014112 0.0113101 0.00864165 0.00659245 0.00518748 0.00420356
 1.01815e-16 3.50784e-05 0.000340975 0.0022659 0.0103005 0.0320489 0.0682855 0.0996755 0.0997271 0.0685378 0.0328958 0.0127456 0.00839986 0.0137193 0.0254071 0.0418533 0.060066 0.0750659 0.0817991 0.0779306 0.0652563 0.0485377 0.0327331 0.0207591 0.0130547 0.00855943
 1.03236e-16 6.30911e-05 0.000613268 0.00407538 0.0185261 0.0576416 0.122812 0.179251 0.179264 0.122879 0.0578665 0.019177 0.00571425 0.00420729 0.00693652 0.0114915 0.016835 0.0217649 0.0250749 0.026167 0.0253348 0.0234324 0.0212311 0.0190125 0.0166517 0.0139772
 1.03419e-16 4.66641e-05 0.000453592 0.00301428 0.0137025 0.0426337 0.090837 0.132587 0.132623 0.0910145 0.0432297 0.0154236 0.00733316 0.00987757 0.0179324 0.0295409 0.0424791 0.0532736 0.05842 0.0563149 0.0482219 0.0374299 0.027301 0.0197182 0.0148251 0.0117666
 1.05951e-16 3.9522e-05 0.000384168 0.00255293 0.0116053 0.0361086 0.0769345 0.112296 0.112333 0.0771139 0.0367113 0.0133475 0.00693114 0.00995853 0.0182718 0.0302712 0.0438968 0.0558102 0.0626046 0.0626645 0.0570523 0.0486449 0.0402705 0.033347 0.0278256 0.0230251
 1.06035e-16 5.41319e-05 0.000526181 0.00349666 0.0158953 0.0494564 0.105373 0.153799 0.153821 0.105479 0.0498134 0.0169279 0.00609296 0.00620894 0.010891 0.0180357 0.0262495 0.0335868 0.0380909 0.0388517 0.0364995 0.0326662 0.0288774 0.0257729 0.0231274 0.0204069
 1.04706e-16 5.1046e-05 0.000496185 0.00329733 0.0149892 0.0466371 0.0993663 0.145034 0.145063 0.0995091 0.0471166 0.0163744 0.00677526 0.0080914 0.0144843 0.0238879 0.0344624 0.0434592 0.0481123 0.0471546 0.0415655 0.0338798 0.0266364 0.0211776 0.0174984 0.0148804
 1.08418e-16 2.08077e-05 0.000202258 0.00134408 0.00611002 0.0190108 0.0405067 0.0591323 0.0591879 0.0407783 0.0199232 0.00874637 0.00796594 0.0146719 0.0275425 0.0456081 0.0659491 0.0834563 0.0929086 0.0918681 0.082073 0.0681323 0.0546388 0.0439892 0.0361841 0.0300493
 1.0998e-16 5.38675e-05 0.000523611 0.00347958 0.0158177 0.0492148 0.104858 0.153046 0.15306 0.104925 0.0494423 0.0164777 0.00514743 0.00420121 0.00714619 0.0120117 0.017961 0.0239795 0.02904 0.0326379 0.0349745 0.0365648 0.0376284 0.037827 0.0365489 0.0334334
 1.08745e-16 3.96332e-05 0.000385249 0.00256011 0.0116379 0.0362101 0.077151 0.112612 0.112652 0.0773448 0.0368609 0.0135175 0.00727804 0.0106844 0.0196 0.032344 0.0466064 0.0586667 0.0647822 0.063289 0.0556252 0.0453709 0.0360829 0.0295924 0.0257574 0.0233487
 1.11714e-16 2.94615e-05 0.000286376 0.00190307 0.00865112 0.0269171 0.0573512 0.0837142 0.0837548 0.0575497 0.0275842 0.0105804 0.00675501 0.0109084 0.0202911 0.0337302 0.0491283 0.0629143 0.0714331 0.0729611 0.0686326 0.06145 0.0542425 0.0482353 0.0430894 0.0379069
 1.10074e-16 5.24025e-05 0.000509371 0.00338495 0.0153875 0.0478764 0.102006 0.148885 0.148904 0.102098 0.0481842 0.0162786 0.00562894 0.00543237 0.00947423 0.0157705 0.0231641 0.0300884 0.0349774 0.037122 0.0370341 0.0359425 0.0348481 0.0339247 0.032648 0.0303778
 1.07281e-16 4.57924e-05 0.000445119 0.00295797 0.0134465 0.0418373 0.0891401 0.13011 0.130143 0.0893033 0.0423855 0.01503 0.00693358 0.00912669 0.0165424 0.0272999 0.0393843 0.0496701 0.0550135 0.0539992 0.0477934 0.0393402 0.0315632 0.0259672 0.0224544 0.0200676
 1.11135e-16 2.03732e-05 0.000198035 0.00131602 0.00598245 0.0186139 0.0396608 0.0578971 0.0579492 0.0399158 0.0194706 0.00845884 0.00753909 0.0138063 0.0259331 0.0430188 0.0623856 0.0793265 0.0890258 0.0892319 0.081518 0.070035 0.0588304 0.0498789 0.0429868 0.0370006
 1.20146e-16 3.07456e-05 0.000298858 0.00198602 0.00902817 0.0280901 0.0598499 0.0873578 0.0873823 0.0599698 0.028494 0.0101998 0.00494627 0.00682531 0.012615 0.0213044 0.0318584 0.0425356 0.0515419 0.0580295 0.0624235 0.0657053 0.0682925 0.0695361 0.0682129 0.0634857
pSPR Fmed_Fpbrs
0.654688   0.285403 0.285403
Fs Fmed_Fpbrs
0.275562   1.005 1.005
SSBpbr Bo_Bmed_Bpbrs
1.88138e+06  1.13765e+06  442882 442882
Ro
182859
SPR SPRFo_SPRFmed_SPRFpbrs
1.30166e+06 852182 371498
Fref
1.005
log_Ro
11.9365
likeval ReclasPelacesDesembMPH_pf_preclas_ppelaces_ptallas_desvR_qrecl_qpela
 16.7124 22.1029 0.567913 0.00299109 236.438 121.262 81.5066 0 25.1154 0 0 3.05748 0 0 0
q_reclas_q_pelaces
1 1
M
1
N
 411158 80536.8 29627.8 10899.5 6343.24
 64982.4 135911 23920.9 8800.01 5121.4
 84471.5 20697 37477.7 6596.25 3838.87
 164099 27193.7 5830.68 10558.1 2939.74
 152535 47071.3 6082.24 1304.11 3018.97
 227593 51945.1 14838.9 1917.38 1362.82
 90905.6 71420.5 13904.8 3972.11 878.053
 51412.5 24149.7 13701.2 2667.49 930.45
 34713.9 17949.3 8001.39 4539.56 1192.09
 70976.9 10270.1 4270.56 1903.72 1363.69
 124143 19793.3 2171.05 902.776 690.714
 140636 42875.2 6417.74 703.938 516.671
 130980 39881.5 9372.38 1402.9 266.821
 96539.7 37868.6 9061.82 2129.58 379.391
 118664 24017.2 6370.99 1524.55 422.107
 465920 34380.1 5480.11 1453.7 444.179
 194050 133983 7728.24 1231.87 426.621
 615549 63917.3 39514.4 2279.22 489.121
 497749 195590 17542.1 10844.7 759.769
 328424 149978 48270.1 4329.25 2863.89
 532529 101670 39070 12574.5 1873.84
 608027 171394 28628.3 11001.3 4068.37
 153086 188421 44741.1 7473.17 3933.81
 441526 51332 57587.6 13674.3 3486.34
 323115 148143 15708.4 17622.7 5251.42
 176363 109331 46105 4888.77 7118.88
 372128 60662.8 35161.3 14827.6 3861.72
 377013 125299 18695 10836 5759.65
 111455 128336 39466 5888.45 5227.21
 106121 38437.6 41491.2 12759.4 3593.72
pred_Ctot
 26600.5 9978.59 3670.92 1350.46 785.934
 5578.63 22024.7 3876.46 1426.07 829.94
 6742.78 3131.51 5670.46 998.028 580.829
 23316 7014.73 1504.05 2723.49 758.317
 7209.6 4311.39 557.09 119.447 276.516
 21422.1 9177.1 2621.57 338.742 240.768
 16395 22761.2 4431.36 1265.88 279.829
 1663.99 1529.91 867.987 168.988 58.9449
 4373.41 4151.89 1850.82 1050.05 275.743
 11102.9 2887.39 1200.65 535.221 383.396
 4826.3 1499.63 164.489 68.3984 52.3317
 20807.4 11469.1 1716.75 188.304 138.21
 18077.3 10021.5 2355.1 352.521 67.0471
 20392.4 13825.8 3308.47 777.51 138.516
 16248.5 5992.05 1589.5 380.361 105.312
 65598.5 8795.81 1402.03 371.914 113.639
 12951.5 17102 986.455 157.239 54.455
 53660.3 10508.5 6496.46 374.72 80.4152
 57866.2 42031.9 3769.76 2330.51 163.273
 33371.6 28457.1 9158.81 821.437 543.398
 42581.1 15407.9 5920.98 1905.65 283.977
 61439.1 32352.4 5403.87 2076.6 767.945
 8631.28 20460.4 4858.36 811.499 427.166
 24732 5539.16 6214.18 1475.57 376.205
 16498.4 14620.9 1550.33 1739.26 518.286
 7287.13 8789.23 3706.43 393.013 572.294
 20076.1 6313.45 3659.4 1543.18 401.906
 17914.4 11535.6 1721.15 997.612 530.26
 4429.64 9934.28 3055 455.817 404.631
 6035.31 4208.77 4543.12 1397.11 393.498
F
 0.106981 0.213962 0.213962 0.213962 0.213962
 0.144126 0.288251 0.288251 0.288251 0.288251
 0.133428 0.266856 0.266856 0.266856 0.266856
 0.248806 0.497613 0.497613 0.497613 0.497613
 0.0772068 0.154414 0.154414 0.154414 0.154414
 0.158976 0.317952 0.317952 0.317952 0.317952
 0.325549 0.651099 0.651099 0.651099 0.651099
 0.0523281 0.104656 0.104656 0.104656 0.104656
 0.217904 0.435808 0.435808 0.435808 0.435808
 0.277013 0.554026 0.554026 0.554026 0.554026
 0.0631375 0.126275 0.126275 0.126275 0.126275
 0.260263 0.520527 0.520527 0.520527 0.520527
 0.240921 0.481843 0.481843 0.481843 0.481843
 0.391184 0.782368 0.782368 0.782368 0.782368
 0.238822 0.477644 0.477644 0.477644 0.477644
 0.246298 0.492596 0.492596 0.492596 0.492596
 0.110525 0.221051 0.221051 0.221051 0.221051
 0.146493 0.292987 0.292987 0.292987 0.292987
 0.199605 0.399209 0.399209 0.399209 0.399209
 0.172569 0.345137 0.345137 0.345137 0.345137
 0.13367 0.26734 0.26734 0.26734 0.26734
 0.171538 0.343076 0.343076 0.343076 0.343076
 0.092687 0.185374 0.185374 0.185374 0.185374
 0.09206 0.18412 0.18412 0.18412 0.18412
 0.0836273 0.167255 0.167255 0.167255 0.167255
 0.0672161 0.134432 0.134432 0.134432 0.134432
 0.088537 0.177074 0.177074 0.177074 0.177074
 0.0776313 0.155263 0.155263 0.155263 0.155263
 0.0645836 0.129167 0.129167 0.129167 0.129167
 0.0935249 0.18705 0.18705 0.18705 0.18705
nmprior
 8 8 7 0
nm_flota  nm_reclas  nm_pelaces    nm_pelaL
inf 6.84137 7.27223 10.8144
cv_recla  cv_pelaces  cv_mph
0.378483 0.553208 1.6878
 ------------------------------------------------
Talla a la edad & desviación 
 8 13.2811 15.8009 17.003 17.5766
 0.8 1.32811 1.58009 1.7003 1.75766
