years
 1991 1992 1993 1994 1995 1996 1997 1998 1999 2000 2001 2002 2003 2004 2005 2006 2007 2008 2009 2010 2011 2012 2013 2014 2015 2016 2017 2018 2019 2020
reclasobs
 0 0 0 0 0 0 0 0 0 252601 567819 844713 477998 351125 339783 2.1784e+06 2.13404e+06 4.81314e+06 1.55562e+06 2.62356e+06 3.21686e+06 3.843e+06 1.13348e+06 3.07943e+06 1.97215e+06 2.03268e+06 2.025e+06 2.42433e+06 2.27542e+06 1.05018e+06
reclaspred
 2.59569e+06 2.04221e+06 1.12993e+06 1.04892e+06 1.32956e+06 1.7119e+06 1.36396e+06 1.23381e+06 821528 562168 502014 635457 638069 553574 608493 1.00327e+06 1.4676e+06 2.4147e+06 2.37646e+06 1.92432e+06 3.27429e+06 2.58054e+06 2.35379e+06 2.90782e+06 2.63146e+06 2.48829e+06 2.61576e+06 2.49985e+06 2.67342e+06 1.85158e+06
pelacesobs
 0 0 0 0 0 0 0 0 0 0 0 0 0 0 0 552880 188675 0 991730 2.46772e+06 1.41603e+06 1.21717e+06 2.29649e+06 1.80582e+06 0 1.4828e+06 1.56532e+06 1.57751e+06 1.42118e+06 867257
pelacespred
 1.11116e+06 976294 570796 469321 591999 772260 618022 608858 433528 279093 263537 263961 287116 268774 310716 423769 608587 1.07654e+06 1.16757e+06 908778 1.35685e+06 1.28198e+06 1.11063e+06 1.47468e+06 1.36027e+06 1.22747e+06 1.45926e+06 1.43616e+06 1.24069e+06 961551
mphobs
 0 0 0 0 0 0 0 0 0 0 0 498337 0 5186 125008 0 168611 109162 213762 579715 649985 157893 87575 83554 0 0 0 0 0 0
mphpred
 1.93311e+06 2.13193e+06 1.21873e+06 686789 1.00365e+06 1.1427e+06 1.35661e+06 992712 844740 536308 350897 485443 478364 434522 369926 530822 1.03268e+06 1.2983e+06 1.97144e+06 1.71611e+06 1.90358e+06 2.31491e+06 2.0953e+06 1.7174e+06 2.45915e+06 2.04934e+06 1.80057e+06 1.99534e+06 2.41679e+06 1.73108e+06
desembarqueobs
 494567 514787 250237 358949 120608 361735 552515 73892 212993 205616 52469 317467 293654 387597 252695 516296 358380 742168 942051 627588 828172 859565 418607 520667 417249 300574 407403 355545 319650 289779
desembarquepred
 494408 508889 252632 358815 120598 361768 552761 73866 213049 205739 52468.3 317649 293441 387600 252910 516281 358705 741952 942030 627300 828685 860477 418694 520586 416881 300540 407658 355469 319623 289909
Reclutas
 483041 76305.4 91490.7 314064 204104 295334 161823 60591.5 46815.9 71326.2 130531 146260 144791 117356 132520 422251 191690 667252 548951 372189 544223 670274 147362 471902 387745 205639 441695 393983 151725 158906
log_desv_Rt
 0.813158 -1.0322 -0.850708 0.382651 -0.0483132 0.321163 -0.280444 -1.26279 -1.52072 -1.09968 -0.49533 -0.381557 -0.391656 -0.601733 -0.480214 0.678656 -0.111067 1.13622 0.941065 0.552458 0.932415 1.14074 -0.37405 0.789827 0.593403 -0.0408249 0.723674 0.609364 -0.344878 -0.298635
SSB
 1.93311e+06 2.13193e+06 1.21873e+06 686789 1.00365e+06 1.1427e+06 1.35661e+06 992712 844740 536308 350897 485443 478364 434522 369926 530822 1.03268e+06 1.2983e+06 1.97144e+06 1.71611e+06 1.90358e+06 2.31491e+06 2.0953e+06 1.7174e+06 2.45915e+06 2.04934e+06 1.80057e+06 1.99534e+06 2.41679e+06 1.73108e+06
BT
 3.49423e+06 2.81865e+06 1.62561e+06 1.82198e+06 1.70446e+06 2.684e+06 2.11148e+06 1.73917e+06 1.36782e+06 985643 875258 1.06674e+06 1.16568e+06 1.30402e+06 1.34981e+06 1.93915e+06 2.04329e+06 4.33137e+06 4.48545e+06 3.11956e+06 4.98745e+06 4.53137e+06 3.27753e+06 5.46858e+06 4.04173e+06 3.68336e+06 5.21131e+06 4.83543e+06 3.34334e+06 2.85891e+06
Ftot
 0.180303 0.234174 0.21064 0.320627 0.0864595 0.199757 0.376136 0.0571906 0.243831 0.341186 0.0996172 0.4615 0.42631 0.637538 0.38821 0.477603 0.230352 0.288839 0.369324 0.305202 0.238486 0.312125 0.168328 0.1698 0.15023 0.114864 0.148013 0.135153 0.113644 0.148471
BD_Bspro_t
 0.971564 0.843401 0.695723 0.611271 0.690789 0.758962 0.737523 0.632909 0.678272 0.619883 0.587705 0.733672 0.609791 0.538313 0.479708 0.555998 0.622601 0.660582 0.695376 0.634154 0.613812 0.655077 0.66454 0.660058 0.757652 0.767052 0.782388 0.813644 0.834332 0.785847
BD_Bspro
 1.26777 1.39816 0.799269 0.450409 0.658211 0.749405 0.889689 0.651039 0.553996 0.35172 0.230125 0.318362 0.31372 0.284967 0.242604 0.348123 0.677251 0.851452 1.29291 1.12545 1.2484 1.51816 1.37414 1.1263 1.61275 1.34399 1.18084 1.30858 1.58497 1.13527
BD_Bo
 0.930839 1.02657 0.586849 0.330705 0.48328 0.550238 0.653238 0.478014 0.406762 0.258245 0.168965 0.233752 0.230343 0.209232 0.178128 0.255603 0.49726 0.625163 0.949293 0.826345 0.916616 1.11468 1.00894 0.826966 1.18414 0.986804 0.867015 0.960802 1.16374 0.833555
BD_Brms
 3.95424 4.36093 2.49296 1.40485 2.05299 2.33743 2.77498 2.03062 1.72794 1.09703 0.717771 0.992987 0.978508 0.888826 0.756694 1.08581 2.11238 2.65572 4.03264 3.51035 3.89382 4.73521 4.286 3.51299 5.03025 4.19198 3.68311 4.08152 4.94361 3.54098
Sel_flota
 0.5 1 1 1 1
 0.5 1 1 1 1
 0.5 1 1 1 1
 0.5 1 1 1 1
 0.5 1 1 1 1
 0.5 1 1 1 1
 0.5 1 1 1 1
 0.5 1 1 1 1
 0.5 1 1 1 1
 0.5 1 1 1 1
 0.5 1 1 1 1
 0.5 1 1 1 1
 0.5 1 1 1 1
 0.5 1 1 1 1
 0.5 1 1 1 1
 0.5 1 1 1 1
 0.5 1 1 1 1
 0.5 1 1 1 1
 0.5 1 1 1 1
 0.5 1 1 1 1
 0.5 1 1 1 1
 0.5 1 1 1 1
 0.5 1 1 1 1
 0.5 1 1 1 1
 0.5 1 1 1 1
 0.5 1 1 1 1
 0.5 1 1 1 1
 0.5 1 1 1 1
 0.5 1 1 1 1
 0.5 1 1 1 1
Sel_reclas
 0.5 1 1 1 1
 0.5 1 1 1 1
 0.5 1 1 1 1
 0.5 1 1 1 1
 0.5 1 1 1 1
 0.5 1 1 1 1
 0.5 1 1 1 1
 0.5 1 1 1 1
 0.5 1 1 1 1
 0.5 1 1 1 1
 0.5 1 1 1 1
 0.5 1 1 1 1
 0.5 1 1 1 1
 0.5 1 1 1 1
 0.5 1 1 1 1
 0.5 1 1 1 1
 0.5 1 1 1 1
 0.5 1 1 1 1
 0.5 1 1 1 1
 0.5 1 1 1 1
 0.5 1 1 1 1
 0.5 1 1 1 1
 0.5 1 1 1 1
 0.5 1 1 1 1
 0.5 1 1 1 1
 0.5 1 1 1 1
 0.5 1 1 1 1
 0.5 1 1 1 1
 0.5 1 1 1 1
 0.5 1 1 1 1
Sel_pelaces
 0.5 1 1 1 1
 0.5 1 1 1 1
 0.5 1 1 1 1
 0.5 1 1 1 1
 0.5 1 1 1 1
 0.5 1 1 1 1
 0.5 1 1 1 1
 0.5 1 1 1 1
 0.5 1 1 1 1
 0.5 1 1 1 1
 0.5 1 1 1 1
 0.5 1 1 1 1
 0.5 1 1 1 1
 0.5 1 1 1 1
 0.5 1 1 1 1
 0.5 1 1 1 1
 0.5 1 1 1 1
 0.5 1 1 1 1
 0.5 1 1 1 1
 0.5 1 1 1 1
 0.5 1 1 1 1
 0.5 1 1 1 1
 0.5 1 1 1 1
 0.5 1 1 1 1
 0.5 1 1 1 1
 0.5 1 1 1 1
 0.5 1 1 1 1
 0.5 1 1 1 1
 0.5 1 1 1 1
 0.5 1 1 1 1
pf_obs 
 0.8446 0.082 0.0669 0.0065 0
 0.8095 0.147 0.0364 0.0071 0
 0.9664 0.0169 0.016 0.0007 0
 0.9276 0.0648 0.0075 0.0001 0
 0.7033 0.2144 0.0806 0.0017 0
 0.9318 0.0425 0.0243 0.0014 0
 0.5671 0.3108 0.0964 0.0239 0.0018
 0.0768 0.2599 0.5324 0.112 0.0189
 0.490249 0.384438 0.106611 0.0170017 0.00170017
 0.7925 0.1577 0.0466 0.003 0.0002
 0.840416 0.127587 0.0312969 0.00059994 9.999e-05
 0.8084 0.0986 0.0794 0.0134 0.0002
 0.7335 0.1905 0.0724 0.0035 0.0001
 0.4001 0.4547 0.1325 0.0127 0
 0.49795 0.308269 0.164784 0.0264974 0.00249975
 0.9179 0.0499 0.0305 0.0017 0
 0.2467 0.6533 0.0926 0.0074 0
 0.9418 0.0223 0.034 0.0019 0
 0.707729 0.231977 0.0356964 0.0245975 0
 0.517169 0.277429 0.184464 0.0207286 0.00020938
 0.811772 0.124168 0.05621 0.00726502 0.000585176
 0.764997 0.148141 0.077277 0.00933861 0.000247198
 0.163321 0.427699 0.378323 0.0303852 0.000271297
 0.753843 0.0900009 0.118128 0.0371064 0.000921714
 0.721811 0.176058 0.0630433 0.0369309 0.00215725
 0.143369 0.312575 0.442814 0.0836902 0.0175525
 0.692698 0.0596174 0.167031 0.0765114 0.00414204
 0.394062 0.376323 0.152708 0.0712218 0.00568511
 0.125707 0.32114 0.495352 0.0537591 0.00404204
 0.23352 0.215282 0.420074 0.123614 0.00750983
pf_pred 
 0.626694 0.235974 0.0868101 0.0319357 0.0185858
 0.161148 0.654156 0.11675 0.04295 0.0249959
 0.358095 0.187288 0.354521 0.063273 0.0368234
 0.750023 0.135718 0.0333373 0.0631047 0.0178172
 0.478294 0.453128 0.0372325 0.00914568 0.0221999
 0.58267 0.272459 0.125827 0.0103389 0.00870424
 0.398624 0.449628 0.0990709 0.045753 0.00692443
 0.270838 0.435758 0.219368 0.0483354 0.0257006
 0.328172 0.28911 0.228718 0.11514 0.0388596
 0.561917 0.224449 0.0919339 0.0727298 0.0489703
 0.690169 0.229204 0.0413084 0.0169198 0.0223981
 0.589883 0.336718 0.0542983 0.00978592 0.00931439
 0.585975 0.317977 0.078858 0.0127164 0.00447321
 0.540184 0.350895 0.0836532 0.0207459 0.00452224
 0.62813 0.27558 0.0734813 0.0175179 0.00529143
 0.82044 0.142144 0.0277281 0.00739348 0.00229501
 0.428524 0.522087 0.0390974 0.00762677 0.00266488
 0.776123 0.137975 0.078478 0.00587698 0.001547
 0.551091 0.396466 0.0323206 0.0183834 0.00173906
 0.46339 0.393314 0.126556 0.0103171 0.0064233
 0.613818 0.252678 0.0978525 0.0314859 0.00416483
 0.608221 0.303002 0.0580868 0.0224947 0.00819553
 0.218453 0.60432 0.137067 0.0262764 0.0138832
 0.644645 0.131521 0.173076 0.0392558 0.0115016
 0.498319 0.397494 0.0385609 0.0507445 0.0148817
 0.349392 0.439149 0.167544 0.0162535 0.0276615
 0.626485 0.196577 0.11943 0.0455651 0.0119431
 0.510804 0.380593 0.0571565 0.0347255 0.016721
 0.281918 0.491792 0.176053 0.0264392 0.0237979
 0.410366 0.264212 0.222871 0.0797839 0.0227665
pobs_RECLAS
 0 0 0 0 0
 0 0 0 0 0
 0 0 0 0 0
 0 0 0 0 0
 0 0 0 0 0
 0 0 0 0 0
 0 0 0 0 0
 0 0 0 0 0
 0 0 0 0 0
 0 0 0 0 0
 0.991045 0.00858322 0.000360255 1.14367e-05 0
 0.934742 0.0480273 0.0164251 0.00080598 0
 0.827803 0.169806 0.00239088 0 0
 0.941827 0.0461693 0.0120037 0 0
 0.791401 0.0380133 0.147996 0.0225897 0
 0.846168 0.0940531 0.0597789 0 0
 0.134021 0.677848 0.182769 0.00536245 0
 0.80878 0.0450904 0.141981 0.00414843 0
 0.846168 0.0940531 0.0597789 0 0
 0.905697 0.0802665 0.012482 0.00150086 5.37128e-05
 0.989698 0.0102097 9.19794e-05 0 0
 0.975433 0.0193895 0.00387452 0.00125025 5.28907e-05
 0.303575 0.632131 0.0575291 0.00676475 0
 0.966965 0.00978017 0.0227588 0.000495775 0
 0.843318 0.132988 0.00938335 0.0141283 0.000182051
 0.564624 0.303363 0.111486 0.0197234 0.00080311
 0.826376 0.0876187 0.0782897 0.00655872 0.00115652
 0.89761 0.0855135 0.0140674 0.00269457 0.000114338
 0.34875 0.467042 0.161289 0.0227151 0.000203297
 0.318654 0.224769 0.449479 0.00709798 0
ppred_RECLAS
 0.628646 0.234741 0.0863563 0.0317687 0.0184886
 0.162669 0.652969 0.116538 0.0428721 0.0249506
 0.360383 0.18662 0.353257 0.0630474 0.0366921
 0.753041 0.134079 0.0329348 0.0623429 0.0176021
 0.479234 0.452312 0.0371654 0.00912921 0.02216
 0.584946 0.270974 0.125141 0.0102826 0.00865678
 0.403322 0.446115 0.0982969 0.0453955 0.00687034
 0.27132 0.43547 0.219223 0.0483035 0.0256836
 0.330766 0.287994 0.227835 0.114696 0.0387095
 0.566195 0.222257 0.091036 0.0720195 0.048492
 0.691105 0.228512 0.0411837 0.0168688 0.0223305
 0.595949 0.331738 0.0534953 0.00964119 0.00917663
 0.591492 0.31374 0.0778072 0.012547 0.00441361
 0.54958 0.343724 0.0819437 0.0203219 0.00442983
 0.632864 0.272071 0.0725457 0.0172949 0.00522405
 0.824271 0.139111 0.0271365 0.00723573 0.00224604
 0.431222 0.519622 0.0389129 0.00759077 0.0026523
 0.778596 0.136451 0.077611 0.00581204 0.00152991
 0.55582 0.392289 0.0319801 0.0181898 0.00172074
 0.467183 0.390533 0.125661 0.0102441 0.0063779
 0.616529 0.250905 0.0971656 0.0312648 0.0041356
 0.611945 0.300122 0.0575346 0.0222809 0.00811763
 0.219777 0.603296 0.136835 0.0262319 0.0138597
 0.646432 0.13086 0.172206 0.0390584 0.0114438
 0.500025 0.396142 0.0384297 0.0505719 0.014831
 0.350552 0.438366 0.167245 0.0162245 0.0276122
 0.628055 0.19575 0.118928 0.0453736 0.0118929
 0.512324 0.379411 0.056979 0.0346176 0.0166691
 0.282939 0.491093 0.175802 0.0264016 0.023764
 0.411997 0.263481 0.222255 0.0795632 0.0227035
pobs_PELACES
 0 0 0 0 0
 0 0 0 0 0
 0 0 0 0 0
 0 0 0 0 0
 0 0 0 0 0
 0 0 0 0 0
 0 0 0 0 0
 0 0 0 0 0
 0 0 0 0 0
 0 0 0 0 0
 0 0 0 0 0
 0 0 0 0 0
 0 0 0 0 0
 0 0 0 0 0
 0 0 0 0 0
 0 0 0 0 0
 0.505614 0.472636 0.0217494 0 0
 0 0 0 0 0
 0.443492 0.261883 0.143347 0.151278 0
 0.227955 0.32914 0.350689 0.0885471 0.00366901
 0.970185 0.0296113 0.000203453 0 0
 0.997202 0.00247181 0.000326279 0 0
 0.445219 0.490057 0.0546422 0.010081 0
 0.90214 0.0892962 0.00764917 0.000914606 0
 0 0 0 0 0
 0.581667 0.319106 0.0959925 0.00289975 0.000334073
 0.762889 0.0836404 0.116647 0.0363945 0.000428098
 0.88444 0.0763242 0.0277011 0.0115352 0
 0.521256 0.241999 0.230069 0.00667565 0
 0.616807 0.101726 0.260614 0.0208532 0
ppred_PELACES
 0.635564 0.230368 0.0847475 0.0311769 0.0181442
 0.168001 0.648812 0.115796 0.0425991 0.0247917
 0.368433 0.184272 0.348811 0.0622539 0.0362303
 0.762747 0.128809 0.0316404 0.0598927 0.0169103
 0.482795 0.449219 0.0369113 0.00906678 0.0220084
 0.592925 0.265764 0.122735 0.0100849 0.00849036
 0.418343 0.434885 0.0958224 0.0442528 0.00669738
 0.27319 0.434353 0.21866 0.0481795 0.0256177
 0.339732 0.284135 0.224783 0.113159 0.0381909
 0.579968 0.215201 0.0881458 0.0697331 0.0469525
 0.694602 0.225925 0.0407173 0.0166777 0.0220776
 0.614143 0.3168 0.0510864 0.00920705 0.00876341
 0.608373 0.300776 0.074592 0.0120285 0.00423123
 0.575461 0.323974 0.0772353 0.0191542 0.00417529
 0.647617 0.261139 0.0696306 0.0165999 0.00501414
 0.835396 0.130304 0.0254186 0.00677766 0.00210386
 0.440567 0.511085 0.0382735 0.00746605 0.00260872
 0.786703 0.131455 0.0747694 0.00559924 0.00147389
 0.570809 0.379051 0.0309009 0.0175759 0.00166267
 0.479737 0.381332 0.122701 0.0100028 0.00622763
 0.625789 0.244846 0.0948194 0.0305099 0.00403574
 0.624102 0.290719 0.0557322 0.0215829 0.00786332
 0.224577 0.599585 0.135993 0.0260705 0.0137744
 0.652809 0.128499 0.1691 0.0383539 0.0112374
 0.506222 0.391232 0.0379534 0.0499452 0.0146472
 0.354879 0.435445 0.166131 0.0161164 0.0274282
 0.633742 0.192757 0.11711 0.0446798 0.011711
 0.517894 0.375077 0.0563282 0.0342223 0.0164787
 0.286759 0.488477 0.174866 0.0262609 0.0236374
 0.417945 0.260816 0.220007 0.0787585 0.0224739
pobs_pel_tallas
 0 0 0 0 0 0 0 0 0 0 0 0 0 0 0 0 0 0 0 0 0 0 0 0 0 0
 0 0 0 0 0 0 0 0 0 0 0 0 0 0 0 0 0 0 0 0 0 0 0 0 0 0
 0 0 0 0 0 0 0 0 0 0 0 0 0 0 0 0 0 0 0 0 0 0 0 0 0 0
 0 0 0 0 0 0 0 0 0 0 0 0 0 0 0 0 0 0 0 0 0 0 0 0 0 0
 0 0 0 0 0 0 0 0 0 0 0 0 0 0 0 0 0 0 0 0 0 0 0 0 0 0
 0 0 0 0 0 0 0 0 0 0 0 0 0 0 0 0 0 0 0 0 0 0 0 0 0 0
 0 0 0 0 0 0 0 0 0 0 0 0 0 0 0 0 0 0 0 0 0 0 0 0 0 0
 0 0 0 0 0 0 0 0 0 0 0 0 0 0 0 0 0 0 0 0 0 0 0 0 0 0
 0 0 0 0 0 0 0 0 0 0 0 0 0 0 0 0 0 0 0 0 0 0 0 0 0 0
 0 0 0 0 0 0 0 0 0 0 0 0 0 0 0 0 0 0 0 0 0 0 0 0 0 0
 0 0 0 0 0 0 0 0 0 0 0 0 0 0 0 0 0 0 0 0 0 0 0 0 0 0
 0 0 0 0 0 0 0 0 0 0 0 0 0 0 0 0 0 0 0 0 0 0 0 0 0 0
 0.00862536 0 0 0.000197151 0.00414017 0.0128641 0.00837892 0.0270097 0.101434 0.158115 0.152841 0.127902 0.109271 0.109419 0.0830992 0.0579132 0.0238553 0.00714673 0.00463305 0.00128148 0.00103504 0.000492878 0.000147863 0.000147863 4.92878e-05 0
 0 0 0 0 0 0 0 0 0 0 0 0 0 0 0 0 0 0 0 0 0 0 0 0 0 0
 0 0 0 0 0 0 0 0.0054083 0.00873648 0.0413646 0.0450493 0.0745869 0.0622846 0.0627006 0.0613931 0.0827291 0.12552 0.122667 0.0946155 0.0697135 0.0546179 0.0294188 0.0215738 0.0213955 0.0102223 0.00600262
 0 0 0 0 0.00359764 0.0251062 0.0480494 0.140153 0.205849 0.193036 0.1447 0.116669 0.0760912 0.0342217 0.00950174 0.001854 0.000860785 0 0 0 0.000165536 0 0.000143464 0 0 0
 0 0 0 0 0 0 0 0.000145254 0.000435761 0.0275982 0.070085 0.0708112 0.156366 0.174668 0.174014 0.160142 0.0824315 0.0480064 0.0283245 0.00493863 0.00203355 0 0 0 0 0
 0 0 0 0 0 0 0 0 0 0 0 0 0 0 0 0 0 0 0 0 0 0 0 0 0 0
 0 0 1.00437e-05 0.000401748 0.00122533 0.00171747 0.00176769 0.0269171 0.070346 0.194647 0.189555 0.159765 0.064822 0.0314167 0.0384472 0.0292271 0.0345202 0.0313363 0.0194345 0.0106764 0.0143323 0.0359363 0.0279516 0.0138201 0.00172751 0
 0 0.0021121 0.0136068 0.0755702 0.200478 0.177729 0.0527432 0.0373336 0.0318909 0.0142505 0.0149659 0.0166563 0.0217959 0.0798694 0.0677717 0.0528807 0.04013 0.0224614 0.0357745 0.0225083 0.00881397 0.00855152 0.00135912 0.000746735 0 0
 0 0 0 0 5.4009e-05 0.00500934 0.000945158 0.0243581 0.138947 0.33067 0.221406 0.137944 0.0707744 0.0437923 0.0131692 0.00525238 0.0047753 0.00276346 9.45158e-05 9.00151e-06 2.25038e-05 9.00151e-06 4.50075e-06 0 0 0
 0.000866109 0.00284123 0.00948549 0.0512746 0.133035 0.25785 0.225252 0.132002 0.0553304 0.0519788 0.0540692 0.017754 0.00435017 0.00159236 0.00146478 0.000404838 0.000125132 0.000115318 0.000107957 0.000100596 0 0 0 0 0 0
 0 0 0 0 0.00144013 0.00171154 0.00461396 0.0210425 0.0478622 0.0707936 0.0888783 0.103762 0.0637923 0.0337046 0.0602308 0.124433 0.169614 0.0934646 0.0462172 0.0250306 0.0313229 0.00938855 0.002487 0.000210481 0 0
 0 0.00764035 0.051015 0.0998891 0.058973 0.0496711 0.0374665 0.0718981 0.12319 0.153886 0.159021 0.0857701 0.0377988 0.023471 0.0147837 0.00900784 0.00315554 0.000888139 0.00291439 0.00214683 0.00393193 0.00274676 0.000635225 9.99891e-05 0 0
 0 0 0 0 0 0 0 0 0 0 0 0 0 0 0 0 0 0 0 0 0 0 0 0 0 0
 0 0 0 0 0 0 0 0 0 0 0 0 0 0 0 0 0 0 0 0 0 0 0 0 0 0
 0 0 0 0 0 0 0 0 0 0 0 0 0 0 0 0 0 0 0 0 0 0 0 0 0 0
 0 0 0 0 0 0 0 0 0 0 0 0 0 0 0 0 0 0 0 0 0 0 0 0 0 0
 0 0 0 0 0 0 0 0 0 0 0 0 0 0 0 0 0 0 0 0 0 0 0 0 0 0
 0 0 0 0 0 0 0 0 0 0 0 0 0 0 0 0 0 0 0 0 0 0 0 0 0 0
ppred_pel_tallas
 1.08702e-16 5.23506e-05 0.000508866 0.0033816 0.0153723 0.0478289 0.101905 0.148739 0.148761 0.102014 0.0481952 0.0164312 0.00604436 0.00633711 0.011167 0.0184996 0.0269321 0.0344828 0.0391676 0.0400901 0.0379445 0.0344496 0.0311877 0.0287797 0.0268941 0.0248339
 1.11976e-16 1.38382e-05 0.000134512 0.000893883 0.0040635 0.0126434 0.0269404 0.0393334 0.039396 0.0272462 0.0136704 0.00703048 0.00834393 0.0164065 0.0309428 0.0512014 0.073922 0.0933201 0.103507 0.101795 0.0902878 0.0743929 0.0594946 0.0483898 0.0409798 0.03565
 1.22488e-16 3.03474e-05 0.000294987 0.0019603 0.00891123 0.0277262 0.0590744 0.0862246 0.0862429 0.059164 0.0280286 0.00979133 0.00419501 0.0052582 0.00970576 0.0166509 0.025514 0.0352987 0.0449371 0.0538612 0.062081 0.0696 0.075733 0.0790612 0.0781582 0.072497
 1.09815e-16 6.28265e-05 0.000610696 0.00405829 0.0184484 0.0573999 0.122297 0.178499 0.178511 0.122358 0.0576045 0.0190401 0.00554588 0.00386668 0.00627295 0.0103441 0.0150776 0.0193732 0.0221867 0.023121 0.0226876 0.0219422 0.0217646 0.0223391 0.0231581 0.0234308
 1.05814e-16 3.97673e-05 0.000386552 0.00256878 0.0116773 0.0363327 0.0774122 0.112994 0.113038 0.0776236 0.0370422 0.0137262 0.00770993 0.0116037 0.0213256 0.0351477 0.0505252 0.0633293 0.0693876 0.0668032 0.0571133 0.0442871 0.0323901 0.0237091 0.0184127 0.0154139
 1.06059e-16 4.88385e-05 0.000474728 0.00315473 0.014341 0.0446202 0.0950691 0.138762 0.138787 0.095195 0.0450433 0.0155645 0.00623245 0.00721452 0.0129107 0.0214275 0.0312361 0.0400572 0.0455701 0.0466597 0.0439946 0.0394075 0.0346258 0.0304006 0.0265595 0.0226437
 1.08448e-16 3.44584e-05 0.000334948 0.00222585 0.0101184 0.0314824 0.0670781 0.0979113 0.0979532 0.0672833 0.0321714 0.0121095 0.00722687 0.0112631 0.0208214 0.0344536 0.0498339 0.0631081 0.0703671 0.0698207 0.0628377 0.0529337 0.0435581 0.0364228 0.0313596 0.0272905
 1.15589e-16 2.25024e-05 0.000218731 0.00145355 0.00660764 0.020559 0.0438048 0.0639432 0.0639853 0.0440107 0.0212513 0.00861049 0.00649365 0.0112634 0.0211222 0.0352087 0.0514806 0.0663452 0.0761186 0.0790734 0.0763411 0.07085 0.0652222 0.060369 0.0556463 0.0499984
 1.24371e-16 2.79833e-05 0.000272008 0.00180759 0.00821706 0.0255665 0.0544731 0.0795109 0.0795386 0.0546087 0.0260227 0.00953907 0.0051425 0.00760725 0.0141226 0.0237369 0.0352221 0.0464956 0.0554544 0.061196 0.0644558 0.066783 0.0691438 0.0711406 0.0713827 0.0685325
 1.17538e-16 4.77712e-05 0.000464353 0.00308579 0.0140276 0.0436451 0.0929913 0.135728 0.135749 0.0930933 0.0439879 0.0150195 0.00558186 0.00593468 0.0105014 0.0174596 0.0255698 0.0330832 0.0382855 0.0404942 0.040478 0.0398552 0.0399396 0.0409426 0.0420309 0.0420043
 1.06642e-16 5.72135e-05 0.000556136 0.00369572 0.0168002 0.0522718 0.111371 0.162554 0.162576 0.111478 0.0526295 0.0178337 0.00629097 0.00622548 0.0108362 0.0178564 0.0257977 0.0326215 0.0363006 0.0359332 0.0322877 0.0272699 0.0227467 0.0196382 0.0178082 0.0165626
 1.03962e-16 5.05862e-05 0.000491716 0.00326763 0.0148542 0.046217 0.0984714 0.143728 0.143759 0.0986207 0.0467182 0.0163019 0.00690212 0.00842754 0.0151272 0.0249415 0.0359556 0.0452814 0.0500057 0.0487833 0.042627 0.0341978 0.0261904 0.0200765 0.0159314 0.013072
 1.04152e-16 5.01109e-05 0.000487096 0.00323693 0.0147146 0.0457828 0.0975461 0.142377 0.142407 0.097688 0.0462594 0.0160921 0.00669695 0.00804839 0.0144339 0.0238439 0.0344853 0.0436615 0.0486442 0.0481557 0.0430914 0.0358393 0.0287774 0.0231448 0.0189459 0.0155904
 1.0494e-16 4.74001e-05 0.000460745 0.00306182 0.0139186 0.0433061 0.0922693 0.134676 0.134708 0.0924222 0.0438195 0.0154021 0.00678816 0.00860374 0.015537 0.0256753 0.0371326 0.0470119 0.0523811 0.051876 0.0464778 0.0387737 0.0313299 0.0254664 0.0211519 0.0177025
 1.0459e-16 5.33434e-05 0.000518517 0.00344573 0.0156638 0.048736 0.103838 0.15156 0.151585 0.103961 0.0491501 0.0168605 0.00645216 0.00709031 0.01256 0.0207471 0.0300393 0.038106 0.0425988 0.0424247 0.0383631 0.0324656 0.0267489 0.0222225 0.0188221 0.0159867
 1.01803e-16 6.88105e-05 0.000668862 0.00444482 0.0202055 0.062867 0.133945 0.1955 0.195512 0.134007 0.0630733 0.0208016 0.00594151 0.00393807 0.00628336 0.0102938 0.0148573 0.0187578 0.0208039 0.0204452 0.0180892 0.0148056 0.0116662 0.0092386 0.00752939 0.0062566
 1.02426e-16 3.6289e-05 0.000352742 0.0023441 0.010656 0.0331549 0.0706419 0.103114 0.103163 0.0708823 0.0339619 0.0129862 0.00819048 0.0131063 0.0242305 0.0399294 0.0573491 0.0717648 0.0783817 0.0749846 0.0632705 0.0477325 0.0330287 0.0218675 0.0146169 0.010253
 1.03003e-16 6.47997e-05 0.000629876 0.00418575 0.0190278 0.0592027 0.126138 0.184105 0.184118 0.1262 0.0594123 0.0196346 0.00571299 0.00397764 0.00646305 0.0106867 0.0156309 0.0201589 0.0231377 0.0240116 0.0230726 0.0211514 0.0190082 0.0169374 0.0148297 0.0125027
 1.03033e-16 4.70169e-05 0.000457021 0.00303707 0.0138061 0.042956 0.0915237 0.133589 0.133626 0.0917021 0.0435547 0.0155349 0.0073751 0.00992175 0.018007 0.0296555 0.0426243 0.0534135 0.0584914 0.05624 0.047931 0.0368844 0.0265078 0.0187295 0.0137267 0.0106584
 1.05696e-16 3.95154e-05 0.000384104 0.0025525 0.0116033 0.0361025 0.0769215 0.112277 0.112314 0.0771017 0.0367077 0.0133527 0.00694881 0.0099979 0.0183464 0.0303938 0.0440712 0.0560241 0.0628276 0.062855 0.057169 0.0486567 0.0401606 0.0331138 0.0274818 0.0225968
 1.06542e-16 5.15454e-05 0.00050104 0.00332959 0.0151358 0.0470933 0.100338 0.146452 0.146475 0.100454 0.0474826 0.0162616 0.00616033 0.0066971 0.0118677 0.0196663 0.0286264 0.0366338 0.0415566 0.0424022 0.039855 0.0356896 0.0315639 0.0281714 0.0252659 0.022269
 1.05178e-16 5.14065e-05 0.00049969 0.00332062 0.0150951 0.0469665 0.100068 0.146058 0.146086 0.100205 0.0474268 0.0164249 0.00666026 0.00779494 0.0139207 0.0229704 0.0331758 0.0419158 0.0465539 0.0458837 0.0408347 0.0338051 0.0271756 0.0221733 0.0187461 0.0161874
 1.09024e-16 1.84982e-05 0.000179809 0.0011949 0.00543187 0.0169009 0.0360112 0.0525716 0.0526295 0.0362941 0.0178507 0.00817649 0.00808829 0.0152415 0.0286626 0.0474584 0.0686038 0.0867739 0.096529 0.095338 0.0850327 0.0704468 0.0563992 0.0454065 0.0374605 0.0312994
 1.10661e-16 5.37711e-05 0.000522674 0.00347335 0.0157894 0.0491266 0.10467 0.152772 0.152784 0.104732 0.049335 0.0163944 0.00500406 0.0039042 0.0065935 0.0111235 0.0167411 0.02257 0.0277217 0.0317521 0.034799 0.037212 0.0390158 0.0397257 0.0386709 0.0355138
 1.08683e-16 4.16969e-05 0.000405309 0.00269342 0.0122439 0.0380956 0.0811681 0.118475 0.118513 0.0813523 0.0387141 0.0140301 0.00717668 0.0101916 0.0186266 0.0307276 0.0442693 0.055711 0.0614979 0.060057 0.0527712 0.0430625 0.0343261 0.0283019 0.0248335 0.0227144
 1.11164e-16 2.9231e-05 0.000284136 0.00188818 0.00858344 0.0267065 0.0569026 0.0830598 0.0831019 0.0571085 0.0273986 0.0105845 0.00691916 0.0112935 0.0210166 0.0349036 0.050757 0.0648333 0.0733038 0.0743688 0.0692392 0.0611184 0.0530678 0.0464833 0.0410902 0.035958
 1.09892e-16 5.22005e-05 0.000507408 0.0033719 0.0153282 0.0476918 0.101613 0.148311 0.14833 0.101705 0.0479998 0.0162199 0.00561794 0.00543598 0.00948773 0.015801 0.0232258 0.0302015 0.0351639 0.0373979 0.0373976 0.0363636 0.0352677 0.0342673 0.032846 0.0303958
 1.07943e-16 4.26583e-05 0.000414654 0.00275552 0.0125262 0.0389739 0.0830394 0.121206 0.121242 0.0832161 0.0395674 0.0142405 0.00705962 0.00981374 0.0179033 0.0295583 0.042647 0.0537936 0.0595975 0.0585291 0.0518506 0.0427463 0.0343742 0.0283536 0.0245693 0.0219792
 1.11805e-16 2.36201e-05 0.000229595 0.00152574 0.00693584 0.0215802 0.0459807 0.0671201 0.0671673 0.0462117 0.0223562 0.00917941 0.0071657 0.0125692 0.0235395 0.0390898 0.0568032 0.0724703 0.0817832 0.0827232 0.0766712 0.0672662 0.0579976 0.0504755 0.0444063 0.0387287
 1.18118e-16 3.44256e-05 0.000334629 0.00222373 0.0101088 0.0314523 0.0670133 0.0978132 0.0978387 0.0671378 0.0318712 0.0113229 0.00528678 0.00707254 0.0129823 0.0218067 0.032351 0.0426745 0.0507989 0.0558149 0.0582927 0.0595608 0.0604808 0.0607847 0.0594307 0.0555117
pSPR Fmed_Fpbrs
0.708069   0.285403 0.285403
Fs Fmed_Fpbrs
0.220093   1.005 1.005
SSBpbr Bo_Bmed_Bpbrs
2.07674e+06  1.36664e+06  488871 488871
Ro
214207
SPR SPRFo_SPRFmed_SPRFpbrs
1.52481e+06 1.07967e+06 435186
Fref
1.005
log_Ro
12.0947
likeval ReclasPelacesDesembMPH_pf_preclas_ppelaces_ptallas_desvR_qrecl_qpela
 22.7411 17.3256 1.15106 0.00319501 238.951 122.652 82.1171 0 22.7508 0 0 5.7727 0 0 0
q_reclas_q_pelaces
1 1
M
1
N
 483041 94343.7 34707.1 12768 7430.7
 76305.4 162382 28981 10661.5 6204.76
 91490.7 24969.6 47265.3 8435.66 4909.36
 314064 30293 7441.09 14085.4 3976.9
 204104 98423.8 8087.26 1986.53 4822.04
 295334 71909 33209.1 2728.71 2297.27
 161823 98320.2 21663.8 10004.8 1514.17
 60591.5 49325.1 24831 5471.26 2909.15
 46815.9 21662 17137 8627.06 2911.61
 71326.2 15245.9 6244.68 4940.23 3326.34
 130531 22124.2 3987.33 1633.2 2162
 146260 45686.6 7367.32 1327.78 1263.8
 144791 42718.7 10594.2 1708.39 600.955
 117356 43040.2 10260.8 2544.66 554.691
 132520 31388.6 8369.52 1995.29 602.693
 422251 40150.1 7832.12 2088.37 648.253
 191690 122339 9161.62 1787.16 624.454
 667252 62846.9 35746.3 2676.93 704.65
 548951 212459 17320 9851.35 931.932
 372189 167896 54023.8 4404.11 2741.96
 544223 117543 45519.7 14646.8 1937.43
 670274 177704 34066.5 13192.6 4806.49
 147362 210951 47846.2 9172.32 4846.22
 471902 49835.7 65581.7 14874.7 4358.17
 387745 159473 15470.4 20358.5 5970.45
 205639 132321 50483.3 4897.38 8334.78
 441695 71427.8 43396.1 16556.5 4339.62
 393983 150899 22661.7 13768.1 6629.64
 151725 135468 48494.9 7282.85 6555.29
 158906 52733.2 44482.1 15923.8 4543.89
pred_Ctot
 26517.3 9984.79 3673.2 1351.29 786.422
 5380.75 21842.4 3898.31 1434.11 834.617
 5831.2 3049.79 5773.01 1030.34 599.631
 29793.7 5391.2 1324.28 2506.75 707.763
 5477.96 5189.73 426.428 104.747 254.259
 17890.6 8365.71 3863.46 317.451 267.259
 17808 20086.6 4425.88 2043.96 309.341
 1082.25 1741.27 876.583 193.146 102.699
 3430.63 3022.29 2390.97 1203.65 406.229
 7170.32 2864.07 1173.12 928.066 624.883
 4025.5 1336.86 240.936 98.687 130.64
 19412.7 11081.2 1786.93 322.049 306.531
 17877.9 9701.37 2405.93 387.974 136.476
 20779.8 13498.2 3217.97 798.053 173.962
 15014.9 6587.51 1756.51 418.751 126.487
 57813.5 10016.4 1953.9 520.993 161.721
 13307 16212.4 1214.09 236.834 82.7524
 57392.4 10202.9 5803.26 434.588 114.397
 59397.8 42732 3483.58 1981.41 187.44
 33714.5 28616 9207.73 750.63 467.335
 39048.6 16074.4 6224.98 2003 264.95
 62006.4 30890.2 5921.78 2293.27 835.511
 7571.02 20944.1 4750.39 910.67 481.154
 24449.6 4988.23 6564.3 1488.86 436.225
 17845.7 14234.9 1380.93 1817.25 532.938
 7289.35 9161.94 3495.47 339.095 577.101
 20037.8 6287.39 3819.91 1457.37 381.992
 16363.8 12192.4 1831.03 1112.44 535.664
 5322.46 9284.8 3323.79 499.158 449.292
 7230.49 4655.31 3926.91 1405.76 401.137
F
 0.0901514 0.180303 0.180303 0.180303 0.180303
 0.117087 0.234174 0.234174 0.234174 0.234174
 0.10532 0.21064 0.21064 0.21064 0.21064
 0.160314 0.320627 0.320627 0.320627 0.320627
 0.0432297 0.0864595 0.0864595 0.0864595 0.0864595
 0.0998784 0.199757 0.199757 0.199757 0.199757
 0.188068 0.376136 0.376136 0.376136 0.376136
 0.0285953 0.0571906 0.0571906 0.0571906 0.0571906
 0.121915 0.243831 0.243831 0.243831 0.243831
 0.170593 0.341186 0.341186 0.341186 0.341186
 0.0498086 0.0996172 0.0996172 0.0996172 0.0996172
 0.23075 0.4615 0.4615 0.4615 0.4615
 0.213155 0.42631 0.42631 0.42631 0.42631
 0.318769 0.637538 0.637538 0.637538 0.637538
 0.194105 0.38821 0.38821 0.38821 0.38821
 0.238802 0.477603 0.477603 0.477603 0.477603
 0.115176 0.230352 0.230352 0.230352 0.230352
 0.144419 0.288839 0.288839 0.288839 0.288839
 0.184662 0.369324 0.369324 0.369324 0.369324
 0.152601 0.305202 0.305202 0.305202 0.305202
 0.119243 0.238486 0.238486 0.238486 0.238486
 0.156063 0.312125 0.312125 0.312125 0.312125
 0.0841638 0.168328 0.168328 0.168328 0.168328
 0.0849002 0.1698 0.1698 0.1698 0.1698
 0.075115 0.15023 0.15023 0.15023 0.15023
 0.0574321 0.114864 0.114864 0.114864 0.114864
 0.0740063 0.148013 0.148013 0.148013 0.148013
 0.0675766 0.135153 0.135153 0.135153 0.135153
 0.0568221 0.113644 0.113644 0.113644 0.113644
 0.0742354 0.148471 0.148471 0.148471 0.148471
nmprior
 8 8 7 0
nm_flota  nm_reclas  nm_pelaces    nm_pelaL
inf 6.76903 7.52461 11.2663
cv_recla  cv_pelaces  cv_mph
0.441501 0.489789 1.74438
 ------------------------------------------------
Talla a la edad & desviación 
 8 13.2811 15.8009 17.003 17.5766
 0.8 1.32811 1.58009 1.7003 1.75766
