years
 1991 1992 1993 1994 1995 1996 1997 1998 1999 2000 2001 2002 2003 2004 2005 2006 2007 2008 2009 2010 2011 2012 2013 2014 2015 2016 2017 2018 2019 2020
reclasobs
 0 0 0 0 0 0 0 0 0 252601 567819 844713 477998 351125 339783 2.1784e+06 2.13404e+06 4.81314e+06 1.55562e+06 2.62356e+06 3.21686e+06 3.843e+06 1.13348e+06 3.07943e+06 1.97215e+06 2.03268e+06 2.025e+06 2.42433e+06 2.27542e+06 1.05018e+06
reclaspred
 3.06795e+06 2.42385e+06 1.39545e+06 1.24608e+06 1.54948e+06 2.15824e+06 1.74112e+06 1.59489e+06 1.20785e+06 951889 702797 793861 793538 682635 758511 1.24546e+06 1.83635e+06 2.74723e+06 2.4774e+06 2.07187e+06 3.51698e+06 2.71416e+06 2.71327e+06 3.33694e+06 2.88562e+06 2.78673e+06 2.90529e+06 2.77157e+06 3.09499e+06 2.45533e+06
pelacesobs
 0 0 0 0 0 0 0 0 0 0 0 0 0 0 0 552880 188675 0 991730 2.46772e+06 1.41603e+06 1.21717e+06 2.29649e+06 1.80582e+06 0 1.4828e+06 1.56532e+06 1.57751e+06 1.42118e+06 867257
pelacespred
 1.33411e+06 1.17841e+06 714277 564522 698020 975112 815153 817190 652987 483399 388805 346189 365325 340715 395294 539973 775659 1.22592e+06 1.23701e+06 979826 1.4518e+06 1.36266e+06 1.28847e+06 1.68932e+06 1.50823e+06 1.38755e+06 1.62034e+06 1.59996e+06 1.43777e+06 1.26491e+06
mphobs
 0 0 0 0 0 0 0 0 0 0 0 498337 0 5186 125008 0 168611 109162 213762 579715 649985 157893 87575 83554 0 0 0 0 0 0
mphpred
 2.32045e+06 2.51044e+06 1.47428e+06 890588 1.12171e+06 1.41085e+06 1.75466e+06 1.2373e+06 1.14783e+06 890279 601370 608165 618438 544782 464723 680176 1.29247e+06 1.64304e+06 2.11839e+06 1.77664e+06 2.11571e+06 2.42714e+06 2.2388e+06 2.12296e+06 2.73104e+06 2.23179e+06 2.07922e+06 2.1726e+06 2.72527e+06 2.09214e+06
desembarqueobs
 494567 514787 250237 358949 120608 361735 552515 73892 212993 205616 52469 317467 293654 387597 252695 516296 358380 742168 942051 627588 828172 859565 418607 520667 417249 300574 407403 355545 319650 289779
desembarquepred
 494428 507643 253609 359278 120737 361863 552457 73901.1 213001 205698 52540.9 317905 293693 387682 252775 516403 358614 742043 941789 627385 828221 860231 418648 520498 417270 300719 407470 355517 319676 289932
Reclutas
 534133 91038.6 129065 305454 287471 363142 157872 101761 87264.3 95410.5 128841 179237 155056 130464 157838 487437 231046 642652 548937 436363 532608 715678 238774 478000 404950 256462 454758 447874 210420 266718
log_desv_Rt
 0.735459 -1.0339 -0.684869 0.176614 0.115936 0.34961 -0.483401 -0.922556 -1.07624 -0.986996 -0.686609 -0.356478 -0.501398 -0.674088 -0.483617 0.643976 -0.102569 0.920419 0.762798 0.533291 0.732601 1.02805 -0.0696682 0.624427 0.45858 0.00179559 0.574581 0.559328 -0.196079 0.0410078
SSB
 2.32045e+06 2.51044e+06 1.47428e+06 890588 1.12171e+06 1.41085e+06 1.75466e+06 1.2373e+06 1.14783e+06 890279 601370 608165 618438 544782 464723 680176 1.29247e+06 1.64304e+06 2.11839e+06 1.77664e+06 2.11571e+06 2.42714e+06 2.2388e+06 2.12296e+06 2.73104e+06 2.23179e+06 2.07922e+06 2.1726e+06 2.72527e+06 2.09214e+06
BT
 4.07242e+06 3.30463e+06 1.98482e+06 2.03834e+06 2.05076e+06 3.29613e+06 2.56967e+06 2.4087e+06 2.01177e+06 1.50875e+06 1.16476e+06 1.31319e+06 1.3717e+06 1.51696e+06 1.63088e+06 2.31154e+06 2.50952e+06 4.6431e+06 4.66213e+06 3.36006e+06 5.18242e+06 4.77613e+06 3.90725e+06 5.99266e+06 4.40994e+06 4.20121e+06 5.63042e+06 5.37666e+06 3.8801e+06 3.8066e+06
Ftot
 0.15287 0.197518 0.171855 0.271061 0.0743552 0.158998 0.296659 0.044313 0.167008 0.203919 0.0713674 0.372839 0.345373 0.52241 0.312998 0.387338 0.184741 0.254381 0.354579 0.284141 0.22214 0.297094 0.146345 0.148122 0.137265 0.102736 0.133321 0.122045 0.098318 0.112338
BD_Bspro_t
 0.975837 0.864288 0.736182 0.670038 0.715932 0.799046 0.785086 0.683852 0.745928 0.731872 0.707246 0.77642 0.671526 0.594912 0.539633 0.617707 0.67533 0.711224 0.712576 0.646579 0.642064 0.66856 0.681017 0.704781 0.77606 0.782131 0.805568 0.827247 0.850841 0.81674
BD_Bspro
 1.27335 1.3776 0.809014 0.48871 0.615537 0.774204 0.962869 0.678969 0.629871 0.488541 0.330002 0.333731 0.339368 0.298949 0.255017 0.373247 0.709243 0.901619 1.16247 0.974932 1.161 1.33189 1.22854 1.16497 1.49866 1.2247 1.14097 1.19221 1.49549 1.14806
BD_Bo
 1.01068 1.09342 0.642126 0.387897 0.48856 0.614497 0.764243 0.538908 0.499938 0.387762 0.261927 0.264887 0.269362 0.23728 0.202411 0.296251 0.562936 0.715628 0.922668 0.773818 0.921499 1.05714 0.975114 0.924656 1.18951 0.972058 0.905605 0.946277 1.187 0.911236
BD_Brms
 4.29339 4.64491 2.72778 1.6478 2.07542 2.61041 3.24654 2.2893 2.12375 1.64723 1.11268 1.12525 1.14426 1.00798 0.859848 1.25849 2.39138 3.04002 3.91953 3.28721 3.91457 4.49079 4.14232 3.92798 5.05308 4.12934 3.84705 4.01982 5.0424 3.87096
Sel_flota
 0.5 1 1 1 1
 0.5 1 1 1 1
 0.5 1 1 1 1
 0.5 1 1 1 1
 0.5 1 1 1 1
 0.5 1 1 1 1
 0.5 1 1 1 1
 0.5 1 1 1 1
 0.5 1 1 1 1
 0.5 1 1 1 1
 0.5 1 1 1 1
 0.5 1 1 1 1
 0.5 1 1 1 1
 0.5 1 1 1 1
 0.5 1 1 1 1
 0.5 1 1 1 1
 0.5 1 1 1 1
 0.5 1 1 1 1
 0.5 1 1 1 1
 0.5 1 1 1 1
 0.5 1 1 1 1
 0.5 1 1 1 1
 0.5 1 1 1 1
 0.5 1 1 1 1
 0.5 1 1 1 1
 0.5 1 1 1 1
 0.5 1 1 1 1
 0.5 1 1 1 1
 0.5 1 1 1 1
 0.5 1 1 1 1
Sel_reclas
 0.5 1 1 1 1
 0.5 1 1 1 1
 0.5 1 1 1 1
 0.5 1 1 1 1
 0.5 1 1 1 1
 0.5 1 1 1 1
 0.5 1 1 1 1
 0.5 1 1 1 1
 0.5 1 1 1 1
 0.5 1 1 1 1
 0.5 1 1 1 1
 0.5 1 1 1 1
 0.5 1 1 1 1
 0.5 1 1 1 1
 0.5 1 1 1 1
 0.5 1 1 1 1
 0.5 1 1 1 1
 0.5 1 1 1 1
 0.5 1 1 1 1
 0.5 1 1 1 1
 0.5 1 1 1 1
 0.5 1 1 1 1
 0.5 1 1 1 1
 0.5 1 1 1 1
 0.5 1 1 1 1
 0.5 1 1 1 1
 0.5 1 1 1 1
 0.5 1 1 1 1
 0.5 1 1 1 1
 0.5 1 1 1 1
Sel_pelaces
 0.5 1 1 1 1
 0.5 1 1 1 1
 0.5 1 1 1 1
 0.5 1 1 1 1
 0.5 1 1 1 1
 0.5 1 1 1 1
 0.5 1 1 1 1
 0.5 1 1 1 1
 0.5 1 1 1 1
 0.5 1 1 1 1
 0.5 1 1 1 1
 0.5 1 1 1 1
 0.5 1 1 1 1
 0.5 1 1 1 1
 0.5 1 1 1 1
 0.5 1 1 1 1
 0.5 1 1 1 1
 0.5 1 1 1 1
 0.5 1 1 1 1
 0.5 1 1 1 1
 0.5 1 1 1 1
 0.5 1 1 1 1
 0.5 1 1 1 1
 0.5 1 1 1 1
 0.5 1 1 1 1
 0.5 1 1 1 1
 0.5 1 1 1 1
 0.5 1 1 1 1
 0.5 1 1 1 1
 0.5 1 1 1 1
pf_obs 
 0.8446 0.082 0.0669 0.0065 0
 0.8095 0.147 0.0364 0.0071 0
 0.9664 0.0169 0.016 0.0007 0
 0.9276 0.0648 0.0075 0.0001 0
 0.7033 0.2144 0.0806 0.0017 0
 0.9318 0.0425 0.0243 0.0014 0
 0.5671 0.3108 0.0964 0.0239 0.0018
 0.0768 0.2599 0.5324 0.112 0.0189
 0.490249 0.384438 0.106611 0.0170017 0.00170017
 0.7925 0.1577 0.0466 0.003 0.0002
 0.840416 0.127587 0.0312969 0.00059994 9.999e-05
 0.8084 0.0986 0.0794 0.0134 0.0002
 0.7335 0.1905 0.0724 0.0035 0.0001
 0.4001 0.4547 0.1325 0.0127 0
 0.49795 0.308269 0.164784 0.0264974 0.00249975
 0.9179 0.0499 0.0305 0.0017 0
 0.2467 0.6533 0.0926 0.0074 0
 0.9418 0.0223 0.034 0.0019 0
 0.707729 0.231977 0.0356964 0.0245975 0
 0.517169 0.277429 0.184464 0.0207286 0.00020938
 0.811772 0.124168 0.05621 0.00726502 0.000585176
 0.764997 0.148141 0.077277 0.00933861 0.000247198
 0.163321 0.427699 0.378323 0.0303852 0.000271297
 0.753843 0.0900009 0.118128 0.0371064 0.000921714
 0.721811 0.176058 0.0630433 0.0369309 0.00215725
 0.143369 0.312575 0.442814 0.0836902 0.0175525
 0.692698 0.0596174 0.167031 0.0765114 0.00414204
 0.394062 0.376323 0.152708 0.0712218 0.00568511
 0.125707 0.32114 0.495352 0.0537591 0.00404204
 0.23352 0.215282 0.420074 0.123614 0.00750983
pf_pred 
 0.607043 0.248396 0.09138 0.0336168 0.0195642
 0.165828 0.637079 0.124586 0.0458328 0.0266736
 0.39513 0.179383 0.324956 0.063548 0.0369834
 0.681813 0.184196 0.0397369 0.0719842 0.0222697
 0.550377 0.370007 0.0460892 0.00994292 0.0235841
 0.568065 0.3086 0.101496 0.0126426 0.00919672
 0.332539 0.4898 0.126932 0.0417466 0.00898283
 0.348382 0.339702 0.228892 0.0593173 0.0237067
 0.390652 0.316845 0.152488 0.102747 0.0372684
 0.491449 0.291885 0.112661 0.0542203 0.0497853
 0.58108 0.281723 0.0787448 0.0303938 0.0280587
 0.609258 0.288796 0.0685586 0.0191629 0.0142247
 0.541179 0.356634 0.0755259 0.0179295 0.00873154
 0.521122 0.346501 0.102894 0.0217903 0.00769209
 0.62026 0.27289 0.0773134 0.0229583 0.00657829
 0.805604 0.152031 0.0304446 0.00862535 0.00329521
 0.423027 0.521054 0.0437325 0.00875756 0.00342902
 0.726187 0.16639 0.0970123 0.00814233 0.00226896
 0.546316 0.386198 0.0410094 0.0239102 0.00256603
 0.498638 0.365122 0.115975 0.0123151 0.00795078
 0.577759 0.288862 0.0971345 0.0308531 0.00539138
 0.617435 0.285062 0.0667033 0.0224301 0.00836949
 0.296947 0.547802 0.115683 0.0270693 0.012499
 0.585783 0.194128 0.171488 0.0362142 0.0123868
 0.487929 0.382593 0.0606817 0.0536047 0.015192
 0.38504 0.408907 0.153952 0.0244178 0.0276832
 0.594996 0.228197 0.117565 0.0442628 0.0149796
 0.525039 0.357861 0.0659787 0.0339917 0.0171288
 0.325334 0.469713 0.154423 0.0284708 0.0220592
 0.479859 0.259119 0.181728 0.0597448 0.0195497
pobs_RECLAS
 0 0 0 0 0
 0 0 0 0 0
 0 0 0 0 0
 0 0 0 0 0
 0 0 0 0 0
 0 0 0 0 0
 0 0 0 0 0
 0 0 0 0 0
 0 0 0 0 0
 0 0 0 0 0
 0.991045 0.00858322 0.000360255 1.14367e-05 0
 0.934742 0.0480273 0.0164251 0.00080598 0
 0.827803 0.169806 0.00239088 0 0
 0.941827 0.0461693 0.0120037 0 0
 0.791401 0.0380133 0.147996 0.0225897 0
 0.846168 0.0940531 0.0597789 0 0
 0.134021 0.677848 0.182769 0.00536245 0
 0.80878 0.0450904 0.141981 0.00414843 0
 0.846168 0.0940531 0.0597789 0 0
 0.905697 0.0802665 0.012482 0.00150086 5.37128e-05
 0.989698 0.0102097 9.19794e-05 0 0
 0.975433 0.0193895 0.00387452 0.00125025 5.28907e-05
 0.303575 0.632131 0.0575291 0.00676475 0
 0.966965 0.00978017 0.0227588 0.000495775 0
 0.843318 0.132988 0.00938335 0.0141283 0.000182051
 0.564624 0.303363 0.111486 0.0197234 0.00080311
 0.826376 0.0876187 0.0782897 0.00655872 0.00115652
 0.89761 0.0855135 0.0140674 0.00269457 0.000114338
 0.34875 0.467042 0.161289 0.0227151 0.000203297
 0.318654 0.224769 0.449479 0.00709798 0
ppred_RECLAS
 0.608701 0.247348 0.0909943 0.0334749 0.0194816
 0.167111 0.636099 0.124395 0.0457623 0.0266326
 0.397023 0.178821 0.323939 0.063349 0.0368677
 0.684686 0.182533 0.0393782 0.0713344 0.0220687
 0.551172 0.369353 0.0460078 0.00992534 0.0235424
 0.569846 0.307327 0.101077 0.0125905 0.00915879
 0.33582 0.487392 0.126308 0.0415413 0.00893867
 0.348808 0.33948 0.228743 0.0592786 0.0236912
 0.39248 0.315895 0.15203 0.102438 0.0371566
 0.493844 0.290509 0.11213 0.0539648 0.0495508
 0.581829 0.281219 0.0786041 0.0303395 0.0280086
 0.613856 0.285397 0.0677519 0.0189375 0.0140573
 0.54556 0.353229 0.0748048 0.0177583 0.00864818
 0.528443 0.341205 0.101321 0.0214572 0.00757451
 0.623953 0.270236 0.0765616 0.0227351 0.00651432
 0.808759 0.149563 0.0299505 0.00848539 0.00324174
 0.425122 0.519162 0.0435737 0.00872576 0.00341657
 0.728632 0.164904 0.096146 0.00806961 0.00224869
 0.550828 0.382357 0.0406016 0.0236724 0.00254051
 0.502143 0.362569 0.115164 0.012229 0.00789519
 0.580333 0.287101 0.0965424 0.030665 0.00535852
 0.620919 0.282466 0.066096 0.0222259 0.00829329
 0.298334 0.546721 0.115455 0.027016 0.0124743
 0.587413 0.193364 0.170813 0.0360717 0.012338
 0.489474 0.381438 0.0604986 0.0534429 0.0151461
 0.386112 0.408194 0.153684 0.0243752 0.0276349
 0.596439 0.227384 0.117146 0.0441051 0.0149262
 0.526397 0.356839 0.0657901 0.0338945 0.0170798
 0.326282 0.469053 0.154206 0.0284308 0.0220282
 0.481101 0.2585 0.181294 0.0596021 0.019503
pobs_PELACES
 0 0 0 0 0
 0 0 0 0 0
 0 0 0 0 0
 0 0 0 0 0
 0 0 0 0 0
 0 0 0 0 0
 0 0 0 0 0
 0 0 0 0 0
 0 0 0 0 0
 0 0 0 0 0
 0 0 0 0 0
 0 0 0 0 0
 0 0 0 0 0
 0 0 0 0 0
 0 0 0 0 0
 0 0 0 0 0
 0.505614 0.472636 0.0217494 0 0
 0 0 0 0 0
 0.443492 0.261883 0.143347 0.151278 0
 0.227955 0.32914 0.350689 0.0885471 0.00366901
 0.970185 0.0296113 0.000203453 0 0
 0.997202 0.00247181 0.000326279 0 0
 0.445219 0.490057 0.0546422 0.010081 0
 0.90214 0.0892962 0.00764917 0.000914606 0
 0 0 0 0 0
 0.581667 0.319106 0.0959925 0.00289975 0.000334073
 0.762889 0.0836404 0.116647 0.0363945 0.000428098
 0.88444 0.0763242 0.0277011 0.0115352 0
 0.521256 0.241999 0.230069 0.00667565 0
 0.616807 0.101726 0.260614 0.0208532 0
ppred_PELACES
 0.614692 0.243561 0.0896011 0.0329624 0.0191834
 0.171697 0.632597 0.12371 0.0455103 0.0264859
 0.403831 0.176802 0.320281 0.0626338 0.0364514
 0.694261 0.17699 0.0381824 0.0691682 0.0213985
 0.554205 0.366857 0.0456969 0.00985827 0.0233833
 0.576265 0.302742 0.0995688 0.0124026 0.00902212
 0.346824 0.479317 0.124215 0.0408531 0.00879058
 0.35047 0.338613 0.228159 0.0591272 0.0236308
 0.399069 0.312469 0.150381 0.101327 0.0367536
 0.502256 0.285682 0.110267 0.053068 0.0487274
 0.584691 0.279294 0.0780661 0.0301318 0.0278168
 0.628332 0.274698 0.065212 0.0182275 0.0135303
 0.559648 0.342279 0.0724858 0.0172078 0.00838008
 0.549856 0.32571 0.0967201 0.0204828 0.00723054
 0.635991 0.261586 0.0741107 0.0220073 0.00630579
 0.818449 0.141985 0.0284329 0.00805542 0.00307747
 0.432589 0.512419 0.0430078 0.00861243 0.0033722
 0.736851 0.159909 0.0932339 0.0078252 0.00218059
 0.565256 0.370075 0.0392974 0.022912 0.0024589
 0.51386 0.354036 0.112453 0.0119411 0.00770937
 0.589233 0.281013 0.0944951 0.0300147 0.00524488
 0.632387 0.273921 0.0640965 0.0215535 0.0080424
 0.303413 0.542764 0.114619 0.0268204 0.012384
 0.593323 0.190594 0.168366 0.035555 0.0121613
 0.495135 0.377209 0.0598278 0.0528503 0.0149782
 0.390138 0.405517 0.152676 0.0242154 0.0274537
 0.601722 0.224407 0.115613 0.0435277 0.0147308
 0.531414 0.353058 0.0650931 0.0335354 0.0168989
 0.329859 0.466563 0.153387 0.0282799 0.0219113
 0.48573 0.256194 0.179677 0.0590704 0.019329
pobs_pel_tallas
 0 0 0 0 0 0 0 0 0 0 0 0 0 0 0 0 0 0 0 0 0 0 0 0 0 0
 0 0 0 0 0 0 0 0 0 0 0 0 0 0 0 0 0 0 0 0 0 0 0 0 0 0
 0 0 0 0 0 0 0 0 0 0 0 0 0 0 0 0 0 0 0 0 0 0 0 0 0 0
 0 0 0 0 0 0 0 0 0 0 0 0 0 0 0 0 0 0 0 0 0 0 0 0 0 0
 0 0 0 0 0 0 0 0 0 0 0 0 0 0 0 0 0 0 0 0 0 0 0 0 0 0
 0 0 0 0 0 0 0 0 0 0 0 0 0 0 0 0 0 0 0 0 0 0 0 0 0 0
 0 0 0 0 0 0 0 0 0 0 0 0 0 0 0 0 0 0 0 0 0 0 0 0 0 0
 0 0 0 0 0 0 0 0 0 0 0 0 0 0 0 0 0 0 0 0 0 0 0 0 0 0
 0 0 0 0 0 0 0 0 0 0 0 0 0 0 0 0 0 0 0 0 0 0 0 0 0 0
 0 0 0 0 0 0 0 0 0 0 0 0 0 0 0 0 0 0 0 0 0 0 0 0 0 0
 0 0 0 0 0 0 0 0 0 0 0 0 0 0 0 0 0 0 0 0 0 0 0 0 0 0
 0 0 0 0 0 0 0 0 0 0 0 0 0 0 0 0 0 0 0 0 0 0 0 0 0 0
 0.00862536 0 0 0.000197151 0.00414017 0.0128641 0.00837892 0.0270097 0.101434 0.158115 0.152841 0.127902 0.109271 0.109419 0.0830992 0.0579132 0.0238553 0.00714673 0.00463305 0.00128148 0.00103504 0.000492878 0.000147863 0.000147863 4.92878e-05 0
 0 0 0 0 0 0 0 0 0 0 0 0 0 0 0 0 0 0 0 0 0 0 0 0 0 0
 0 0 0 0 0 0 0 0.0054083 0.00873648 0.0413646 0.0450493 0.0745869 0.0622846 0.0627006 0.0613931 0.0827291 0.12552 0.122667 0.0946155 0.0697135 0.0546179 0.0294188 0.0215738 0.0213955 0.0102223 0.00600262
 0 0 0 0 0.00359764 0.0251062 0.0480494 0.140153 0.205849 0.193036 0.1447 0.116669 0.0760912 0.0342217 0.00950174 0.001854 0.000860785 0 0 0 0.000165536 0 0.000143464 0 0 0
 0 0 0 0 0 0 0 0.000145254 0.000435761 0.0275982 0.070085 0.0708112 0.156366 0.174668 0.174014 0.160142 0.0824315 0.0480064 0.0283245 0.00493863 0.00203355 0 0 0 0 0
 0 0 0 0 0 0 0 0 0 0 0 0 0 0 0 0 0 0 0 0 0 0 0 0 0 0
 0 0 1.00437e-05 0.000401748 0.00122533 0.00171747 0.00176769 0.0269171 0.070346 0.194647 0.189555 0.159765 0.064822 0.0314167 0.0384472 0.0292271 0.0345202 0.0313363 0.0194345 0.0106764 0.0143323 0.0359363 0.0279516 0.0138201 0.00172751 0
 0 0.0021121 0.0136068 0.0755702 0.200478 0.177729 0.0527432 0.0373336 0.0318909 0.0142505 0.0149659 0.0166563 0.0217959 0.0798694 0.0677717 0.0528807 0.04013 0.0224614 0.0357745 0.0225083 0.00881397 0.00855152 0.00135912 0.000746735 0 0
 0 0 0 0 5.4009e-05 0.00500934 0.000945158 0.0243581 0.138947 0.33067 0.221406 0.137944 0.0707744 0.0437923 0.0131692 0.00525238 0.0047753 0.00276346 9.45158e-05 9.00151e-06 2.25038e-05 9.00151e-06 4.50075e-06 0 0 0
 0.000866109 0.00284123 0.00948549 0.0512746 0.133035 0.25785 0.225252 0.132002 0.0553304 0.0519788 0.0540692 0.017754 0.00435017 0.00159236 0.00146478 0.000404838 0.000125132 0.000115318 0.000107957 0.000100596 0 0 0 0 0 0
 0 0 0 0 0.00144013 0.00171154 0.00461396 0.0210425 0.0478622 0.0707936 0.0888783 0.103762 0.0637923 0.0337046 0.0602308 0.124433 0.169614 0.0934646 0.0462172 0.0250306 0.0313229 0.00938855 0.002487 0.000210481 0 0
 0 0.00764035 0.051015 0.0998891 0.058973 0.0496711 0.0374665 0.0718981 0.12319 0.153886 0.159021 0.0857701 0.0377988 0.023471 0.0147837 0.00900784 0.00315554 0.000888139 0.00291439 0.00214683 0.00393193 0.00274676 0.000635225 9.99891e-05 0 0
 0 0 0 0 0 0 0 0 0 0 0 0 0 0 0 0 0 0 0 0 0 0 0 0 0 0
 0 0 0 0 0 0 0 0 0 0 0 0 0 0 0 0 0 0 0 0 0 0 0 0 0 0
 0 0 0 0 0 0 0 0 0 0 0 0 0 0 0 0 0 0 0 0 0 0 0 0 0 0
 0 0 0 0 0 0 0 0 0 0 0 0 0 0 0 0 0 0 0 0 0 0 0 0 0 0
 0 0 0 0 0 0 0 0 0 0 0 0 0 0 0 0 0 0 0 0 0 0 0 0 0 0
 0 0 0 0 0 0 0 0 0 0 0 0 0 0 0 0 0 0 0 0 0 0 0 0 0 0
ppred_pel_tallas
 1.09201e-16 5.06314e-05 0.000492155 0.00327055 0.0148674 0.0462583 0.098559 0.143855 0.143878 0.0986742 0.0466455 0.0159871 0.00608581 0.00665419 0.0118018 0.0195587 0.0284746 0.0364577 0.0414107 0.0423861 0.0401176 0.0364226 0.0329739 0.0304279 0.0284343 0.0262562
 1.12778e-16 1.41426e-05 0.000137471 0.000913546 0.00415288 0.0129215 0.0275329 0.0401978 0.0402588 0.0278311 0.0139232 0.00704708 0.00818176 0.0160154 0.0302031 0.0500003 0.0722443 0.0913219 0.101519 0.100229 0.0894895 0.074524 0.0605004 0.0500532 0.0430131 0.0377749
 1.21738e-16 3.32631e-05 0.000323329 0.00214864 0.0097674 0.0303901 0.0647499 0.0945081 0.0945256 0.0648358 0.0306798 0.0106103 0.00428801 0.00507178 0.00928151 0.0158948 0.0243086 0.0335434 0.0425612 0.0508262 0.0583905 0.0653334 0.0710848 0.0743465 0.0737548 0.0687423
 1.11706e-16 5.71854e-05 0.000555862 0.0036939 0.0167919 0.0522461 0.111316 0.162473 0.16249 0.1114 0.0525269 0.0176039 0.00573471 0.00502029 0.00856481 0.014149 0.0205778 0.0263338 0.0299488 0.0308448 0.0297112 0.0280207 0.0270508 0.0271638 0.0277868 0.0279371
 1.06359e-16 4.56492e-05 0.000443727 0.00294872 0.0134045 0.0417065 0.0888614 0.129703 0.129739 0.0890341 0.0422865 0.0150796 0.00715333 0.00962174 0.0174746 0.0288133 0.0414968 0.0521796 0.0574901 0.0558978 0.048639 0.038887 0.0298527 0.0232827 0.01922 0.0167389
 1.05722e-16 4.74662e-05 0.000461389 0.00306609 0.013938 0.0433665 0.0923981 0.134864 0.134893 0.0925411 0.0438471 0.0153273 0.00655774 0.00809799 0.0145927 0.0241588 0.0350516 0.0446089 0.0501294 0.0503401 0.0460973 0.0396899 0.033349 0.0281623 0.0240369 0.0203775
 1.09292e-16 2.85675e-05 0.000277687 0.00184533 0.00838862 0.0261004 0.0556113 0.081176 0.0812223 0.0558375 0.0268603 0.010585 0.00736327 0.0123394 0.022983 0.0380745 0.055138 0.0699576 0.0782402 0.0780008 0.0706946 0.0601051 0.0499313 0.0419907 0.0360997 0.0311488
 1.166e-16 2.88678e-05 0.000280606 0.00186472 0.00847679 0.0263746 0.0561951 0.0820253 0.0820582 0.0563562 0.0269163 0.0100453 0.00581665 0.00895646 0.0166496 0.0278569 0.0410133 0.0534456 0.0624121 0.0666243 0.0668732 0.0651596 0.0630915 0.060912 0.0577809 0.0527857
 1.20802e-16 3.28709e-05 0.000319517 0.0021233 0.00965224 0.0300319 0.0639872 0.0933975 0.0934278 0.0641354 0.0305302 0.0110944 0.00575383 0.00827991 0.0152555 0.0254473 0.0373238 0.0483823 0.0561161 0.0594647 0.0594133 0.0581415 0.0574103 0.0574917 0.0573195 0.0554681
 1.16824e-16 4.13702e-05 0.000402133 0.00267232 0.012148 0.037797 0.0805316 0.117544 0.117572 0.0806669 0.0382516 0.0134626 0.00597906 0.00764364 0.0138627 0.0230356 0.0336204 0.0432342 0.0494964 0.0513862 0.0498409 0.0470154 0.0447998 0.0437737 0.0432343 0.0419884
 1.10054e-16 4.81603e-05 0.000468135 0.00311092 0.0141418 0.0440006 0.0937489 0.136835 0.136862 0.0938808 0.0444438 0.0154228 0.00633004 0.00750783 0.0134547 0.0222658 0.0323067 0.0411384 0.0463157 0.0467472 0.0433343 0.0382952 0.0337305 0.0305616 0.0284718 0.0265775
 1.0607e-16 5.17549e-05 0.000503076 0.00334312 0.0151974 0.0472848 0.100746 0.147048 0.147074 0.100876 0.0477201 0.0164554 0.00650332 0.00740952 0.0131912 0.0217863 0.0315226 0.0399472 0.0445933 0.044331 0.040021 0.033877 0.0280713 0.0236828 0.0206062 0.0181582
 1.05324e-16 4.60975e-05 0.000448084 0.00297768 0.0135361 0.0421161 0.0897339 0.130976 0.131009 0.0898954 0.0426582 0.0151024 0.00691125 0.00904168 0.0163863 0.0270679 0.0391079 0.0494325 0.0549317 0.0541663 0.0481992 0.0398168 0.031798 0.0255951 0.0211961 0.0178497
 1.06153e-16 4.5291e-05 0.000440245 0.00292558 0.0132993 0.0413792 0.0881639 0.128684 0.128716 0.0883178 0.041896 0.014793 0.00667896 0.00864722 0.0156709 0.0259379 0.0375998 0.047785 0.0535814 0.0536284 0.048877 0.0418382 0.0349627 0.0294501 0.0251896 0.021492
 1.0548e-16 5.23858e-05 0.000509208 0.00338387 0.0153826 0.0478611 0.101974 0.148839 0.148865 0.102098 0.0482761 0.016582 0.00639757 0.00709845 0.0125969 0.0208223 0.0301786 0.0383481 0.0429972 0.0430454 0.0392756 0.0337234 0.0283665 0.0241568 0.02097 0.0182004
 1.02186e-16 6.74146e-05 0.000655294 0.00435466 0.0197957 0.0615917 0.131228 0.191534 0.191548 0.131295 0.0618166 0.0204452 0.00598587 0.00421863 0.0068419 0.011223 0.0162045 0.0204707 0.0227273 0.0223778 0.0198677 0.0163603 0.0130169 0.0104455 0.00864133 0.00728649
 1.02807e-16 3.56319e-05 0.000346354 0.00230165 0.010463 0.0325545 0.0693627 0.101247 0.101297 0.0696037 0.0333638 0.0127998 0.00816509 0.0131384 0.0243066 0.0400658 0.057568 0.0720876 0.0788274 0.0755708 0.064012 0.0486341 0.0340739 0.0230112 0.0157893 0.0113749
 1.03886e-16 6.06935e-05 0.000589962 0.00392051 0.0178221 0.0554511 0.118145 0.172439 0.172455 0.118221 0.0557063 0.0185605 0.00577927 0.00466506 0.00785094 0.0130155 0.0190506 0.024594 0.0282744 0.0294191 0.0283805 0.0261584 0.02366 0.0212232 0.018699 0.0158584
 1.03943e-16 4.65595e-05 0.000452575 0.00300752 0.0136718 0.0425382 0.0906334 0.13229 0.132325 0.0908076 0.043123 0.0153609 0.00724666 0.00970427 0.0176105 0.029023 0.0417663 0.0524478 0.0576449 0.0557926 0.0481226 0.0378323 0.0281734 0.0209412 0.0162359 0.0132025
 1.05838e-16 4.23261e-05 0.000411424 0.00273406 0.0124287 0.0386704 0.0823926 0.120262 0.120296 0.0825599 0.0392323 0.0140528 0.0068155 0.00933664 0.017038 0.0282174 0.0409162 0.0520181 0.0583495 0.0584096 0.0531979 0.0454057 0.0376751 0.0313243 0.0262928 0.0219215
 1.06697e-16 4.85344e-05 0.000471771 0.00313509 0.0142517 0.0443424 0.0944772 0.137898 0.137925 0.09461 0.0447887 0.015542 0.00637842 0.00756711 0.0135685 0.0224719 0.0326428 0.0416315 0.0469623 0.047486 0.044015 0.0386589 0.0334279 0.0292273 0.0258459 0.0226262
 1.05443e-16 5.20889e-05 0.000506323 0.00336469 0.0152954 0.0475899 0.101396 0.147996 0.148023 0.101526 0.048024 0.0165498 0.00651564 0.00739231 0.0131519 0.0217188 0.0314201 0.0398066 0.0444142 0.044111 0.0397493 0.0335315 0.0276213 0.0230983 0.0198698 0.017276
 1.08232e-16 2.49918e-05 0.000242929 0.00161435 0.00733865 0.0228335 0.0486512 0.0710189 0.0710712 0.0489072 0.0236932 0.0098223 0.00785175 0.0138695 0.0259346 0.0429151 0.0620053 0.0783672 0.0870695 0.0858268 0.0763225 0.0629749 0.050194 0.04029 0.0332542 0.0279062
 1.10532e-16 4.88713e-05 0.000475046 0.00315685 0.0143506 0.0446501 0.0951325 0.138853 0.138871 0.0952235 0.0449563 0.015238 0.00539564 0.00539963 0.0095112 0.0159338 0.0236215 0.0311173 0.0369371 0.0403607 0.0417403 0.0419992 0.0417731 0.0409563 0.038961 0.0353376
 1.09658e-16 4.07837e-05 0.000396432 0.00263443 0.0119758 0.0372613 0.0793904 0.11588 0.115917 0.0795682 0.0378583 0.0137007 0.00696575 0.00985714 0.0180252 0.0297816 0.0430156 0.0543621 0.060438 0.0597403 0.0535573 0.0450736 0.0373972 0.0320414 0.0287532 0.0263684
 1.11584e-16 3.21352e-05 0.000312366 0.00207578 0.00943623 0.0293598 0.0625557 0.0913101 0.0913493 0.0627475 0.0300043 0.0112998 0.00676121 0.010566 0.0195799 0.0325138 0.0472922 0.0604356 0.0683957 0.0695199 0.0649606 0.0577154 0.0506251 0.044945 0.0403429 0.0358638
 1.10252e-16 4.95631e-05 0.000481771 0.00320154 0.0145537 0.0452822 0.0964793 0.140819 0.140841 0.0965858 0.0456401 0.0155894 0.00580825 0.0061962 0.0109732 0.0182497 0.0267273 0.0345506 0.039855 0.0417909 0.0409712 0.0388992 0.0368647 0.0352157 0.0334622 0.0309129
 1.08192e-16 4.3772e-05 0.000425479 0.00282746 0.0128532 0.0399914 0.0852071 0.124369 0.124403 0.0853736 0.0405504 0.0144683 0.00688338 0.00928573 0.0168896 0.027903 0.0403141 0.0509674 0.0566843 0.0560318 0.0501752 0.0420538 0.034557 0.0291272 0.025605 0.0230089
 1.1109e-16 2.71701e-05 0.000264103 0.00175506 0.00797828 0.0248236 0.052891 0.0772055 0.0772506 0.0531115 0.0255644 0.0101197 0.00713741 0.012037 0.0224542 0.0372573 0.0540878 0.0689002 0.0775644 0.0781565 0.0720312 0.0627318 0.053673 0.0464566 0.0408186 0.0357031
 1.14446e-16 4.0009e-05 0.000388902 0.00258439 0.0117483 0.0365534 0.0778818 0.113676 0.113701 0.0780037 0.0369636 0.0129362 0.00557833 0.00696455 0.012646 0.0211529 0.031198 0.0407774 0.0478552 0.0514906 0.0522926 0.051743 0.0509755 0.050049 0.0481919 0.0446079
pSPR Fmed_Fpbrs
0.74751   0.285403 0.285403
Fs Fmed_Fpbrs
0.182971   1.005 1.005
SSBpbr Bo_Bmed_Bpbrs
2.29594e+06  1.60144e+06  540471 540471
Ro
256002
SPR SPRFo_SPRFmed_SPRFpbrs
1.82232e+06 1.3622e+06 520096
Fref
1.005
log_Ro
12.2729
likeval ReclasPelacesDesembMPH_pf_preclas_ppelaces_ptallas_desvR_qrecl_qpela
 34.3378 18.896 1.91364 0.00356366 241.967 125.103 81.404 0 16.6967 0 0 9.78029 0 0 0
q_reclas_q_pelaces
1 1
M
1
N
 534133 112751 41478.9 15259.2 8880.52
 91038.6 182037 35598.9 13096.1 7621.62
 129065 30341.7 54964.7 10748.8 6255.57
 305454 43570.8 9399.62 17027.6 5267.82
 287471 98127.5 12223.1 2636.91 6254.62
 363142 101895 33512.3 4174.4 3036.62
 157872 123383 31974.7 10516.2 2262.82
 101761 50071.6 33738.4 8743.3 3494.34
 87264.3 36615.5 17621.9 11873.7 4306.84
 95410.5 29530.9 11398.3 5485.64 5036.94
 128841 31697.2 8859.75 3419.67 3156.95
 179237 45736.3 10857.6 3034.82 2252.75
 155056 54723.2 11589 2751.16 1339.8
 130464 47995.2 14252.2 3018.26 1065.46
 157838 36962.1 10471.9 3109.63 891.008
 487437 49653.5 9943.26 2817.06 1076.22
 231046 147746 12400.4 2483.22 972.304
 642652 77497.5 45184.3 3792.36 1056.79
 548937 208182 22106.3 12888.9 1383.23
 436363 169134 53722.6 5704.67 3683.02
 532608 139269 46831.4 14875.2 2599.34
 715678 175338 41028.4 13796.5 5147.98
 238774 226939 47924.3 11214.1 5177.99
 478000 81642 72120.5 15230.1 5209.34
 404950 163294 25899.4 22878.9 6484.06
 256462 139092 52367.4 8305.82 9416.55
 454758 89623 46173 17384 5883.15
 447874 156508 28855.2 14866 7491.14
 210420 155010 50961 9395.65 7279.77
 266718 73695.9 51685.2 16992 5560.11
pred_Ctot
 25001.5 10230.4 3763.55 1384.53 805.766
 5455.56 20959.2 4098.75 1507.85 877.531
 6765.01 3071.21 5563.57 1088 633.193
 24745.3 6685.1 1442.19 2612.55 808.244
 6651.95 4471.96 557.043 120.172 285.042
 17656.8 9592.05 3154.73 392.964 285.857
 13924.5 20509.6 5315.05 1748.07 376.141
 1412.11 1376.93 927.779 240.434 96.0916
 4449.44 3608.79 1736.8 1170.26 424.478
 5895.1 3501.26 1351.41 650.392 597.193
 2863.29 1388.2 388.018 149.767 138.26
 19564.5 9273.81 2201.56 615.361 456.784
 15765.5 10389.4 2200.2 522.317 254.365
 19364.9 12876 3823.55 809.729 285.838
 14639.6 6440.86 1824.78 541.872 155.263
 55113.9 10400.9 2082.81 590.087 225.436
 12984 15992.8 1342.29 268.797 105.247
 49025 11233 6549.32 549.69 153.178
 57194.9 40431.8 4293.36 2503.21 268.643
 36957.7 27061.9 8595.74 912.759 589.291
 35715.1 17856.5 6004.52 1907.23 333.277
 63210.8 29183.6 6828.85 2296.31 856.839
 10713.8 19764.5 4173.81 976.655 450.96
 21700.4 7191.5 6352.79 1341.56 458.869
 17074.7 13388.5 2123.51 1875.85 531.631
 8151.48 8656.74 3259.23 516.935 586.065
 18639 7148.55 3682.87 1386.59 469.254
 16843.4 11480.3 2116.62 1090.46 549.497
 6406.29 9249.31 3040.8 560.63 434.378
 9251.4 4995.67 3503.62 1151.85 376.907
F
 0.0764352 0.15287 0.15287 0.15287 0.15287
 0.0987588 0.197518 0.197518 0.197518 0.197518
 0.0859277 0.171855 0.171855 0.171855 0.171855
 0.135531 0.271061 0.271061 0.271061 0.271061
 0.0371776 0.0743552 0.0743552 0.0743552 0.0743552
 0.0794988 0.158998 0.158998 0.158998 0.158998
 0.148329 0.296659 0.296659 0.296659 0.296659
 0.0221565 0.044313 0.044313 0.044313 0.044313
 0.0835042 0.167008 0.167008 0.167008 0.167008
 0.101959 0.203919 0.203919 0.203919 0.203919
 0.0356837 0.0713674 0.0713674 0.0713674 0.0713674
 0.186419 0.372839 0.372839 0.372839 0.372839
 0.172687 0.345373 0.345373 0.345373 0.345373
 0.261205 0.52241 0.52241 0.52241 0.52241
 0.156499 0.312998 0.312998 0.312998 0.312998
 0.193669 0.387338 0.387338 0.387338 0.387338
 0.0923707 0.184741 0.184741 0.184741 0.184741
 0.127191 0.254381 0.254381 0.254381 0.254381
 0.17729 0.354579 0.354579 0.354579 0.354579
 0.14207 0.284141 0.284141 0.284141 0.284141
 0.11107 0.22214 0.22214 0.22214 0.22214
 0.148547 0.297094 0.297094 0.297094 0.297094
 0.0731725 0.146345 0.146345 0.146345 0.146345
 0.0740612 0.148122 0.148122 0.148122 0.148122
 0.0686326 0.137265 0.137265 0.137265 0.137265
 0.0513681 0.102736 0.102736 0.102736 0.102736
 0.0666603 0.133321 0.133321 0.133321 0.133321
 0.0610223 0.122045 0.122045 0.122045 0.122045
 0.049159 0.098318 0.098318 0.098318 0.098318
 0.0561692 0.112338 0.112338 0.112338 0.112338
nmprior
 8 8 7 0
nm_flota  nm_reclas  nm_pelaces    nm_pelaL
inf 6.91731 8.1458 12.3914
cv_recla  cv_pelaces  cv_mph
0.542516 0.511505 1.84227
 ------------------------------------------------
Talla a la edad & desviación 
 8 13.2811 15.8009 17.003 17.5766
 0.8 1.32811 1.58009 1.7003 1.75766
