years
 1991 1992 1993 1994 1995 1996 1997 1998 1999 2000 2001 2002 2003 2004 2005 2006 2007 2008 2009 2010 2011 2012 2013 2014 2015 2016 2017 2018 2019 2020
reclasobs
 0 0 0 0 0 0 0 0 0 252601 567819 844713 477998 351125 339783 2.1784e+06 2.13404e+06 4.81314e+06 1.55562e+06 2.62356e+06 3.21686e+06 3.843e+06 1.13348e+06 3.07943e+06 1.97215e+06 2.03268e+06 2.025e+06 2.42433e+06 2.27542e+06 1.05018e+06
reclaspred
 3.14239e+06 1.71011e+06 865068 878382 886169 1.58469e+06 874469 746407 527984 355866 500640 687234 672815 488261 471489 1.34801e+06 1.15552e+06 3.09656e+06 2.43038e+06 1.83934e+06 3.15131e+06 2.54553e+06 1.91122e+06 3.02614e+06 2.24144e+06 1.96695e+06 2.39948e+06 2.6169e+06 2.04127e+06 1.19437e+06
pelacesobs
 0 0 0 0 0 0 0 0 0 0 0 0 0 0 0 552880 188675 0 991730 2.46772e+06 1.41603e+06 1.21717e+06 2.29649e+06 1.80582e+06 0 1.4828e+06 1.56532e+06 1.57751e+06 1.42118e+06 867257
pelacespred
 1.75311e+06 1.03885e+06 509838 425410 470475 873858 416467 480784 307541 189574 291981 330805 359699 262981 263446 640499 559450 1.76338e+06 1.39113e+06 955649 1.66662e+06 1.40244e+06 1.08526e+06 1.90317e+06 1.34113e+06 1.18619e+06 1.65349e+06 1.77859e+06 1.1524e+06 749616
mphobs
 0 0 0 0 0 0 0 0 0 0 0 498337 0 5186 125008 0 168611 109162 213762 579715 649985 157893 87575 83554 0 0 0 0 0 0
mphpred
 488773 326987 156043 86570.4 93030.1 112325 158618 82929.7 74763.7 46284.9 28415.3 61676.2 66228.9 53550.7 31570 39765.9 152285 128741 313252 215553 239664 288873 272857 214782 310766 255761 207229 227664 329663 208046
desembarqueobs
 494567 514787 250237 358949 120608 361735 552515 73892 212993 205616 52469 317467 293654 387597 252695 516296 358380 742168 942051 627588 828172 859565 418607 520667 417249 300574 407403 355545 319650 289779
desembarquepred
 494569 513923 250618 358984 120614 361737 552520 73897.1 213051 205668 52471.8 317520 293680 387556 252664 516217 358408 742016 941742 627357 828237 859498 418596 520683 417226 300566 407389 355509 319623 289780
Reclutas
 166524 92525.6 92615 135916 110178 209590 80566.7 33536.9 33602 45752.2 85332.6 124808 104075 72466.3 65356 356148 65791.8 580095 316046 275650 349786 485797 94068 275990 238076 102748 235003 264133 72082.9 54040.6
log_desv_Rt
 0.242892 -0.344759 -0.343793 0.0397929 -0.170146 0.472906 -0.483159 -1.3596 -1.35766 -1.049 -0.425688 -0.0454719 -0.227137 -0.589123 -0.692396 1.0031 -0.68575 1.49095 0.883642 0.746886 0.985076 1.31355 -0.328227 0.748118 0.600345 -0.239964 0.587356 0.704207 -0.594429 -0.882509
SSB
 1.89618e+06 1.26853e+06 605361 335846 360906 435759 615350 321722 290043 179560 110236 239270 256932 207748 122475 154270 590785 499445 1.21525e+06 836230 929766 1.12067e+06 1.05854e+06 833237 1.2056e+06 992214 803936 883213 1.27891e+06 807106
BT
 2.70446e+06 1.85668e+06 905411 855854 712985 1.46391e+06 1.03481e+06 698402 615779 446369 431722 700573 740514 749520 602536 1.26927e+06 1.01272e+06 3.00349e+06 2.72959e+06 1.8092e+06 2.87742e+06 2.64142e+06 1.78452e+06 3.00924e+06 2.14445e+06 1.82273e+06 2.60659e+06 2.71097e+06 1.76895e+06 1.26439e+06
Ftot
 0.220637 0.407952 0.401376 0.615141 0.206398 0.364731 0.848122 0.148058 0.591595 0.836104 0.178409 0.704802 0.661212 1.16513 0.862672 0.660131 0.441694 0.406303 0.572715 0.517378 0.406774 0.517629 0.311751 0.278958 0.276891 0.223468 0.272381 0.221953 0.215855 0.338672
BD_Bspro_t
 0.965456 0.766451 0.553272 0.45208 0.442244 0.539494 0.546799 0.347714 0.402873 0.339019 0.296167 0.562555 0.441605 0.345687 0.229962 0.275686 0.47301 0.420283 0.568821 0.447775 0.426581 0.469881 0.484841 0.464808 0.588809 0.598814 0.603736 0.655142 0.718488 0.620845
BD_Bspro
 2.03942 1.36436 0.651094 0.361218 0.388171 0.468679 0.661837 0.346027 0.311954 0.193126 0.118564 0.257346 0.276342 0.223442 0.131727 0.165925 0.635416 0.537176 1.30705 0.899404 1.00001 1.20533 1.1385 0.896185 1.29668 1.06717 0.86467 0.949937 1.37553 0.86808
BD_Bo
 1.28659 0.86072 0.410747 0.227877 0.244881 0.29567 0.417525 0.218294 0.196799 0.121835 0.0747968 0.162349 0.174333 0.14096 0.083101 0.104675 0.400857 0.338882 0.824565 0.567396 0.630861 0.760394 0.718234 0.565365 0.818022 0.673233 0.545484 0.599275 0.867763 0.547635
BD_Brms
 6.89877 4.61524 2.20246 1.22189 1.31307 1.5854 2.2388 1.17051 1.05525 0.653287 0.401066 0.870526 0.934784 0.755838 0.445594 0.561274 2.14943 1.81711 4.42138 3.04242 3.38272 4.07729 3.85122 3.03153 4.38629 3.60993 2.92492 3.21335 4.65301 2.93646
Sel_flota
 0.695405 0.977466 0.998788 0.999936 0.999997
 0.695405 0.977466 0.998788 0.999936 0.999997
 0.695405 0.977466 0.998788 0.999936 0.999997
 0.695405 0.977466 0.998788 0.999936 0.999997
 0.695405 0.977466 0.998788 0.999936 0.999997
 0.695405 0.977466 0.998788 0.999936 0.999997
 0.695405 0.977466 0.998788 0.999936 0.999997
 0.695405 0.977466 0.998788 0.999936 0.999997
 0.695405 0.977466 0.998788 0.999936 0.999997
 0.695405 0.977466 0.998788 0.999936 0.999997
 0.695405 0.977466 0.998788 0.999936 0.999997
 0.695405 0.977466 0.998788 0.999936 0.999997
 0.695405 0.977466 0.998788 0.999936 0.999997
 0.695405 0.977466 0.998788 0.999936 0.999997
 0.695405 0.977466 0.998788 0.999936 0.999997
 0.695405 0.977466 0.998788 0.999936 0.999997
 0.695405 0.977466 0.998788 0.999936 0.999997
 0.695405 0.977466 0.998788 0.999936 0.999997
 0.695405 0.977466 0.998788 0.999936 0.999997
 0.695405 0.977466 0.998788 0.999936 0.999997
 0.695405 0.977466 0.998788 0.999936 0.999997
 0.695405 0.977466 0.998788 0.999936 0.999997
 0.695405 0.977466 0.998788 0.999936 0.999997
 0.695405 0.977466 0.998788 0.999936 0.999997
 0.695405 0.977466 0.998788 0.999936 0.999997
 0.695405 0.977466 0.998788 0.999936 0.999997
 0.695405 0.977466 0.998788 0.999936 0.999997
 0.695405 0.977466 0.998788 0.999936 0.999997
 0.695405 0.977466 0.998788 0.999936 0.999997
 0.695405 0.977466 0.998788 0.999936 0.999997
Sel_reclas
 1 1 1 1 1
 1 1 1 1 1
 1 1 1 1 1
 1 1 1 1 1
 1 1 1 1 1
 1 1 1 1 1
 1 1 1 1 1
 1 1 1 1 1
 1 1 1 1 1
 1 1 1 1 1
 1 1 1 1 1
 1 1 1 1 1
 1 1 1 1 1
 1 1 1 1 1
 1 1 1 1 1
 1 1 1 1 1
 1 1 1 1 1
 1 1 1 1 1
 1 1 1 1 1
 1 1 1 1 1
 1 1 1 1 1
 1 1 1 1 1
 1 1 1 1 1
 1 1 1 1 1
 1 1 1 1 1
 1 1 1 1 1
 1 1 1 1 1
 1 1 1 1 1
 1 1 1 1 1
 1 1 1 1 1
Sel_pelaces
 0.971856 1 1 1 1
 0.971856 1 1 1 1
 0.971856 1 1 1 1
 0.971856 1 1 1 1
 0.971856 1 1 1 1
 0.971856 1 1 1 1
 0.971856 1 1 1 1
 0.971856 1 1 1 1
 0.971856 1 1 1 1
 0.971856 1 1 1 1
 0.971856 1 1 1 1
 0.971856 1 1 1 1
 0.971856 1 1 1 1
 0.971856 1 1 1 1
 0.971856 1 1 1 1
 0.971856 1 1 1 1
 0.971856 1 1 1 1
 0.971856 1 1 1 1
 0.971856 1 1 1 1
 0.971856 1 1 1 1
 0.971856 1 1 1 1
 0.971856 1 1 1 1
 0.971856 1 1 1 1
 0.971856 1 1 1 1
 0.971856 1 1 1 1
 0.971856 1 1 1 1
 0.971856 1 1 1 1
 0.971856 1 1 1 1
 0.971856 1 1 1 1
 0.971856 1 1 1 1
pf_obs 
 0.8446 0.082 0.0669 0.0065 0
 0.8095 0.147 0.0364 0.0071 0
 0.9664 0.0169 0.016 0.0007 0
 0.9276 0.0648 0.0075 0.0001 0
 0.7033 0.2144 0.0806 0.0017 0
 0.9318 0.0425 0.0243 0.0014 0
 0.5671 0.3108 0.0964 0.0239 0.0018
 0.0768 0.2599 0.5324 0.112 0.0189
 0.490249 0.384438 0.106611 0.0170017 0.00170017
 0.7925 0.1577 0.0466 0.003 0.0002
 0.840416 0.127587 0.0312969 0.00059994 9.999e-05
 0.8084 0.0986 0.0794 0.0134 0.0002
 0.7335 0.1905 0.0724 0.0035 0.0001
 0.4001 0.4547 0.1325 0.0127 0
 0.49795 0.308269 0.164784 0.0264974 0.00249975
 0.9179 0.0499 0.0305 0.0017 0
 0.2467 0.6533 0.0926 0.0074 0
 0.9418 0.0223 0.034 0.0019 0
 0.707729 0.231977 0.0356964 0.0245975 0
 0.517169 0.277429 0.184464 0.0207286 0.00020938
 0.811772 0.124168 0.05621 0.00726502 0.000585176
 0.764997 0.148141 0.077277 0.00933861 0.000247198
 0.163321 0.427699 0.378323 0.0303852 0.000271297
 0.753843 0.0900009 0.118128 0.0371064 0.000921714
 0.721811 0.176058 0.0630433 0.0369309 0.00215725
 0.143369 0.312575 0.442814 0.0836902 0.0175525
 0.692698 0.0596174 0.167031 0.0765114 0.00414204
 0.394062 0.376323 0.152708 0.0712218 0.00568511
 0.125707 0.32114 0.495352 0.0537591 0.00404204
 0.23352 0.215282 0.420074 0.123614 0.00750983
pf_pred 
 0.489555 0.143192 0.343253 0.0239985 8.56329e-07
 0.433033 0.330452 0.0674764 0.158005 0.0110335
 0.589067 0.219201 0.113002 0.0224835 0.0562462
 0.732199 0.182758 0.0459247 0.0230688 0.0160492
 0.665737 0.270422 0.0439733 0.0107365 0.00913086
 0.766136 0.173242 0.0492637 0.00782684 0.00353172
 0.464324 0.444251 0.068176 0.0188983 0.00435128
 0.462633 0.313252 0.186888 0.0277725 0.00945459
 0.558054 0.243871 0.11656 0.0679891 0.0135266
 0.741555 0.171252 0.0487453 0.0226394 0.0158084
 0.844177 0.128206 0.0185005 0.00510014 0.0040157
 0.753358 0.218462 0.023281 0.00328315 0.00161569
 0.700318 0.248021 0.0459164 0.00474739 0.000997313
 0.65233 0.273067 0.0620575 0.0111516 0.00139297
 0.766098 0.178831 0.0435997 0.00954527 0.00192565
 0.945467 0.045916 0.0066387 0.00156663 0.000411452
 0.363984 0.613311 0.0192062 0.00269613 0.000802066
 0.917778 0.0378526 0.0428255 0.00130615 0.000237562
 0.583804 0.392777 0.0109331 0.0120521 0.00043383
 0.644388 0.242535 0.106886 0.00289222 0.00329802
 0.729726 0.198391 0.0494528 0.0212037 0.00122614
 0.751237 0.19928 0.0365762 0.00888358 0.00402364
 0.313299 0.563674 0.099096 0.0176962 0.00623542
 0.74411 0.102316 0.126617 0.0217192 0.00523818
 0.628629 0.300836 0.0286164 0.0345682 0.00735017
 0.424497 0.408998 0.135513 0.0125835 0.0184088
 0.733021 0.137576 0.0925898 0.0299678 0.00684493
 0.68317 0.253583 0.0329774 0.0216669 0.0086034
 0.323047 0.511818 0.132798 0.016871 0.0154665
 0.415957 0.237747 0.263318 0.0667453 0.0162324
pobs_RECLAS
 0 0 0 0 0
 0 0 0 0 0
 0 0 0 0 0
 0 0 0 0 0
 0 0 0 0 0
 0 0 0 0 0
 0 0 0 0 0
 0 0 0 0 0
 0 0 0 0 0
 0 0 0 0 0
 0.991045 0.00858322 0.000360255 1.14367e-05 0
 0.934742 0.0480273 0.0164251 0.00080598 0
 0.827803 0.169806 0.00239088 0 0
 0.941827 0.0461693 0.0120037 0 0
 0.791401 0.0380133 0.147996 0.0225897 0
 0.846168 0.0940531 0.0597789 0 0
 0.134021 0.677848 0.182769 0.00536245 0
 0.80878 0.0450904 0.141981 0.00414843 0
 0.846168 0.0940531 0.0597789 0 0
 0.905697 0.0802665 0.012482 0.00150086 5.37128e-05
 0.989698 0.0102097 9.19794e-05 0 0
 0.975433 0.0193895 0.00387452 0.00125025 5.28907e-05
 0.303575 0.632131 0.0575291 0.00676475 0
 0.966965 0.00978017 0.0227588 0.000495775 0
 0.843318 0.132988 0.00938335 0.0141283 0.000182051
 0.564624 0.303363 0.111486 0.0197234 0.00080311
 0.826376 0.0876187 0.0782897 0.00655872 0.00115652
 0.89761 0.0855135 0.0140674 0.00269457 0.000114338
 0.34875 0.467042 0.161289 0.0227151 0.000203297
 0.318654 0.224769 0.449479 0.00709798 0
ppred_RECLAS
 0.579459 0.119859 0.281054 0.0196268 7.00293e-07
 0.523278 0.280563 0.0560112 0.131 0.00914717
 0.67338 0.176099 0.0887585 0.0176387 0.0441233
 0.798169 0.138776 0.0340706 0.0170931 0.011891
 0.738702 0.21229 0.0337689 0.00823535 0.00700332
 0.824016 0.131127 0.0364605 0.00578581 0.00261058
 0.55828 0.367852 0.0551016 0.0152544 0.00351204
 0.55075 0.264291 0.154266 0.0228981 0.00779471
 0.646647 0.197052 0.0920241 0.0536114 0.0106654
 0.807632 0.128527 0.0357109 0.0165644 0.0115656
 0.884806 0.0951506 0.0134324 0.00369868 0.00291205
 0.815334 0.164008 0.0170702 0.00240425 0.0011831
 0.771451 0.189913 0.0343443 0.0035465 0.000744985
 0.736164 0.208369 0.0461514 0.00828197 0.00103444
 0.827197 0.132876 0.0316189 0.00691336 0.0013946
 0.961588 0.0324625 0.00458483 0.0010806 0.000283784
 0.449413 0.531361 0.0162669 0.00228076 0.000678456
 0.941451 0.0272831 0.030179 0.000919333 0.000167197
 0.668059 0.313678 0.00853184 0.00939353 0.000338109
 0.722929 0.190344 0.0819849 0.00221571 0.00252642
 0.794489 0.151768 0.0369872 0.0158398 0.000915908
 0.812621 0.150795 0.0270501 0.00656187 0.00297187
 0.393822 0.499569 0.0858908 0.0153198 0.00539776
 0.806774 0.0783012 0.0947715 0.0162374 0.00391585
 0.706602 0.238699 0.0222075 0.0267946 0.00569693
 0.512152 0.348927 0.113088 0.0104888 0.0153436
 0.797218 0.105635 0.0695339 0.0224789 0.00513408
 0.753871 0.197879 0.0251721 0.0165193 0.00655899
 0.404176 0.452912 0.114953 0.0145869 0.0133717
 0.506097 0.203759 0.220684 0.0558721 0.0135871
pobs_PELACES
 0 0 0 0 0
 0 0 0 0 0
 0 0 0 0 0
 0 0 0 0 0
 0 0 0 0 0
 0 0 0 0 0
 0 0 0 0 0
 0 0 0 0 0
 0 0 0 0 0
 0 0 0 0 0
 0 0 0 0 0
 0 0 0 0 0
 0 0 0 0 0
 0 0 0 0 0
 0 0 0 0 0
 0 0 0 0 0
 0.505614 0.472636 0.0217494 0 0
 0 0 0 0 0
 0.443492 0.261883 0.143347 0.151278 0
 0.227955 0.32914 0.350689 0.0885471 0.00366901
 0.970185 0.0296113 0.000203453 0 0
 0.997202 0.00247181 0.000326279 0 0
 0.445219 0.490057 0.0546422 0.010081 0
 0.90214 0.0892962 0.00764917 0.000914606 0
 0 0 0 0 0
 0.581667 0.319106 0.0959925 0.00289975 0.000334073
 0.762889 0.0836404 0.116647 0.0363945 0.000428098
 0.88444 0.0763242 0.0277011 0.0115352 0
 0.521256 0.241999 0.230069 0.00667565 0
 0.616807 0.101726 0.260614 0.0208532 0
ppred_PELACES
 0.577778 0.120472 0.282054 0.019695 7.02723e-07
 0.525934 0.279342 0.0556076 0.130036 0.00907978
 0.675607 0.175131 0.0880218 0.0174896 0.0437501
 0.802974 0.13566 0.0331618 0.0166333 0.011571
 0.73695 0.213773 0.0339554 0.0082802 0.00704142
 0.824893 0.13056 0.0362097 0.00574521 0.00259224
 0.570916 0.357689 0.0532606 0.01474 0.00339355
 0.547201 0.266494 0.15539 0.0230636 0.00785104
 0.653109 0.193813 0.0901354 0.0524993 0.010444
 0.815473 0.123535 0.0341225 0.0158226 0.0110475
 0.883606 0.0961631 0.0135583 0.0037331 0.00293914
 0.82093 0.159127 0.0164802 0.00232054 0.00114189
 0.777354 0.185154 0.0333283 0.00344072 0.000722756
 0.751711 0.19643 0.0431519 0.00774028 0.000966757
 0.834665 0.127313 0.0301119 0.00658172 0.00132768
 0.962811 0.0314518 0.00442152 0.00104185 0.000273603
 0.452551 0.52839 0.0161258 0.0022606 0.000672451
 0.942044 0.0270484 0.0298339 0.00090868 0.000165258
 0.673577 0.308534 0.00835817 0.00920033 0.000331151
 0.727066 0.187716 0.0805592 0.00217675 0.00248197
 0.796129 0.150671 0.036615 0.015678 0.000906543
 0.815701 0.148424 0.0265279 0.00643393 0.0029139
 0.394028 0.499595 0.0857069 0.0152852 0.00538554
 0.806555 0.0784824 0.0948045 0.0162413 0.00391678
 0.706104 0.239193 0.0222102 0.0267951 0.00569699
 0.510329 0.350389 0.113383 0.0105154 0.0153823
 0.796852 0.105925 0.0695909 0.022495 0.00513773
 0.752463 0.199073 0.0252846 0.0165917 0.00658771
 0.40223 0.454558 0.115196 0.0146165 0.0133988
 0.507195 0.203595 0.219981 0.0556869 0.013542
pobs_pel_tallas
 0 0 0 0 0 0 0 0 0 0 0 0 0 0 0 0 0 0 0 0 0 0 0 0 0 0
 0 0 0 0 0 0 0 0 0 0 0 0 0 0 0 0 0 0 0 0 0 0 0 0 0 0
 0 0 0 0 0 0 0 0 0 0 0 0 0 0 0 0 0 0 0 0 0 0 0 0 0 0
 0 0 0 0 0 0 0 0 0 0 0 0 0 0 0 0 0 0 0 0 0 0 0 0 0 0
 0 0 0 0 0 0 0 0 0 0 0 0 0 0 0 0 0 0 0 0 0 0 0 0 0 0
 0 0 0 0 0 0 0 0 0 0 0 0 0 0 0 0 0 0 0 0 0 0 0 0 0 0
 0 0 0 0 0 0 0 0 0 0 0 0 0 0 0 0 0 0 0 0 0 0 0 0 0 0
 0 0 0 0 0 0 0 0 0 0 0 0 0 0 0 0 0 0 0 0 0 0 0 0 0 0
 0 0 0 0 0 0 0 0 0 0 0 0 0 0 0 0 0 0 0 0 0 0 0 0 0 0
 0 0 0 0 0 0 0 0 0 0 0 0 0 0 0 0 0 0 0 0 0 0 0 0 0 0
 0 0 0 0 0 0 0 0 0 0 0 0 0 0 0 0 0 0 0 0 0 0 0 0 0 0
 0 0 0 0 0 0 0 0 0 0 0 0 0 0 0 0 0 0 0 0 0 0 0 0 0 0
 0.00862536 0 0 0.000197151 0.00414017 0.0128641 0.00837892 0.0270097 0.101434 0.158115 0.152841 0.127902 0.109271 0.109419 0.0830992 0.0579132 0.0238553 0.00714673 0.00463305 0.00128148 0.00103504 0.000492878 0.000147863 0.000147863 4.92878e-05 0
 0 0 0 0 0 0 0 0 0 0 0 0 0 0 0 0 0 0 0 0 0 0 0 0 0 0
 0 0 0 0 0 0 0 0.0054083 0.00873648 0.0413646 0.0450493 0.0745869 0.0622846 0.0627006 0.0613931 0.0827291 0.12552 0.122667 0.0946155 0.0697135 0.0546179 0.0294188 0.0215738 0.0213955 0.0102223 0.00600262
 0 0 0 0 0.00359764 0.0251062 0.0480494 0.140153 0.205849 0.193036 0.1447 0.116669 0.0760912 0.0342217 0.00950174 0.001854 0.000860785 0 0 0 0.000165536 0 0.000143464 0 0 0
 0 0 0 0 0 0 0 0.000145254 0.000435761 0.0275982 0.070085 0.0708112 0.156366 0.174668 0.174014 0.160142 0.0824315 0.0480064 0.0283245 0.00493863 0.00203355 0 0 0 0 0
 0 0 0 0 0 0 0 0 0 0 0 0 0 0 0 0 0 0 0 0 0 0 0 0 0 0
 0 0 1.00437e-05 0.000401748 0.00122533 0.00171747 0.00176769 0.0269171 0.070346 0.194647 0.189555 0.159765 0.064822 0.0314167 0.0384472 0.0292271 0.0345202 0.0313363 0.0194345 0.0106764 0.0143323 0.0359363 0.0279516 0.0138201 0.00172751 0
 0 0.0021121 0.0136068 0.0755702 0.200478 0.177729 0.0527432 0.0373336 0.0318909 0.0142505 0.0149659 0.0166563 0.0217959 0.0798694 0.0677717 0.0528807 0.04013 0.0224614 0.0357745 0.0225083 0.00881397 0.00855152 0.00135912 0.000746735 0 0
 0 0 0 0 5.4009e-05 0.00500934 0.000945158 0.0243581 0.138947 0.33067 0.221406 0.137944 0.0707744 0.0437923 0.0131692 0.00525238 0.0047753 0.00276346 9.45158e-05 9.00151e-06 2.25038e-05 9.00151e-06 4.50075e-06 0 0 0
 0.000866109 0.00284123 0.00948549 0.0512746 0.133035 0.25785 0.225252 0.132002 0.0553304 0.0519788 0.0540692 0.017754 0.00435017 0.00159236 0.00146478 0.000404838 0.000125132 0.000115318 0.000107957 0.000100596 0 0 0 0 0 0
 0 0 0 0 0.00144013 0.00171154 0.00461396 0.0210425 0.0478622 0.0707936 0.0888783 0.103762 0.0637923 0.0337046 0.0602308 0.124433 0.169614 0.0934646 0.0462172 0.0250306 0.0313229 0.00938855 0.002487 0.000210481 0 0
 0 0.00764035 0.051015 0.0998891 0.058973 0.0496711 0.0374665 0.0718981 0.12319 0.153886 0.159021 0.0857701 0.0377988 0.023471 0.0147837 0.00900784 0.00315554 0.000888139 0.00291439 0.00214683 0.00393193 0.00274676 0.000635225 9.99891e-05 0 0
 0 0 0 0 0 0 0 0 0 0 0 0 0 0 0 0 0 0 0 0 0 0 0 0 0 0
 0 0 0 0 0 0 0 0 0 0 0 0 0 0 0 0 0 0 0 0 0 0 0 0 0 0
 0 0 0 0 0 0 0 0 0 0 0 0 0 0 0 0 0 0 0 0 0 0 0 0 0 0
 0 0 0 0 0 0 0 0 0 0 0 0 0 0 0 0 0 0 0 0 0 0 0 0 0 0
 0 0 0 0 0 0 0 0 0 0 0 0 0 0 0 0 0 0 0 0 0 0 0 0 0 0
 0 0 0 0 0 0 0 0 0 0 0 0 0 0 0 0 0 0 0 0 0 0 0 0 0 0
ppred_pel_tallas
 1.10146e-16 4.75908e-05 0.0004626 0.00307414 0.0139746 0.0434802 0.0926396 0.135213 0.135225 0.0926986 0.0436794 0.0145551 0.00455114 0.00375257 0.00648791 0.0111503 0.0172187 0.0240644 0.030988 0.0375238 0.0434578 0.0484757 0.0518277 0.0524592 0.049607 0.0433865
 1.16254e-16 4.33206e-05 0.000421091 0.0027983 0.0127207 0.0395789 0.0843281 0.123085 0.123112 0.08446 0.0400221 0.0140019 0.00601823 0.00746425 0.0134631 0.0223097 0.0324383 0.0414847 0.047125 0.0484348 0.0464856 0.0435813 0.0417169 0.041452 0.0418971 0.0415575
 1.11743e-16 5.56489e-05 0.000540927 0.00359465 0.0163408 0.0508423 0.108326 0.158108 0.158125 0.108409 0.0511216 0.0171488 0.00562841 0.00499912 0.00857746 0.014238 0.0208522 0.026967 0.0311463 0.0327655 0.032361 0.0311757 0.0302713 0.0299238 0.0296724 0.0288101
 1.04618e-16 6.61399e-05 0.000642904 0.00427232 0.0194214 0.0604271 0.128747 0.187913 0.187926 0.128811 0.0606422 0.0200431 0.00583431 0.00405764 0.00656608 0.01079 0.0156328 0.0198676 0.0222976 0.0223919 0.0205981 0.0180141 0.0156867 0.0140859 0.0130681 0.0121982
 1.03057e-16 6.07016e-05 0.000590042 0.00392103 0.0178245 0.0554586 0.118161 0.172464 0.172485 0.118262 0.0557968 0.0188014 0.00637361 0.0059453 0.0102351 0.0168346 0.0242693 0.030572 0.0337803 0.0329934 0.028902 0.0233066 0.0180236 0.0140342 0.0113678 0.00953724
 1.02094e-16 6.79454e-05 0.000660453 0.00438894 0.0199515 0.0620766 0.132261 0.193042 0.193054 0.132323 0.0622837 0.0205499 0.00589232 0.00394682 0.00632254 0.0103792 0.0150251 0.0190611 0.021308 0.0212142 0.0191621 0.0161704 0.0132446 0.0108951 0.00910486 0.00761382
 1.03681e-16 4.70257e-05 0.000457107 0.00303764 0.0138087 0.0429641 0.0915408 0.133614 0.133648 0.0917093 0.0435298 0.0154428 0.0071397 0.00941283 0.0170582 0.028133 0.0405382 0.0510119 0.0562563 0.0547465 0.0476275 0.0379143 0.0286676 0.0215712 0.0167308 0.0133928
 1.08194e-16 4.50723e-05 0.000438118 0.00291145 0.0132351 0.0411793 0.0877378 0.128061 0.128087 0.0878643 0.0416046 0.014466 0.00601031 0.00723299 0.0130379 0.0217129 0.0318104 0.0411226 0.0473931 0.0495321 0.0481537 0.0449325 0.0413544 0.0379143 0.0342609 0.0299017
 1.09684e-16 5.37957e-05 0.000522914 0.00347495 0.0157966 0.0491492 0.104718 0.152843 0.152862 0.10481 0.0494581 0.0166903 0.00572407 0.0054522 0.0094732 0.0157295 0.0230197 0.0297322 0.0342657 0.035912 0.0352419 0.0335996 0.0321252 0.0311009 0.0300313 0.0282124
 1.04473e-16 6.71694e-05 0.000652911 0.00433882 0.0197237 0.0613677 0.130751 0.190837 0.190849 0.130809 0.0615637 0.0202903 0.00576269 0.00376672 0.00599732 0.00985254 0.0142924 0.0182027 0.0205009 0.0207067 0.0192207 0.0170238 0.0150417 0.0136742 0.0127717 0.0119354
 1.01288e-16 7.27815e-05 0.000707462 0.00470134 0.0213716 0.066495 0.141675 0.206781 0.20679 0.14172 0.0666471 0.0218109 0.00580397 0.00311467 0.00464493 0.00756507 0.010894 0.0137071 0.015116 0.0147148 0.0128176 0.0102425 0.00781796 0.00599609 0.00479595 0.00399738
 1.00943e-16 6.7619e-05 0.000657281 0.00436786 0.0198557 0.0617785 0.131626 0.192115 0.192131 0.131701 0.0620299 0.0205817 0.00618978 0.00463282 0.00761277 0.0124649 0.0179174 0.0224628 0.0246122 0.0236766 0.0201746 0.0154827 0.0110211 0.0076054 0.00533604 0.00389948
 1.01477e-16 6.40297e-05 0.000622391 0.00413601 0.0188017 0.0584992 0.124639 0.181918 0.181936 0.124727 0.0587922 0.0196481 0.00626101 0.00526274 0.00888108 0.0145915 0.021037 0.0265013 0.0292738 0.0285543 0.0249124 0.0198777 0.0150073 0.0111653 0.00842971 0.00646055
 1.02236e-16 6.19175e-05 0.00060186 0.00399957 0.0181815 0.0565695 0.120528 0.175918 0.175937 0.120621 0.0568806 0.0190804 0.00625715 0.00553395 0.00943992 0.0155368 0.0224417 0.0283583 0.0314916 0.0310022 0.0274835 0.0225195 0.0177004 0.0138741 0.0110707 0.00891139
 1.01787e-16 6.87503e-05 0.000668277 0.00444094 0.0201879 0.062812 0.133828 0.195329 0.195341 0.133888 0.0630138 0.0207708 0.0059051 0.0038677 0.00615424 0.0100894 0.0145836 0.0184562 0.0205494 0.0203241 0.0181642 0.0150869 0.0121048 0.00974407 0.0080022 0.00661983
 1.00287e-16 7.93055e-05 0.000770878 0.00512275 0.0232873 0.0724554 0.154374 0.225314 0.225317 0.154389 0.0725052 0.0234309 0.00548333 0.00155802 0.0015742 0.00247685 0.00356003 0.00447599 0.00492933 0.00478511 0.00414415 0.00327279 0.00244257 0.00180452 0.00137073 0.00107655
 1.00941e-16 3.72761e-05 0.000362337 0.00240786 0.0109458 0.0340568 0.0725634 0.105919 0.10597 0.0728118 0.0348903 0.0133521 0.00844323 0.0135219 0.0249833 0.0411217 0.0589477 0.073525 0.0798486 0.0756102 0.0626056 0.0455937 0.0295592 0.0174757 0.00983925 0.00560825
 1.00988e-16 7.75949e-05 0.00075425 0.00501226 0.022785 0.0708926 0.151044 0.220454 0.220457 0.151057 0.0709362 0.0229115 0.00533162 0.00145775 0.00143213 0.0022927 0.00340618 0.00451296 0.00539655 0.00594265 0.00617661 0.00619642 0.00606375 0.00575647 0.0052168 0.0044358
 1.01299e-16 5.54817e-05 0.000539302 0.00358385 0.0162917 0.0506896 0.108001 0.157636 0.157666 0.108146 0.0511764 0.0176968 0.00710833 0.00822447 0.0146252 0.0240233 0.0344443 0.0429873 0.0467409 0.0443734 0.0369488 0.0272516 0.0181793 0.011431 0.00724029 0.00493944
 1.03012e-16 5.98875e-05 0.000582128 0.00386845 0.0175854 0.0547148 0.116576 0.17015 0.170169 0.116665 0.0550134 0.0184488 0.00603948 0.00533435 0.00912263 0.0150837 0.0219466 0.0280598 0.0317585 0.0322362 0.0299625 0.0262561 0.0223902 0.0189694 0.0159481 0.0130588
 1.02821e-16 6.55761e-05 0.000637423 0.0042359 0.0192558 0.059912 0.127649 0.186311 0.186326 0.127721 0.0601509 0.019946 0.00596974 0.00442697 0.00727612 0.0119608 0.0173082 0.0219452 0.0245176 0.0244026 0.0220635 0.0186987 0.0154797 0.0129823 0.0111457 0.00961227
 1.01942e-16 6.71882e-05 0.000653093 0.00434004 0.0197292 0.0613849 0.130788 0.190891 0.190906 0.130857 0.0616198 0.0204078 0.00604388 0.00437414 0.00713869 0.0117073 0.0168865 0.0212945 0.0235698 0.0230838 0.0203055 0.0164665 0.0128069 0.00999279 0.0080445 0.00664145
 1.05046e-16 3.24556e-05 0.00031548 0.00209648 0.00953033 0.0296526 0.0631799 0.092223 0.0922711 0.0634153 0.0304431 0.0118139 0.00782952 0.0128343 0.0238184 0.0393522 0.0567469 0.0714874 0.0789773 0.077078 0.067355 0.0539632 0.0411168 0.0311283 0.0241515 0.0191874
 1.05048e-16 6.64349e-05 0.000645771 0.00429137 0.019508 0.0606966 0.129321 0.188749 0.188757 0.129358 0.0608235 0.0198763 0.00522242 0.00269988 0.00403103 0.00672487 0.0100686 0.0134722 0.0163602 0.0184389 0.0197932 0.0206732 0.0211686 0.0210815 0.0200976 0.018075
 1.04354e-16 5.81609e-05 0.000565345 0.00375692 0.0170784 0.0531374 0.113216 0.165246 0.16527 0.113328 0.0535154 0.0181702 0.00649703 0.00654591 0.0114135 0.0187706 0.0270241 0.0339729 0.0374277 0.0364116 0.0317578 0.0255575 0.0199026 0.0158934 0.013486 0.0119975
 1.0702e-16 4.20352e-05 0.000408597 0.00271528 0.0123433 0.0384047 0.0818265 0.119435 0.119469 0.081992 0.0389609 0.013951 0.00675572 0.00924497 0.0168709 0.0279472 0.0405408 0.0515778 0.0579307 0.0581294 0.0531753 0.0457356 0.0384144 0.0324875 0.0278492 0.023792
 1.05161e-16 6.56356e-05 0.000638002 0.00423975 0.0192733 0.0599664 0.127765 0.186479 0.186489 0.127815 0.0601358 0.0197638 0.0054756 0.00335091 0.00526228 0.00871233 0.0128185 0.0166991 0.0194939 0.0208031 0.0208791 0.020353 0.0197293 0.0190795 0.0181297 0.016582
 1.0356e-16 6.19794e-05 0.000602462 0.00400357 0.0181997 0.056626 0.120648 0.176094 0.176113 0.120742 0.0569408 0.019109 0.00628607 0.00558553 0.00952701 0.0156562 0.0225596 0.0284014 0.0313612 0.0306182 0.0268454 0.0217519 0.0170484 0.0136366 0.0114933 0.010088
 1.07174e-16 3.31313e-05 0.000322048 0.00214012 0.00972871 0.0302699 0.0644948 0.0941412 0.0941851 0.0647093 0.0309904 0.0118107 0.00737014 0.011752 0.0217782 0.0360492 0.0521547 0.066061 0.073656 0.0730174 0.0655044 0.054726 0.0442684 0.0359882 0.0298672 0.0249817
 1.14277e-16 4.17771e-05 0.000406088 0.0026986 0.0122674 0.0381687 0.0813232 0.118698 0.118718 0.0814207 0.0384972 0.0132204 0.00510607 0.00571267 0.0102702 0.0173067 0.0258515 0.034453 0.0416194 0.0466229 0.049776 0.051865 0.0532592 0.0535116 0.0517516 0.0474346
pSPR Fmed_Fpbrs
0.512637   0.236495 0.236495
Fs Fmed_Fpbrs
0.403759   1.005 1.005
SSBpbr Bo_Bmed_Bpbrs
1.4738e+06  681836  274857 274857
Ro
130614
SPR SPRFo_SPRFmed_SPRFpbrs
929760 476630 219884
Fref
1.005
log_Ro
11.6
likeval ReclasPelacesDesembMPH_pf_preclas_ppelaces_ptallas_desvR_qrecl_qpela
 11.9945 16.4509 0.0285081 0.000820781 229.236 103.685 77.8046 0 24.2076 5.14372e-06 1.63289e-05 0.141742 0 0 0
q_reclas_q_pelaces
1.37903 1.77695
M
1
N
 166524 35533.4 83517.6 5833.01 0.208126
 92525.6 52546.8 10536.1 24647.8 1721.07
 92615 25630.8 12974 2578.87 6451.14
 135916 25773.1 6369.13 3196.5 2223.73
 110178 32598.5 5196.85 1267.53 1077.91
 209590 35112.9 9801.34 1555.67 701.931
 80566.7 59830.5 9043.59 2504.85 576.712
 33536.9 16433.1 9607.12 1426.13 485.469
 33602 11130.5 5230.86 3048.43 606.462
 45752.2 8192.24 2296.58 1065.77 744.161
 85332.6 9410.35 1330.99 366.532 288.58
 124808 27729.3 2907.87 409.725 201.624
 104075 28124.8 5122.13 529.127 111.152
 72466.3 24174.5 5421.31 973.517 121.599
 65356 11856.6 2847.44 622.891 125.656
 356148 13196.4 1876.95 442.547 116.223
 65791.8 82788.4 2546.42 357.121 106.234
 580095 17802.5 19777.5 602.617 109.598
 316046 160878 4402.58 4848.82 174.531
 275650 78070.9 33812.7 914.087 1042.29
 349786 70763.5 17320.6 7419.31 429.013
 485797 96974.5 17491.9 4244.48 1922.36
 94068 124690 21509.3 3837.17 1351.99
 275990 27860.9 33821.7 5795.67 1397.71
 238076 83627.7 7803.35 9416.69 2002.14
 102748 72243.2 23470 2177.11 3184.79
 235003 32358.6 21361.8 6906.93 1577.52
 264133 71534.9 9121.52 5986.79 2377.07
 72082.9 83271.3 21183.7 2688.42 2464.47
 54040.6 22821.6 24806.7 6281.7 1527.62
pred_Ctot
 15161.4 4434.63 10630.5 743.228 0.0265203
 14783.5 11281.4 2303.61 5394.21 376.678
 14585.7 5427.56 2798 556.705 1392.69
 30954.8 7726.38 1941.53 975.269 678.504
 9421.8 3827.14 622.329 151.948 129.224
 30299.3 6851.41 1948.29 309.537 139.673
 23792.6 22764.1 3493.44 968.375 222.966
 2091.62 1416.25 844.943 125.563 42.7454
 7406.51 3236.67 1546.98 902.354 179.525
 13361.5 3085.66 878.303 407.922 284.839
 6357.83 965.572 139.334 38.4112 30.2438
 31800.3 9221.6 982.725 138.586 68.2008
 25166.9 8912.96 1650.07 170.604 35.8398
 27128.1 11355.9 2580.75 463.758 57.9286
 19557.9 4565.43 1113.07 243.684 49.1605
 86006.1 4176.83 603.901 142.512 37.4284
 11276.6 19000.9 595.024 83.5285 24.8487
 92353.6 3809 4309.42 131.434 23.9052
 67782.2 45603.2 1269.38 1399.3 50.3696
 54210.9 20403.9 8992.12 243.316 277.455
 55744.7 15155.3 3777.76 1619.78 93.6664
 95579.7 25354.3 4653.59 1130.26 511.927
 11796 21222.8 3731.05 666.276 234.769
 31253.2 4297.36 5318.02 912.224 220.008
 26775.7 12813.7 1218.88 1472.39 313.071
 9467.36 9121.68 3022.27 280.643 410.563
 26032.4 4885.87 3288.22 1064.27 243.09
 24182.8 8976.32 1167.33 766.966 304.543
 6429.35 10186.3 2642.98 335.771 307.818
 7306.82 4176.33 4625.51 1172.47 285.142
F
 0.153432 0.215665 0.220369 0.220622 0.220636
 0.283691 0.398759 0.407457 0.407926 0.40795
 0.279119 0.392332 0.40089 0.401351 0.401375
 0.427772 0.60128 0.614396 0.615102 0.615139
 0.14353 0.201747 0.206148 0.206385 0.206397
 0.253636 0.356512 0.364289 0.364708 0.36473
 0.589788 0.829011 0.847094 0.848068 0.848119
 0.10296 0.144722 0.147879 0.148049 0.148058
 0.411398 0.578264 0.590878 0.591557 0.591593
 0.581431 0.817264 0.835091 0.836051 0.836101
 0.124066 0.174388 0.178192 0.178397 0.178408
 0.490123 0.68892 0.703948 0.704757 0.7048
 0.45981 0.646312 0.66041 0.661169 0.661209
 0.810239 1.13888 1.16372 1.16506 1.16513
 0.599906 0.843233 0.861627 0.862617 0.862669
 0.459058 0.645256 0.659331 0.660089 0.660129
 0.307156 0.431741 0.441159 0.441666 0.441693
 0.282545 0.397148 0.405811 0.406277 0.406302
 0.398268 0.559809 0.57202 0.572678 0.572713
 0.359787 0.505719 0.516751 0.517345 0.517376
 0.282872 0.397607 0.406281 0.406748 0.406772
 0.359961 0.505964 0.517001 0.517595 0.517627
 0.216793 0.304726 0.311373 0.311731 0.31175
 0.193989 0.272672 0.27862 0.27894 0.278957
 0.192552 0.270652 0.276556 0.276874 0.27689
 0.155401 0.218433 0.223197 0.223454 0.223468
 0.189415 0.266243 0.27205 0.272363 0.27238
 0.154347 0.216951 0.221684 0.221938 0.221952
 0.150107 0.210991 0.215594 0.215841 0.215855
 0.235514 0.33104 0.338261 0.33865 0.338671
nmprior
 8 8 7 0
nm_flota  nm_reclas  nm_pelaces    nm_pelaL
inf 13.6156 18.2136 32.5442
cv_recla  cv_pelaces  cv_mph
0.320641 0.477265 0.884136
 ------------------------------------------------
Talla a la edad & desviación 
 8 13.2811 15.8009 17.003 17.5766
 0.8 1.32811 1.58009 1.7003 1.75766
