    unsorted:	 3.145200611e-06 1.728823760e-06 1.967421644e-05 0.001099981834 59.12597276 5.948570207 15.78562832 46.77755994 78.40067476 99.83968641 140.6611501 218.6659003 242.4312150 387.7629973 379.5125473 397.6680536 359.3362698 450.1406622 477.4198508 791.5270676 785.2664125 800.9838441 811.1456694 751.3140025 723.4602940 716.6934204 875.5818184 900.2071125 970.4141538 995.1983515 1032.623693 1047.869209 1103.608857 1166.223584 1190.485544 1224.954023 1264.016581 1354.087789 1440.114360 1750.570063 2723.275179 18151.04211 32272.34215 83495.00809 282061.8511 258001.1742 263332.8522 244178.9208 246261.0436 234449.1973 289549.5411 160533.7707 308640.1942 329014.6094 475968.4223 652533.1242 673857.7135 731254.6479 912915.0259 1011713.126 1383438.078 1640485.076 1806373.330 1972845.288 2195085.891 2554212.205 2724343.918 2971997.151 3267335.724 3337739.718 3716459.259 4094999.148 4432748.145 6180277.783 98550786.73
      sorted:	 1.728823760e-06 3.145200611e-06 1.967421644e-05 0.001099981834 5.948570207 15.78562832 46.77755994 59.12597276 78.40067476 99.83968641 140.6611501 218.6659003 242.4312150 359.3362698 379.5125473 387.7629973 397.6680536 450.1406622 477.4198508 716.6934204 723.4602940 751.3140025 785.2664125 791.5270676 800.9838441 811.1456694 875.5818184 900.2071125 970.4141538 995.1983515 1032.623693 1047.869209 1103.608857 1166.223584 1190.485544 1224.954023 1264.016581 1354.087789 1440.114360 1750.570063 2723.275179 18151.04211 32272.34215 83495.00809 160533.7707 234449.1973 244178.9208 246261.0436 258001.1742 263332.8522 282061.8511 289549.5411 308640.1942 329014.6094 475968.4223 652533.1242 673857.7135 731254.6479 912915.0259 1011713.126 1383438.078 1640485.076 1806373.330 1972845.288 2195085.891 2554212.205 2724343.918 2971997.151 3267335.724 3337739.718 3716459.259 4094999.148 4432748.145 6180277.783 98550786.73
