years
 1991 1992 1993 1994 1995 1996 1997 1998 1999 2000 2001 2002 2003 2004 2005 2006 2007 2008 2009 2010 2011 2012 2013 2014 2015 2016 2017 2018 2019 2020
reclasobs
 0 0 0 0 0 0 0 0 0 252601 567819 844713 477998 351125 339783 2.1784e+06 2.13404e+06 4.81314e+06 1.55562e+06 2.62356e+06 3.21686e+06 3.843e+06 1.13348e+06 3.07943e+06 1.97215e+06 2.03268e+06 2.025e+06 2.42433e+06 2.27542e+06 1.05018e+06
reclaspred
 3.24856e+06 1.84279e+06 933737 932434 931072 1.43608e+06 952140 855663 629482 469001 507326 634982 628901 503023 508618 1.24738e+06 1.23638e+06 2.68892e+06 2.24761e+06 1.73811e+06 3.06046e+06 2.45452e+06 1.97745e+06 3.00432e+06 2.26919e+06 2.00867e+06 2.37444e+06 2.49027e+06 2.05459e+06 1.31559e+06
pelacesobs
 0 0 0 0 0 0 0 0 0 0 0 0 0 0 0 552880 188675 0 991730 2.46772e+06 1.41603e+06 1.21717e+06 2.29649e+06 1.80582e+06 0 1.4828e+06 1.56532e+06 1.57751e+06 1.42118e+06 867257
pelacespred
 1.85294e+06 1.17747e+06 603154 490576 502305 799763 505822 542271 393336 280347 308722 325035 352066 301171 310017 626519 620078 1.53882e+06 1.34186e+06 965752 1.62181e+06 1.43943e+06 1.14377e+06 1.88652e+06 1.38227e+06 1.21559e+06 1.63374e+06 1.69362e+06 1.15009e+06 839425
mphobs
 0 0 0 0 0 0 0 0 0 0 0 498337 0 5186 125008 0 168611 109162 213762 579715 649985 157893 87575 83554 0 0 0 0 0 0
mphpred
 490165 328411 166369 90305.5 100103 111928 146837 97470.6 85566.6 60775.2 41068.2 59698.6 64205.3 55414.5 39370.9 48771.1 145026 140983 267973 207915 230633 280430 263019 219244 300433 248557 205101 218669 299717 205495
desembarqueobs
 494567 514787 250237 358949 120608 361735 552515 73892 212993 205616 52469 317467 293654 387597 252695 516296 358380 742168 942051 627588 828172 859565 418607 520667 417249 300574 407403 355545 319650 289779
desembarquepred
 494574 513336 250976 358972 120612 361748 552563 73895.5 213034 205654 52471.2 317529 293706 387649 252698 516279 358405 742103 941923 627498 828229 859586 418616 520686 417250 300576 407404 355535 319646 289788
Reclutas
 221979 128084 126067 225536 180618 301843 127289 60055 55585.8 73185.9 133589 168954 141556 98939.8 101197 532661 118132 818545 478089 385766 550533 729258 158783 466142 393514 177084 398838 439507 126297 98306
log_desv_Rt
 0.0856461 -0.464245 -0.480123 0.101545 -0.120548 0.392974 -0.470477 -1.22167 -1.29901 -1.02393 -0.42217 -0.187308 -0.364237 -0.722423 -0.699863 0.96095 -0.545129 1.39059 0.852862 0.638296 0.993952 1.27509 -0.249395 0.827556 0.658181 -0.140313 0.67162 0.768719 -0.478298 -0.728849
SSB
 4.05616e+06 2.71763e+06 1.37672e+06 747285 828360 926210 1.21509e+06 806577 708071 502920 339843 494011 531304 458559 325797 403585 1.2001e+06 1.16665e+06 2.21749e+06 1.72051e+06 1.90851e+06 2.32058e+06 2.17651e+06 1.81426e+06 2.48611e+06 2.05683e+06 1.69723e+06 1.8095e+06 2.48019e+06 1.70048e+06
BT
 5.37313e+06 3.65868e+06 1.86553e+06 1.61537e+06 1.43805e+06 2.44722e+06 1.84939e+06 1.51434e+06 1.26331e+06 949065 871282 1.1372e+06 1.20929e+06 1.20968e+06 1.08306e+06 2.09565e+06 1.93878e+06 4.7707e+06 4.49674e+06 3.14481e+06 5.00795e+06 4.65729e+06 3.42469e+06 5.52909e+06 4.08057e+06 3.51719e+06 4.7841e+06 4.88446e+06 3.33948e+06 2.52647e+06
Ftot
 0.104739 0.189297 0.183837 0.273716 0.0920139 0.182436 0.392896 0.061122 0.237367 0.30531 0.0765329 0.353333 0.329299 0.536505 0.360709 0.309709 0.201355 0.204735 0.29451 0.255342 0.194211 0.249521 0.146907 0.12731 0.129878 0.105197 0.125538 0.105206 0.1066 0.152319
BD_Bspro_t
 0.983381 0.876275 0.742608 0.663048 0.656332 0.720973 0.711931 0.572482 0.625487 0.59206 0.565283 0.731485 0.624682 0.54226 0.443252 0.49766 0.647697 0.629268 0.710089 0.625728 0.606127 0.64893 0.661164 0.657472 0.749487 0.757084 0.764012 0.795903 0.832338 0.775728
BD_Bspro
 2.79652 1.87367 0.949179 0.515216 0.571112 0.638575 0.837744 0.556094 0.488179 0.346738 0.234304 0.340595 0.366307 0.316154 0.224621 0.278251 0.827407 0.804344 1.52885 1.18621 1.31582 1.59992 1.50059 1.25084 1.71404 1.41808 1.17015 1.24756 1.70996 1.1724
BD_Bo
 1.8206 1.2198 0.617939 0.335418 0.371809 0.415729 0.545393 0.362031 0.317817 0.225735 0.152538 0.221736 0.238475 0.205824 0.146234 0.181149 0.538663 0.523648 0.995321 0.772251 0.856632 1.04159 0.976923 0.814329 1.11589 0.923208 0.761798 0.812194 1.11323 0.763261
BD_Brms
 3.31019 2.21783 1.12353 0.609852 0.676016 0.75587 0.991623 0.658239 0.577849 0.410428 0.277342 0.403157 0.433592 0.374225 0.26588 0.329361 0.979388 0.952088 1.80967 1.40409 1.55751 1.8938 1.77622 1.4806 2.02888 1.67856 1.38509 1.47672 2.02405 1.38775
Sel_flota
 0.854838 1 1 1 1
 0.854838 1 1 1 1
 0.854838 1 1 1 1
 0.854838 1 1 1 1
 0.854838 1 1 1 1
 0.854838 1 1 1 1
 0.854838 1 1 1 1
 0.854838 1 1 1 1
 0.854838 1 1 1 1
 0.854838 1 1 1 1
 0.854838 1 1 1 1
 0.854838 1 1 1 1
 0.854838 1 1 1 1
 0.854838 1 1 1 1
 0.854838 1 1 1 1
 0.854838 1 1 1 1
 0.854838 1 1 1 1
 0.854838 1 1 1 1
 0.854838 1 1 1 1
 0.854838 1 1 1 1
 0.854838 1 1 1 1
 0.854838 1 1 1 1
 0.854838 1 1 1 1
 0.854838 1 1 1 1
 0.854838 1 1 1 1
 0.854838 1 1 1 1
 0.854838 1 1 1 1
 0.854838 1 1 1 1
 0.854838 1 1 1 1
 0.854838 1 1 1 1
Sel_reclas
 1 1 1 1 1
 1 1 1 1 1
 1 1 1 1 1
 1 1 1 1 1
 1 1 1 1 1
 1 1 1 1 1
 1 1 1 1 1
 1 1 1 1 1
 1 1 1 1 1
 1 1 1 1 1
 1 1 1 1 1
 1 1 1 1 1
 1 1 1 1 1
 1 1 1 1 1
 1 1 1 1 1
 1 1 1 1 1
 1 1 1 1 1
 1 1 1 1 1
 1 1 1 1 1
 1 1 1 1 1
 1 1 1 1 1
 1 1 1 1 1
 1 1 1 1 1
 1 1 1 1 1
 1 1 1 1 1
 1 1 1 1 1
 1 1 1 1 1
 1 1 1 1 1
 1 1 1 1 1
 1 1 1 1 1
Sel_pelaces
 1 1 1 1 1
 1 1 1 1 1
 1 1 1 1 1
 1 1 1 1 1
 1 1 1 1 1
 1 1 1 1 1
 1 1 1 1 1
 1 1 1 1 1
 1 1 1 1 1
 1 1 1 1 1
 1 1 1 1 1
 1 1 1 1 1
 1 1 1 1 1
 1 1 1 1 1
 1 1 1 1 1
 1 1 1 1 1
 1 1 1 1 1
 1 1 1 1 1
 1 1 1 1 1
 1 1 1 1 1
 1 1 1 1 1
 1 1 1 1 1
 1 1 1 1 1
 1 1 1 1 1
 1 1 1 1 1
 1 1 1 1 1
 1 1 1 1 1
 1 1 1 1 1
 1 1 1 1 1
 1 1 1 1 1
pf_obs 
 0.8446 0.082 0.0669 0.0065 0
 0.8095 0.147 0.0364 0.0071 0
 0.9664 0.0169 0.016 0.0007 0
 0.9276 0.0648 0.0075 0.0001 0
 0.7033 0.2144 0.0806 0.0017 0
 0.9318 0.0425 0.0243 0.0014 0
 0.5671 0.3108 0.0964 0.0239 0.0018
 0.0768 0.2599 0.5324 0.112 0.0189
 0.490249 0.384438 0.106611 0.0170017 0.00170017
 0.7925 0.1577 0.0466 0.003 0.0002
 0.840416 0.127587 0.0312969 0.00059994 9.999e-05
 0.8084 0.0986 0.0794 0.0134 0.0002
 0.7335 0.1905 0.0724 0.0035 0.0001
 0.4001 0.4547 0.1325 0.0127 0
 0.49795 0.308269 0.164784 0.0264974 0.00249975
 0.9179 0.0499 0.0305 0.0017 0
 0.2467 0.6533 0.0926 0.0074 0
 0.9418 0.0223 0.034 0.0019 0
 0.707729 0.231977 0.0356964 0.0245975 0
 0.517169 0.277429 0.184464 0.0207286 0.00020938
 0.811772 0.124168 0.05621 0.00726502 0.000585176
 0.764997 0.148141 0.077277 0.00933861 0.000247198
 0.163321 0.427699 0.378323 0.0303852 0.000271297
 0.753843 0.0900009 0.118128 0.0371064 0.000921714
 0.721811 0.176058 0.0630433 0.0369309 0.00215725
 0.143369 0.312575 0.442814 0.0836902 0.0175525
 0.692698 0.0596174 0.167031 0.0765114 0.00414204
 0.394062 0.376323 0.152708 0.0712218 0.00568511
 0.125707 0.32114 0.495352 0.0537591 0.00404204
 0.23352 0.215282 0.420074 0.123614 0.00750983
pf_pred 
 0.43315 0.115532 0.42732 0.0239976 7.50509e-07
 0.412856 0.278437 0.0629187 0.232719 0.0130695
 0.553117 0.203502 0.115417 0.0260809 0.101884
 0.746331 0.151014 0.0467469 0.0265127 0.029395
 0.648125 0.274114 0.046293 0.0143301 0.0171384
 0.744082 0.17523 0.0628563 0.0106153 0.00721597
 0.475943 0.406431 0.0805399 0.0288903 0.0081957
 0.446427 0.289972 0.204435 0.0405116 0.0186543
 0.527933 0.229772 0.126919 0.0894798 0.0258965
 0.685633 0.179766 0.0655152 0.0361886 0.0328974
 0.800153 0.144649 0.0315637 0.0115033 0.0121303
 0.72536 0.226579 0.0347866 0.00759074 0.00568363
 0.671337 0.250174 0.0647531 0.00994153 0.00379363
 0.611802 0.275993 0.0854097 0.0221067 0.00468919
 0.716719 0.186759 0.0686231 0.0212363 0.00666256
 0.927369 0.0547212 0.0118071 0.00433844 0.0017638
 0.389479 0.573175 0.0281367 0.00607103 0.00313766
 0.893099 0.0461415 0.0570433 0.0028002 0.000916463
 0.599075 0.364304 0.0158065 0.0195411 0.0012732
 0.611129 0.249673 0.126484 0.00548791 0.00722659
 0.731435 0.175306 0.059876 0.0303331 0.00304916
 0.738041 0.200176 0.0403291 0.0137745 0.00767958
 0.327544 0.518514 0.117635 0.0236997 0.0126076
 0.740363 0.095002 0.126946 0.0288001 0.00888898
 0.629629 0.285665 0.0309943 0.041416 0.012296
 0.43987 0.374101 0.143483 0.0155678 0.0269784
 0.735105 0.127427 0.0918122 0.0352138 0.0104417
 0.687366 0.239614 0.0351262 0.0253086 0.0125852
 0.346715 0.471577 0.139268 0.0204159 0.0220245
 0.435052 0.217617 0.250722 0.0740441 0.0225642
pobs_RECLAS
 0 0 0 0 0
 0 0 0 0 0
 0 0 0 0 0
 0 0 0 0 0
 0 0 0 0 0
 0 0 0 0 0
 0 0 0 0 0
 0 0 0 0 0
 0 0 0 0 0
 0 0 0 0 0
 0.991045 0.00858322 0.000360255 1.14367e-05 0
 0.934742 0.0480273 0.0164251 0.00080598 0
 0.827803 0.169806 0.00239088 0 0
 0.941827 0.0461693 0.0120037 0 0
 0.791401 0.0380133 0.147996 0.0225897 0
 0.846168 0.0940531 0.0597789 0 0
 0.134021 0.677848 0.182769 0.00536245 0
 0.80878 0.0450904 0.141981 0.00414843 0
 0.846168 0.0940531 0.0597789 0 0
 0.905697 0.0802665 0.012482 0.00150086 5.37128e-05
 0.989698 0.0102097 9.19794e-05 0 0
 0.975433 0.0193895 0.00387452 0.00125025 5.28907e-05
 0.303575 0.632131 0.0575291 0.00676475 0
 0.966965 0.00978017 0.0227588 0.000495775 0
 0.843318 0.132988 0.00938335 0.0141283 0.000182051
 0.564624 0.303363 0.111486 0.0197234 0.00080311
 0.826376 0.0876187 0.0782897 0.00655872 0.00115652
 0.89761 0.0855135 0.0140674 0.00269457 0.000114338
 0.34875 0.467042 0.161289 0.0227151 0.000203297
 0.318654 0.224769 0.449479 0.00709798 0
ppred_RECLAS
 0.472328 0.107547 0.397786 0.022339 6.98638e-07
 0.451975 0.259886 0.0587267 0.217214 0.0121987
 0.592102 0.185749 0.105348 0.0238057 0.0929955
 0.775569 0.133608 0.0413588 0.0234569 0.026007
 0.683269 0.246736 0.0416695 0.0128989 0.0154267
 0.773234 0.155269 0.0556964 0.00940615 0.006394
 0.516702 0.374821 0.0742759 0.0266433 0.00755828
 0.485627 0.269438 0.189958 0.0376428 0.0173333
 0.567611 0.210459 0.116251 0.0819589 0.0237199
 0.71935 0.160485 0.0584885 0.0323072 0.0293691
 0.8242 0.127244 0.0277657 0.0101191 0.0106707
 0.756496 0.200892 0.0308428 0.00673017 0.00503927
 0.706022 0.223773 0.0579196 0.00889237 0.00339327
 0.650471 0.248501 0.0769018 0.0199047 0.00422209
 0.748522 0.165792 0.060919 0.0188522 0.00591458
 0.937527 0.0470686 0.010156 0.00373172 0.00151714
 0.428045 0.536969 0.0263593 0.00568753 0.00293946
 0.907418 0.0399607 0.0494021 0.00242511 0.0007937
 0.637117 0.329737 0.0143067 0.0176869 0.00115239
 0.64854 0.225653 0.114316 0.00495995 0.00653135
 0.7616 0.155616 0.0531509 0.0269262 0.00270669
 0.767862 0.177388 0.0357381 0.0122064 0.00680533
 0.363433 0.490841 0.111357 0.0224348 0.0119347
 0.769659 0.0842825 0.112622 0.0255505 0.007886
 0.665788 0.257776 0.0279684 0.0373727 0.0110956
 0.479143 0.347871 0.133423 0.0144763 0.0250869
 0.764801 0.113142 0.0815196 0.0312661 0.00927116
 0.720319 0.214357 0.0314237 0.022641 0.0112587
 0.383368 0.445119 0.131454 0.0192704 0.0207888
 0.474431 0.202449 0.233246 0.068883 0.0209914
pobs_PELACES
 0 0 0 0 0
 0 0 0 0 0
 0 0 0 0 0
 0 0 0 0 0
 0 0 0 0 0
 0 0 0 0 0
 0 0 0 0 0
 0 0 0 0 0
 0 0 0 0 0
 0 0 0 0 0
 0 0 0 0 0
 0 0 0 0 0
 0 0 0 0 0
 0 0 0 0 0
 0 0 0 0 0
 0 0 0 0 0
 0.505614 0.472636 0.0217494 0 0
 0 0 0 0 0
 0.443492 0.261883 0.143347 0.151278 0
 0.227955 0.32914 0.350689 0.0885471 0.00366901
 0.970185 0.0296113 0.000203453 0 0
 0.997202 0.00247181 0.000326279 0 0
 0.445219 0.490057 0.0546422 0.010081 0
 0.90214 0.0892962 0.00764917 0.000914606 0
 0 0 0 0 0
 0.581667 0.319106 0.0959925 0.00289975 0.000334073
 0.762889 0.0836404 0.116647 0.0363945 0.000428098
 0.88444 0.0763242 0.0277011 0.0115352 0
 0.521256 0.241999 0.230069 0.00667565 0
 0.616807 0.101726 0.260614 0.0208532 0
ppred_PELACES
 0.473578 0.107292 0.396843 0.022286 6.96982e-07
 0.454222 0.25882 0.0584859 0.216323 0.0121487
 0.594227 0.184781 0.104799 0.0236816 0.092511
 0.777843 0.132255 0.0409398 0.0232192 0.0257434
 0.684222 0.245994 0.0415441 0.0128601 0.0153802
 0.774763 0.154223 0.0553209 0.00934274 0.00635089
 0.5214 0.371177 0.0735538 0.0263843 0.0074848
 0.486359 0.269055 0.189688 0.0375893 0.0173086
 0.5704 0.209102 0.115501 0.0814303 0.0235669
 0.722293 0.158802 0.0578751 0.0319684 0.0290611
 0.824731 0.12686 0.0276819 0.0100886 0.0106385
 0.7596 0.198331 0.0304496 0.00664437 0.00497502
 0.709285 0.221289 0.0572766 0.00879366 0.00335561
 0.656291 0.244363 0.0756213 0.0195732 0.00415178
 0.751761 0.163657 0.0601345 0.0186094 0.00583841
 0.93839 0.0464181 0.0100156 0.00368015 0.00149617
 0.430408 0.53475 0.0262504 0.00566403 0.00292732
 0.908239 0.0396065 0.0489642 0.00240361 0.000786664
 0.640373 0.326779 0.0141783 0.0175282 0.00114206
 0.651323 0.223866 0.11341 0.00492067 0.00647963
 0.763285 0.154516 0.0527752 0.0267359 0.00268756
 0.769986 0.175765 0.0354111 0.0120947 0.00674307
 0.365062 0.489584 0.111072 0.0223774 0.0119042
 0.770738 0.0838875 0.112094 0.0254307 0.00784905
 0.66717 0.256709 0.0278527 0.037218 0.0110497
 0.4804 0.347031 0.133101 0.0144413 0.0250263
 0.765881 0.112623 0.0811452 0.0311226 0.00922859
 0.721333 0.21358 0.0313097 0.0225589 0.0112179
 0.384576 0.444247 0.131196 0.0192327 0.0207481
 0.476251 0.201748 0.232439 0.0686445 0.0209187
pobs_pel_tallas
 0 0 0 0 0 0 0 0 0 0 0 0 0 0 0 0 0 0 0 0 0 0 0 0 0 0
 0 0 0 0 0 0 0 0 0 0 0 0 0 0 0 0 0 0 0 0 0 0 0 0 0 0
 0 0 0 0 0 0 0 0 0 0 0 0 0 0 0 0 0 0 0 0 0 0 0 0 0 0
 0 0 0 0 0 0 0 0 0 0 0 0 0 0 0 0 0 0 0 0 0 0 0 0 0 0
 0 0 0 0 0 0 0 0 0 0 0 0 0 0 0 0 0 0 0 0 0 0 0 0 0 0
 0 0 0 0 0 0 0 0 0 0 0 0 0 0 0 0 0 0 0 0 0 0 0 0 0 0
 0 0 0 0 0 0 0 0 0 0 0 0 0 0 0 0 0 0 0 0 0 0 0 0 0 0
 0 0 0 0 0 0 0 0 0 0 0 0 0 0 0 0 0 0 0 0 0 0 0 0 0 0
 0 0 0 0 0 0 0 0 0 0 0 0 0 0 0 0 0 0 0 0 0 0 0 0 0 0
 0 0 0 0 0 0 0 0 0 0 0 0 0 0 0 0 0 0 0 0 0 0 0 0 0 0
 0 0 0 0 0 0 0 0 0 0 0 0 0 0 0 0 0 0 0 0 0 0 0 0 0 0
 0 0 0 0 0 0 0 0 0 0 0 0 0 0 0 0 0 0 0 0 0 0 0 0 0 0
 0.00862536 0 0 0.000197151 0.00414017 0.0128641 0.00837892 0.0270097 0.101434 0.158115 0.152841 0.127902 0.109271 0.109419 0.0830992 0.0579132 0.0238553 0.00714673 0.00463305 0.00128148 0.00103504 0.000492878 0.000147863 0.000147863 4.92878e-05 0
 0 0 0 0 0 0 0 0 0 0 0 0 0 0 0 0 0 0 0 0 0 0 0 0 0 0
 0 0 0 0 0 0 0 0.0054083 0.00873648 0.0413646 0.0450493 0.0745869 0.0622846 0.0627006 0.0613931 0.0827291 0.12552 0.122667 0.0946155 0.0697135 0.0546179 0.0294188 0.0215738 0.0213955 0.0102223 0.00600262
 0 0 0 0 0.00359764 0.0251062 0.0480494 0.140153 0.205849 0.193036 0.1447 0.116669 0.0760912 0.0342217 0.00950174 0.001854 0.000860785 0 0 0 0.000165536 0 0.000143464 0 0 0
 0 0 0 0 0 0 0 0.000145254 0.000435761 0.0275982 0.070085 0.0708112 0.156366 0.174668 0.174014 0.160142 0.0824315 0.0480064 0.0283245 0.00493863 0.00203355 0 0 0 0 0
 0 0 0 0 0 0 0 0 0 0 0 0 0 0 0 0 0 0 0 0 0 0 0 0 0 0
 0 0 1.00437e-05 0.000401748 0.00122533 0.00171747 0.00176769 0.0269171 0.070346 0.194647 0.189555 0.159765 0.064822 0.0314167 0.0384472 0.0292271 0.0345202 0.0313363 0.0194345 0.0106764 0.0143323 0.0359363 0.0279516 0.0138201 0.00172751 0
 0 0.0021121 0.0136068 0.0755702 0.200478 0.177729 0.0527432 0.0373336 0.0318909 0.0142505 0.0149659 0.0166563 0.0217959 0.0798694 0.0677717 0.0528807 0.04013 0.0224614 0.0357745 0.0225083 0.00881397 0.00855152 0.00135912 0.000746735 0 0
 0 0 0 0 5.4009e-05 0.00500934 0.000945158 0.0243581 0.138947 0.33067 0.221406 0.137944 0.0707744 0.0437923 0.0131692 0.00525238 0.0047753 0.00276346 9.45158e-05 9.00151e-06 2.25038e-05 9.00151e-06 4.50075e-06 0 0 0
 0.000866109 0.00284123 0.00948549 0.0512746 0.133035 0.25785 0.225252 0.132002 0.0553304 0.0519788 0.0540692 0.017754 0.00435017 0.00159236 0.00146478 0.000404838 0.000125132 0.000115318 0.000107957 0.000100596 0 0 0 0 0 0
 0 0 0 0 0.00144013 0.00171154 0.00461396 0.0210425 0.0478622 0.0707936 0.0888783 0.103762 0.0637923 0.0337046 0.0602308 0.124433 0.169614 0.0934646 0.0462172 0.0250306 0.0313229 0.00938855 0.002487 0.000210481 0 0
 0 0.00764035 0.051015 0.0998891 0.058973 0.0496711 0.0374665 0.0718981 0.12319 0.153886 0.159021 0.0857701 0.0377988 0.023471 0.0147837 0.00900784 0.00315554 0.000888139 0.00291439 0.00214683 0.00393193 0.00274676 0.000635225 9.99891e-05 0 0
 0 0 0 0 0 0 0 0 0 0 0 0 0 0 0 0 0 0 0 0 0 0 0 0 0 0
 0 0 0 0 0 0 0 0 0 0 0 0 0 0 0 0 0 0 0 0 0 0 0 0 0 0
 0 0 0 0 0 0 0 0 0 0 0 0 0 0 0 0 0 0 0 0 0 0 0 0 0 0
 0 0 0 0 0 0 0 0 0 0 0 0 0 0 0 0 0 0 0 0 0 0 0 0 0 0
 0 0 0 0 0 0 0 0 0 0 0 0 0 0 0 0 0 0 0 0 0 0 0 0 0 0
 0 0 0 0 0 0 0 0 0 0 0 0 0 0 0 0 0 0 0 0 0 0 0 0 0 0
ppred_pel_tallas
 1.13715e-16 3.9008e-05 0.000379172 0.00251973 0.0114543 0.0356388 0.0759326 0.110828 0.110839 0.0759863 0.0358209 0.0119879 0.00388747 0.00345925 0.00616434 0.0108464 0.0172865 0.0251966 0.0341766 0.0438326 0.0536393 0.0625846 0.0690272 0.0711505 0.0678553 0.0594677
 1.25505e-16 3.74137e-05 0.000363675 0.00241675 0.0109862 0.0341823 0.0728298 0.106303 0.106328 0.0729523 0.0345939 0.0121768 0.00541172 0.00692439 0.0125679 0.0209152 0.0306231 0.0396463 0.046027 0.0491201 0.0500687 0.0509857 0.0534287 0.0573353 0.0611167 0.06266
 1.21103e-16 4.89457e-05 0.00047577 0.00316166 0.0143725 0.0447181 0.0952774 0.139064 0.139082 0.0953652 0.0450134 0.0152272 0.00531474 0.00520114 0.00909872 0.0151669 0.0223319 0.0291455 0.0341983 0.0369485 0.0380582 0.0388642 0.0403925 0.0426935 0.0449104 0.0458699
 1.07901e-16 6.40699e-05 0.000622783 0.00413861 0.0188135 0.0585359 0.124717 0.182031 0.182044 0.12478 0.058746 0.019421 0.00566589 0.00396503 0.00643629 0.0106058 0.0154343 0.019766 0.0224841 0.0231195 0.0221358 0.020587 0.0194182 0.0189544 0.0188865 0.018626
 1.05155e-16 5.63585e-05 0.000547825 0.00364049 0.0165492 0.0514907 0.109707 0.160126 0.16015 0.109823 0.05188 0.0176738 0.00646432 0.00671495 0.011777 0.0194027 0.0279992 0.0353302 0.0391605 0.0384771 0.0340928 0.0280805 0.0225054 0.0184414 0.0158434 0.0140665
 1.03648e-16 6.38162e-05 0.000620316 0.00412222 0.018739 0.0583041 0.124224 0.181311 0.181326 0.124297 0.0585492 0.0194474 0.00590295 0.00451641 0.00748889 0.0123469 0.0179372 0.0228863 0.0258309 0.0261332 0.0242278 0.0212612 0.0183316 0.0159443 0.0140057 0.0121828
 1.06131e-16 4.29471e-05 0.000417461 0.00277418 0.012611 0.0392378 0.0836017 0.122027 0.122062 0.0837767 0.0398256 0.0143092 0.00703868 0.00973337 0.0177547 0.0293351 0.0423751 0.0535466 0.0594817 0.058632 0.0521708 0.0431425 0.0345746 0.0280336 0.0234721 0.0200237
 1.12242e-16 4.00608e-05 0.000389405 0.00258773 0.0117635 0.0366007 0.0779826 0.113823 0.11385 0.0781107 0.0370313 0.0130105 0.00572989 0.00728872 0.0132606 0.0221669 0.0326495 0.042572 0.0497472 0.0531286 0.053306 0.0518235 0.0499276 0.0478185 0.0448868 0.0405047
 1.15542e-16 4.69831e-05 0.000456692 0.00303488 0.0137962 0.0429251 0.0914571 0.133489 0.133509 0.0915565 0.0432591 0.0147633 0.00547091 0.0058026 0.0102836 0.01715 0.0252364 0.0328918 0.0384825 0.0413265 0.0420679 0.0420894 0.0424366 0.0431328 0.0433292 0.0420067
 1.09835e-16 5.94943e-05 0.000578306 0.00384305 0.01747 0.0543556 0.115811 0.169033 0.169048 0.115886 0.0546082 0.0182004 0.00568029 0.0046012 0.00773628 0.0127938 0.0186617 0.0239856 0.0274427 0.0284749 0.0276205 0.026098 0.0249744 0.0245722 0.0244783 0.0239877
 1.03644e-16 6.7932e-05 0.000660323 0.00438808 0.0199476 0.0620644 0.132235 0.193004 0.193016 0.132295 0.0622654 0.0205284 0.00584704 0.00384857 0.00613296 0.0100583 0.0145476 0.0184353 0.0205864 0.0204923 0.0185699 0.015862 0.0133832 0.0116236 0.0104997 0.0096407
 1.02438e-16 6.25673e-05 0.000608177 0.00404155 0.0183723 0.0571632 0.121793 0.177764 0.177783 0.121886 0.0574769 0.0192785 0.0063164 0.00557495 0.00949758 0.0156083 0.0224922 0.0283146 0.0312483 0.0304515 0.0265622 0.021253 0.016219 0.012387 0.00980488 0.00804037
 1.0316e-16 5.84229e-05 0.000567892 0.00377384 0.0171553 0.0533768 0.113726 0.16599 0.166012 0.11383 0.0537276 0.0181691 0.00632034 0.00613341 0.0106474 0.0175593 0.0254041 0.0321853 0.035898 0.0356027 0.0319533 0.0266948 0.0215611 0.0174496 0.0143558 0.0118482
 1.04911e-16 5.40579e-05 0.000525462 0.00349188 0.0158736 0.0493888 0.105229 0.15359 0.153613 0.105344 0.0497766 0.0169947 0.00630925 0.00668681 0.011788 0.0194872 0.0282659 0.0359634 0.0404038 0.0405725 0.0371795 0.0320913 0.0271156 0.0231151 0.0199755 0.0171651
 1.04632e-16 6.19216e-05 0.0006019 0.00399983 0.0181827 0.0565731 0.120536 0.175929 0.175944 0.120613 0.0568333 0.0189348 0.00589077 0.00474011 0.00795149 0.0131273 0.0190926 0.0244075 0.0276424 0.0281371 0.0263613 0.0235233 0.0207571 0.0185453 0.016725 0.0148893
 1.00924e-16 7.72939e-05 0.000751325 0.00499282 0.0226966 0.0706176 0.150459 0.2196 0.219604 0.15048 0.0706912 0.0229091 0.00552648 0.00191738 0.00229501 0.00368019 0.00531398 0.00672523 0.00749129 0.00742043 0.00665945 0.00558607 0.00457244 0.00380592 0.00327191 0.00285576
 1.01958e-16 3.54522e-05 0.000344608 0.00229005 0.0104102 0.0323904 0.0690131 0.100737 0.100789 0.0692645 0.0332344 0.0128467 0.00840204 0.013674 0.0253118 0.0416882 0.0598122 0.0747149 0.0813557 0.0774115 0.0646875 0.0479544 0.0321825 0.0202977 0.0127359 0.00841572
 1.01798e-16 7.48105e-05 0.000727184 0.0048324 0.0219674 0.0683487 0.145624 0.212544 0.212547 0.145643 0.0684127 0.0221532 0.00530205 0.00176309 0.00207333 0.0033902 0.0050643 0.00675808 0.00816749 0.00912922 0.00967108 0.00991107 0.00990189 0.00957271 0.00881337 0.00760742
 1.02444e-16 5.27467e-05 0.000512717 0.00340719 0.0154886 0.0481909 0.102677 0.149867 0.149898 0.102831 0.0487067 0.0169777 0.00714275 0.00866012 0.0155047 0.0254936 0.0365918 0.0457525 0.049916 0.0476907 0.0402055 0.0303849 0.0212427 0.0145019 0.0103322 0.00797131
 1.04921e-16 5.36487e-05 0.000521484 0.00346545 0.0157534 0.0490149 0.104432 0.152426 0.152448 0.104538 0.0493715 0.0167851 0.00606116 0.00620785 0.0109112 0.0181045 0.026425 0.0339555 0.0387473 0.0398526 0.0378037 0.0340923 0.0301165 0.0264722 0.0230191 0.0194207
 1.04699e-16 6.28708e-05 0.000611127 0.00406115 0.0184614 0.0574404 0.122383 0.178625 0.17864 0.122456 0.0576859 0.0191713 0.00584575 0.00451625 0.0075071 0.0123846 0.0180086 0.023018 0.0260692 0.0265514 0.0249258 0.0223485 0.0198934 0.0179975 0.0164669 0.0148676
 1.03421e-16 6.34228e-05 0.000616492 0.00409681 0.0186235 0.0579447 0.123458 0.180194 0.180211 0.123541 0.058223 0.0194277 0.00611654 0.00502892 0.00845335 0.0139012 0.0200822 0.0253898 0.0282322 0.0278825 0.024902 0.0207356 0.0168137 0.0138672 0.0118545 0.0103409
 1.0759e-16 3.00698e-05 0.000292289 0.00194237 0.00882975 0.0274729 0.0585356 0.0854444 0.0854916 0.0587666 0.0282485 0.0110709 0.00757124 0.0125912 0.0234203 0.0387559 0.0560254 0.0708711 0.0788535 0.0779096 0.0695384 0.0576882 0.0462907 0.0373925 0.0309745 0.0259925
 1.07135e-16 6.34847e-05 0.000617094 0.00410081 0.0186417 0.0580012 0.123578 0.180368 0.180376 0.123618 0.0581373 0.0190369 0.00510076 0.00282657 0.00433785 0.00727576 0.0109551 0.0147854 0.018189 0.0208779 0.02294 0.0245959 0.0258497 0.026371 0.0257112 0.0236456
 1.06472e-16 5.4954e-05 0.000534172 0.00354977 0.0161367 0.0502075 0.106973 0.156136 0.156161 0.107094 0.0506134 0.0173092 0.00649302 0.00696002 0.0122616 0.0201934 0.0291128 0.0366873 0.0405977 0.0398248 0.0352797 0.0291961 0.0237708 0.0200992 0.0180282 0.0167258
 1.09614e-16 3.957e-05 0.000384635 0.00255603 0.0116194 0.0361524 0.0770277 0.112431 0.112465 0.0771919 0.036704 0.0132143 0.00656607 0.00916036 0.0167703 0.0278296 0.0404783 0.0517268 0.0585321 0.0594705 0.0555157 0.0492234 0.0430244 0.0380084 0.0339223 0.029986
 1.07054e-16 6.30846e-05 0.000613205 0.00407496 0.0185242 0.0576357 0.122799 0.179232 0.179243 0.122853 0.0578162 0.0190468 0.00539239 0.00350765 0.00561485 0.00932694 0.0137706 0.0180401 0.0212516 0.0230042 0.0235708 0.0235936 0.0235435 0.0234032 0.0227841 0.0212955
 1.05119e-16 5.94153e-05 0.000577538 0.00383794 0.0174468 0.0542834 0.115657 0.16881 0.16883 0.115758 0.0546214 0.018423 0.00628894 0.00593006 0.0102311 0.0168378 0.0242952 0.0306575 0.0339942 0.0334444 0.0297384 0.0246969 0.0201152 0.0168974 0.0149448 0.0136237
 1.0934e-16 3.16771e-05 0.000307913 0.00204619 0.00930171 0.0289413 0.0616641 0.0900096 0.0900525 0.0618739 0.0296461 0.0113389 0.00716508 0.0115003 0.0213405 0.0353673 0.0512664 0.0651442 0.0730314 0.0730784 0.0665973 0.0570356 0.0477627 0.0404333 0.0348936 0.0301701
 1.17184e-16 3.92282e-05 0.000381312 0.00253395 0.011519 0.03584 0.0763615 0.111456 0.111476 0.0764584 0.0361661 0.0124654 0.00492639 0.00565961 0.0102275 0.0172769 0.0258973 0.0347043 0.0422782 0.0479446 0.0520199 0.0552253 0.0577966 0.0591091 0.0581119 0.0541256
pSPR Fmed_Fpbrs
0.696239   0.6 0.325
Fs Fmed_Fpbrs
0.186315   0.269512 0.653989
SSBpbr Bo_Bmed_Bpbrs
2.22792e+06  1.43977e+06  1.22536e+06 612678
Ro
203758
SPR SPRFo_SPRFmed_SPRFpbrs
1.45043e+06 1.00985e+06 471390
Fref
0.269512
log_Ro
12.0447
likeval ReclasPelacesDesembMPH_pf_preclas_ppelaces_ptallas_desvR_qrecl_qpela
 15.0992 16.8299 0.0845591 0.000809169 228.964 106.215 76.6048 0 22.7012 5.99264e-06 1.09627e-06 0.431439 1.59453e-15 0 0
q_reclas_q_pelaces
0.706883 0.861603
M
1
N
 221979 50929.2 188373 10578.7 0.330843
 128084 74667.6 16872.7 62407.5 3504.81
 126067 40079.8 22731.4 5136.65 20066
 225536 39633 12268.5 6958.14 7714.59
 180618 65660.4 11088.9 3432.6 4105.28
 301843 61419.7 22031.7 3720.77 2529.26
 127289 95007.5 18827 6753.41 1915.83
 60055 33468.2 23595.6 4675.79 2153.05
 55585.8 20968.3 11582.2 8165.66 2363.24
 73185.9 16693.5 6083.89 3360.56 3054.93
 133589 20738.9 4525.41 1649.27 1739.16
 168954 46032.2 7067.31 1542.15 1154.69
 141556 45951.4 11893.7 1826.03 696.803
 98939.8 39299.1 12161.6 3147.82 667.701
 101197 23009 8454.48 2616.35 820.839
 532661 27350.2 5901.33 2168.4 881.567
 118132 150375 7381.78 1592.76 823.18
 818545 36586.5 45230.8 2220.34 726.682
 478089 252778 10967.6 13558.9 883.433
 385766 136734 69269.4 3005.47 3957.66
 550533 114086 38966.3 19740.3 1984.34
 729258 171549 34561.6 11804.6 6581.32
 158783 216746 49173.1 9906.82 5270.17
 466142 51519.4 68842.5 15618.2 4820.48
 393514 153801 16687.3 22298.3 6620.17
 177084 129553 49689 5391.21 9342.78
 398838 59542.8 42901 16454.3 4879.1
 439507 131794 19320.3 13920.4 6922.22
 126297 147779 43642.6 6397.78 6901.88
 98306 42415.4 48867.9 14431.8 4397.95
pred_Ctot
 12105.6 3228.86 11942.7 670.68 0.0209751
 12257.3 8266.52 1867.99 6909.19 388.021
 11738.4 4318.78 2449.42 553.497 2162.2
 30315 6134 1898.8 1076.91 1193.99
 8692.12 3676.19 620.845 192.184 229.846
 27904.8 6571.53 2357.26 398.1 270.616
 23588.3 20143.2 3991.66 1431.84 406.189
 1940.85 1260.66 888.784 176.125 81.0998
 6560.48 2855.31 1577.19 1111.94 321.809
 10855.1 2846.09 1037.25 572.945 520.839
 5376.47 971.942 212.086 77.2942 81.507
 28533.7 8913.01 1368.41 298.599 223.578
 22462.1 8370.52 2166.56 332.631 126.93
 23874.4 10770.1 3332.95 862.673 182.986
 17404.1 4535.06 1666.37 515.681 161.787
 80024.1 4721.97 1018.86 374.37 152.201
 11974.9 17622.9 865.09 186.66 96.4707
 84269.2 4353.72 5382.37 264.216 86.4737
 68654.7 41749.6 1811.44 2239.43 145.91
 48676.3 19886.4 10074.4 437.112 575.597
 53960.1 12932.9 4417.23 2237.77 224.946
 90100.3 24437.6 4923.4 1681.59 937.526
 11967.5 18945 4298.05 865.92 460.646
 30655.6 3933.67 5256.34 1192.5 368.059
 26377.5 11967.5 1298.47 1735.07 515.127
 9697.94 8247.92 3163.42 343.228 594.802
 25880.3 4486.25 3232.37 1239.75 367.615
 24071.4 8391.24 1230.11 886.304 440.733
 7005.44 9528.29 2813.92 412.506 445.009
 7667.78 3835.5 4418.98 1305.03 397.694
F
 0.089535 0.104739 0.104739 0.104739 0.104739
 0.161818 0.189297 0.189297 0.189297 0.189297
 0.15715 0.183837 0.183837 0.183837 0.183837
 0.233983 0.273716 0.273716 0.273716 0.273716
 0.078657 0.0920139 0.0920139 0.0920139 0.0920139
 0.155953 0.182436 0.182436 0.182436 0.182436
 0.335862 0.392896 0.392896 0.392896 0.392896
 0.0522494 0.061122 0.061122 0.061122 0.061122
 0.202911 0.237367 0.237367 0.237367 0.237367
 0.26099 0.30531 0.30531 0.30531 0.30531
 0.0654232 0.0765329 0.0765329 0.0765329 0.0765329
 0.302043 0.353333 0.353333 0.353333 0.353333
 0.281497 0.329299 0.329299 0.329299 0.329299
 0.458625 0.536505 0.536505 0.536505 0.536505
 0.308348 0.360709 0.360709 0.360709 0.360709
 0.264751 0.309709 0.309709 0.309709 0.309709
 0.172126 0.201355 0.201355 0.201355 0.201355
 0.175015 0.204735 0.204735 0.204735 0.204735
 0.251759 0.29451 0.29451 0.29451 0.29451
 0.218276 0.255342 0.255342 0.255342 0.255342
 0.166019 0.194211 0.194211 0.194211 0.194211
 0.2133 0.249521 0.249521 0.249521 0.249521
 0.125582 0.146907 0.146907 0.146907 0.146907
 0.108829 0.12731 0.12731 0.12731 0.12731
 0.111024 0.129878 0.129878 0.129878 0.129878
 0.0899266 0.105197 0.105197 0.105197 0.105197
 0.107314 0.125538 0.125538 0.125538 0.125538
 0.089934 0.105206 0.105206 0.105206 0.105206
 0.0911261 0.1066 0.1066 0.1066 0.1066
 0.130208 0.152319 0.152319 0.152319 0.152319
nmprior
 8 8 7 0
nm_flota  nm_reclas  nm_pelaces    nm_pelaL
inf 11.6411 15.8007 27.4418
cv_recla  cv_pelaces  cv_mph
0.359753 0.482731 0.87786
 ------------------------------------------------
Talla a la edad & desviación 
 8 13.2811 15.8009 17.003 17.5766
 0.8 1.32811 1.58009 1.7003 1.75766
