years
 1991 1992 1993 1994 1995 1996 1997 1998 1999 2000 2001 2002 2003 2004 2005 2006 2007 2008 2009 2010 2011 2012 2013 2014 2015 2016 2017 2018 2019 2020
reclasobs
 0 0 0 0 0 0 0 0 0 252601 567819 844713 477998 351125 339783 2.1784e+06 2.13404e+06 4.81314e+06 1.55562e+06 2.62356e+06 3.21686e+06 3.843e+06 1.13348e+06 3.07943e+06 1.97215e+06 2.03268e+06 2.025e+06 2.42433e+06 2.27542e+06 1.05018e+06
reclaspred
 1.63035e+06 1.18041e+06 598501 336077 293241 605238 411853 282955 144831 159040 306338 443831 384934 289563 347884 850882 1.33168e+06 2.02083e+06 1.91194e+06 1.3983e+06 2.42121e+06 2.07285e+06 1.81398e+06 2.28753e+06 2.00607e+06 1.64726e+06 1.74052e+06 1.82064e+06 1.91405e+06 1.03917e+06
pelacesobs
 0 0 0 0 0 0 0 0 0 0 0 0 0 0 0 552880 188675 0 991730 2.46772e+06 1.41603e+06 1.21717e+06 2.29649e+06 1.80582e+06 0 1.4828e+06 1.56532e+06 1.57751e+06 1.42118e+06 867257
pelacespred
 675847 532518 279681 125833 119996 255697 141909 130474 56612.1 65681.7 143267 169575 161213 126209 166873 346258 540727 894713 916283 641912 1.00568e+06 984113 835943 1.1506e+06 1.0261e+06 809829 961439 1.02013e+06 871440 540319
mphobs
 0 0 0 0 0 0 0 0 0 0 0 498337 0 5186 125008 0 168611 109162 213762 579715 649985 157893 87575 83554 0 0 0 0 0 0
mphpred
 1.25197e+06 1.26001e+06 666733 316048 217608 240865 504366 222187 159803 74597.6 125985 346608 302300 224826 170519 300324 976334 1.10858e+06 1.60805e+06 1.32894e+06 1.28262e+06 1.80103e+06 1.67209e+06 1.26203e+06 1.96428e+06 1.45467e+06 1.11468e+06 1.35496e+06 1.79696e+06 1.1297e+06
desembarqueobs
 494567 514787 250237 358949 120608 361735 552515 73892 212993 205616 52469 317467 293654 387597 252695 516296 358380 742168 942051 627588 828172 859565 418607 520667 417249 300574 407403 355545 319650 289779
desembarquepred
 494325 511873 250547 358254 120668 361855 552414 73875.8 212943 205654 52481 317428 293816 388262 252434 516079 358785 741709 941807 626824 826923 859310 419255 521017 417213 300651 407943 355716 319854 290303
Reclutas
 314848 73958.1 55595.4 85786.5 72761 223636 59269.6 18580.6 22462.1 78264 119823 105799 99836.4 86437.2 100149 464794 148014 572915 463935 256368 508845 586372 94932.6 412100 257490 120554 342298 325640 72471.8 57731.9
log_desv_Rt
 0.802887 -0.645706 -0.931104 -0.497344 -0.662024 0.460816 -0.867107 -2.02708 -1.83737 -0.589117 -0.163187 -0.287665 -0.345672 -0.489787 -0.342548 1.19239 0.0481016 1.40153 1.19054 0.597408 1.28294 1.42475 -0.396038 1.07206 0.601776 -0.157103 0.886477 0.836589 -0.666008 -0.893396
SSB
 1.25197e+06 1.26001e+06 666733 316048 217608 240865 504366 222187 159803 74597.6 125985 346608 302300 224826 170519 300324 976334 1.10858e+06 1.60805e+06 1.32894e+06 1.28262e+06 1.80103e+06 1.67209e+06 1.26203e+06 1.96428e+06 1.45467e+06 1.11468e+06 1.35496e+06 1.79696e+06 1.1297e+06
BT
 2.29326e+06 1.79104e+06 921410 696617 453397 1.29278e+06 863480 443986 390516 457216 571128 779138 785501 862227 893577 1.77996e+06 1.79998e+06 3.72339e+06 3.74625e+06 2.35884e+06 4.07758e+06 3.71397e+06 2.51592e+06 4.50005e+06 3.09966e+06 2.47823e+06 3.71713e+06 3.65682e+06 2.38022e+06 1.66536e+06
Ftot
 0.28453 0.40078 0.387456 0.934194 0.382785 0.552505 1.1318 0.245534 1.24285 1.13827 0.162804 0.647678 0.689659 1.1606 0.665289 0.561809 0.253288 0.343548 0.455386 0.415213 0.31999 0.385617 0.217688 0.21539 0.196396 0.172703 0.221505 0.18508 0.158187 0.26203
BD_Bspro_t
 0.955496 0.760938 0.555138 0.408772 0.331519 0.420981 0.502942 0.27353 0.271671 0.184564 0.324235 0.624721 0.473301 0.369015 0.300345 0.423198 0.602457 0.612568 0.64565 0.570072 0.518683 0.595608 0.609158 0.584701 0.709963 0.698685 0.693201 0.749452 0.787782 0.702083
BD_Bspro
 1.24681 1.25481 0.663984 0.314744 0.216711 0.239872 0.502286 0.221271 0.159144 0.0742901 0.125466 0.345179 0.301054 0.223899 0.169816 0.299086 0.972309 1.10401 1.60142 1.32346 1.27733 1.79361 1.6652 1.25683 1.95618 1.44868 1.11008 1.34938 1.78955 1.12504
BD_Bo
 0.731443 0.736141 0.389529 0.184646 0.127134 0.140722 0.294668 0.12981 0.0933626 0.0435826 0.0736051 0.202501 0.176614 0.131351 0.0996229 0.17546 0.570409 0.647669 0.939478 0.776412 0.74935 1.05223 0.976894 0.737323 1.1476 0.849872 0.651235 0.791618 1.04985 0.660008
BD_Brms
 3.1072 3.12716 1.65473 0.784384 0.540072 0.597792 1.25176 0.551437 0.396608 0.18514 0.312677 0.860232 0.750264 0.557984 0.423202 0.745361 2.42312 2.75132 3.99094 3.29823 3.18327 4.4699 4.14988 3.13218 4.87506 3.61029 2.76647 3.36282 4.45979 2.80374
Sel_flota
 0.5 1 1 1 1
 0.5 1 1 1 1
 0.5 1 1 1 1
 0.5 1 1 1 1
 0.5 1 1 1 1
 0.5 1 1 1 1
 0.5 1 1 1 1
 0.5 1 1 1 1
 0.5 1 1 1 1
 0.5 1 1 1 1
 0.5 1 1 1 1
 0.5 1 1 1 1
 0.5 1 1 1 1
 0.5 1 1 1 1
 0.5 1 1 1 1
 0.5 1 1 1 1
 0.5 1 1 1 1
 0.5 1 1 1 1
 0.5 1 1 1 1
 0.5 1 1 1 1
 0.5 1 1 1 1
 0.5 1 1 1 1
 0.5 1 1 1 1
 0.5 1 1 1 1
 0.5 1 1 1 1
 0.5 1 1 1 1
 0.5 1 1 1 1
 0.5 1 1 1 1
 0.5 1 1 1 1
 0.5 1 1 1 1
Sel_reclas
 0.5 1 1 1 1
 0.5 1 1 1 1
 0.5 1 1 1 1
 0.5 1 1 1 1
 0.5 1 1 1 1
 0.5 1 1 1 1
 0.5 1 1 1 1
 0.5 1 1 1 1
 0.5 1 1 1 1
 0.5 1 1 1 1
 0.5 1 1 1 1
 0.5 1 1 1 1
 0.5 1 1 1 1
 0.5 1 1 1 1
 0.5 1 1 1 1
 0.5 1 1 1 1
 0.5 1 1 1 1
 0.5 1 1 1 1
 0.5 1 1 1 1
 0.5 1 1 1 1
 0.5 1 1 1 1
 0.5 1 1 1 1
 0.5 1 1 1 1
 0.5 1 1 1 1
 0.5 1 1 1 1
 0.5 1 1 1 1
 0.5 1 1 1 1
 0.5 1 1 1 1
 0.5 1 1 1 1
 0.5 1 1 1 1
Sel_pelaces
 0.5 1 1 1 1
 0.5 1 1 1 1
 0.5 1 1 1 1
 0.5 1 1 1 1
 0.5 1 1 1 1
 0.5 1 1 1 1
 0.5 1 1 1 1
 0.5 1 1 1 1
 0.5 1 1 1 1
 0.5 1 1 1 1
 0.5 1 1 1 1
 0.5 1 1 1 1
 0.5 1 1 1 1
 0.5 1 1 1 1
 0.5 1 1 1 1
 0.5 1 1 1 1
 0.5 1 1 1 1
 0.5 1 1 1 1
 0.5 1 1 1 1
 0.5 1 1 1 1
 0.5 1 1 1 1
 0.5 1 1 1 1
 0.5 1 1 1 1
 0.5 1 1 1 1
 0.5 1 1 1 1
 0.5 1 1 1 1
 0.5 1 1 1 1
 0.5 1 1 1 1
 0.5 1 1 1 1
 0.5 1 1 1 1
pf_obs 
 0.8446 0.082 0.0669 0.0065 0
 0.8095 0.147 0.0364 0.0071 0
 0.9664 0.0169 0.016 0.0007 0
 0.9276 0.0648 0.0075 0.0001 0
 0.7033 0.2144 0.0806 0.0017 0
 0.9318 0.0425 0.0243 0.0014 0
 0.5671 0.3108 0.0964 0.0239 0.0018
 0.0768 0.2599 0.5324 0.112 0.0189
 0.490249 0.384438 0.106611 0.0170017 0.00170017
 0.7925 0.1577 0.0466 0.003 0.0002
 0.840416 0.127587 0.0312969 0.00059994 9.999e-05
 0.8084 0.0986 0.0794 0.0134 0.0002
 0.7335 0.1905 0.0724 0.0035 0.0001
 0.4001 0.4547 0.1325 0.0127 0
 0.49795 0.308269 0.164784 0.0264974 0.00249975
 0.9179 0.0499 0.0305 0.0017 0
 0.2467 0.6533 0.0926 0.0074 0
 0.9418 0.0223 0.034 0.0019 0
 0.707729 0.231977 0.0356964 0.0245975 0
 0.517169 0.277429 0.184464 0.0207286 0.00020938
 0.811772 0.124168 0.05621 0.00726502 0.000585176
 0.764997 0.148141 0.077277 0.00933861 0.000247198
 0.163321 0.427699 0.378323 0.0303852 0.000271297
 0.753843 0.0900009 0.118128 0.0371064 0.000921714
 0.721811 0.176058 0.0630433 0.0369309 0.00215725
 0.143369 0.312575 0.442814 0.0836902 0.0175525
 0.692698 0.0596174 0.167031 0.0765114 0.00414204
 0.394062 0.376323 0.152708 0.0712218 0.00568511
 0.125707 0.32114 0.495352 0.0537591 0.00404204
 0.23352 0.215282 0.420074 0.123614 0.00750983
pf_pred 
 0.629052 0.234484 0.0862617 0.0317339 0.0184684
 0.238661 0.599115 0.102545 0.0377242 0.0219546
 0.358392 0.26592 0.295637 0.0506015 0.0294489
 0.62693 0.207703 0.0685379 0.0761973 0.0206321
 0.618974 0.312023 0.0384167 0.0126768 0.0179096
 0.815387 0.144889 0.0325298 0.00400512 0.00318877
 0.346237 0.596749 0.0447464 0.0100463 0.0022217
 0.322668 0.409241 0.24471 0.0183493 0.00503076
 0.538678 0.233525 0.137634 0.0822998 0.00786307
 0.893471 0.0828624 0.0119805 0.007061 0.0046256
 0.784945 0.206531 0.00663017 0.000958609 0.000935095
 0.565697 0.384153 0.0481621 0.00154613 0.000441603
 0.605863 0.29993 0.0833281 0.010447 0.000431166
 0.617545 0.302935 0.0605129 0.016812 0.00219475
 0.724684 0.227029 0.038247 0.00764003 0.00239969
 0.894636 0.0912611 0.0116294 0.00195918 0.000514279
 0.364974 0.605046 0.0259668 0.00330897 0.000703781
 0.779682 0.12195 0.0937239 0.00402236 0.000621589
 0.558936 0.391221 0.0275892 0.0212034 0.00105061
 0.432386 0.422488 0.128726 0.00907785 0.00732239
 0.69152 0.195395 0.0841716 0.0256459 0.0032674
 0.622557 0.313855 0.0402777 0.0173507 0.00596002
 0.18007 0.645723 0.144858 0.01859 0.0107589
 0.686788 0.099941 0.167958 0.0376789 0.00763392
 0.447779 0.454922 0.0310466 0.0521761 0.0140764
 0.314941 0.433113 0.207554 0.0141647 0.0302271
 0.683939 0.155436 0.101551 0.0486648 0.0104085
 0.552198 0.36816 0.039167 0.025589 0.0148853
 0.198494 0.579196 0.182772 0.0194443 0.0200933
 0.296802 0.240269 0.334529 0.105564 0.0228359
pobs_RECLAS
 0 0 0 0 0
 0 0 0 0 0
 0 0 0 0 0
 0 0 0 0 0
 0 0 0 0 0
 0 0 0 0 0
 0 0 0 0 0
 0 0 0 0 0
 0 0 0 0 0
 0 0 0 0 0
 0.991045 0.00858322 0.000360255 1.14367e-05 0
 0.934742 0.0480273 0.0164251 0.00080598 0
 0.827803 0.169806 0.00239088 0 0
 0.941827 0.0461693 0.0120037 0 0
 0.791401 0.0380133 0.147996 0.0225897 0
 0.846168 0.0940531 0.0597789 0 0
 0.134021 0.677848 0.182769 0.00536245 0
 0.80878 0.0450904 0.141981 0.00414843 0
 0.846168 0.0940531 0.0597789 0 0
 0.905697 0.0802665 0.012482 0.00150086 5.37128e-05
 0.989698 0.0102097 9.19794e-05 0 0
 0.975433 0.0193895 0.00387452 0.00125025 5.28907e-05
 0.303575 0.632131 0.0575291 0.00676475 0
 0.966965 0.00978017 0.0227588 0.000495775 0
 0.843318 0.132988 0.00938335 0.0141283 0.000182051
 0.564624 0.303363 0.111486 0.0197234 0.00080311
 0.826376 0.0876187 0.0782897 0.00655872 0.00115652
 0.89761 0.0855135 0.0140674 0.00269457 0.000114338
 0.34875 0.467042 0.161289 0.0227151 0.000203297
 0.318654 0.224769 0.449479 0.00709798 0
ppred_RECLAS
 0.632323 0.232416 0.0855011 0.0314541 0.0183055
 0.242521 0.596077 0.102025 0.0375329 0.0218433
 0.363068 0.263982 0.293483 0.0502328 0.0292343
 0.641581 0.199546 0.0658464 0.0732049 0.0198219
 0.623675 0.308174 0.0379427 0.0125204 0.0176886
 0.820084 0.141203 0.0317022 0.00390322 0.00310764
 0.365142 0.579493 0.0434525 0.00975577 0.00215746
 0.325261 0.407675 0.243773 0.018279 0.0050115
 0.561989 0.221725 0.130679 0.0781412 0.00746574
 0.901132 0.0769033 0.0111189 0.0065532 0.00429295
 0.786201 0.205325 0.00659145 0.00095301 0.000929633
 0.575175 0.37577 0.0471111 0.00151239 0.000431966
 0.615846 0.292334 0.0812177 0.0101824 0.000420246
 0.637522 0.287112 0.0573521 0.0159338 0.00208011
 0.732604 0.220498 0.0371467 0.00742025 0.00233066
 0.897632 0.0886658 0.0112987 0.00190346 0.000499654
 0.367823 0.602332 0.0258503 0.00329412 0.000700624
 0.782681 0.120291 0.0924482 0.00396761 0.000613129
 0.56502 0.385824 0.0272086 0.0209109 0.00103612
 0.437808 0.418452 0.127496 0.00899114 0.00725245
 0.694948 0.193224 0.0832361 0.0253609 0.00323108
 0.627282 0.309926 0.0397735 0.0171335 0.00588541
 0.181599 0.644519 0.144588 0.0185553 0.0107389
 0.688977 0.0992424 0.166784 0.0374156 0.00758056
 0.450052 0.453049 0.0309188 0.0519613 0.0140185
 0.316661 0.432026 0.207033 0.0141291 0.0301512
 0.68621 0.154319 0.100822 0.0483151 0.0103337
 0.554323 0.366413 0.0389811 0.0254676 0.0148147
 0.199646 0.578364 0.182509 0.0194164 0.0200645
 0.299472 0.239357 0.333259 0.105163 0.0227492
pobs_PELACES
 0 0 0 0 0
 0 0 0 0 0
 0 0 0 0 0
 0 0 0 0 0
 0 0 0 0 0
 0 0 0 0 0
 0 0 0 0 0
 0 0 0 0 0
 0 0 0 0 0
 0 0 0 0 0
 0 0 0 0 0
 0 0 0 0 0
 0 0 0 0 0
 0 0 0 0 0
 0 0 0 0 0
 0 0 0 0 0
 0.505614 0.472636 0.0217494 0 0
 0 0 0 0 0
 0.443492 0.261883 0.143347 0.151278 0
 0.227955 0.32914 0.350689 0.0885471 0.00366901
 0.970185 0.0296113 0.000203453 0 0
 0.997202 0.00247181 0.000326279 0 0
 0.445219 0.490057 0.0546422 0.010081 0
 0.90214 0.0892962 0.00764917 0.000914606 0
 0 0 0 0 0
 0.581667 0.319106 0.0959925 0.00289975 0.000334073
 0.762889 0.0836404 0.116647 0.0363945 0.000428098
 0.88444 0.0763242 0.0277011 0.0115352 0
 0.521256 0.241999 0.230069 0.00667565 0
 0.616807 0.101726 0.260614 0.0208532 0
ppred_PELACES
 0.643169 0.22556 0.082979 0.0305263 0.0177656
 0.254875 0.586356 0.100361 0.0369208 0.021487
 0.377977 0.257803 0.286613 0.0490569 0.02855
 0.676202 0.180271 0.0594859 0.0661337 0.0179072
 0.638379 0.296132 0.0364602 0.0120312 0.0169975
 0.833145 0.130952 0.0294009 0.00361987 0.00288204
 0.409419 0.539077 0.040422 0.00907537 0.00200699
 0.334215 0.402265 0.240539 0.0180365 0.004945
 0.611663 0.19658 0.115859 0.0692793 0.00661906
 0.91665 0.0648325 0.00937366 0.00552461 0.00361913
 0.790682 0.201022 0.00645331 0.000933037 0.000910151
 0.601055 0.352878 0.0442411 0.00142025 0.000405651
 0.642389 0.272135 0.075606 0.00947888 0.00039121
 0.680512 0.25306 0.0505502 0.0140441 0.00183341
 0.753552 0.203224 0.0342366 0.00683894 0.00214807
 0.905842 0.0815552 0.0103926 0.00175081 0.000459584
 0.377593 0.593023 0.0254508 0.00324321 0.000689795
 0.792168 0.115039 0.0884124 0.0037944 0.000586362
 0.583389 0.369531 0.0260596 0.0200279 0.000992365
 0.454736 0.405852 0.123657 0.00872041 0.00703407
 0.706025 0.186208 0.0802138 0.02444 0.00311376
 0.642033 0.29766 0.0381993 0.0164553 0.00565248
 0.186998 0.640267 0.143634 0.0184329 0.010668
 0.696541 0.0968288 0.162728 0.0365056 0.0073962
 0.458085 0.446432 0.0304672 0.0512023 0.0138137
 0.322859 0.428107 0.205155 0.014001 0.0298777
 0.694026 0.150476 0.0983104 0.0471117 0.0100763
 0.561855 0.360221 0.0383224 0.0250372 0.0145644
 0.203849 0.575327 0.181551 0.0193144 0.0199591
 0.30862 0.236231 0.328907 0.10379 0.0224521
pobs_pel_tallas
 0 0 0 0 0 0 0 0 0 0 0 0 0 0 0 0 0 0 0 0 0 0 0 0 0 0
 0 0 0 0 0 0 0 0 0 0 0 0 0 0 0 0 0 0 0 0 0 0 0 0 0 0
 0 0 0 0 0 0 0 0 0 0 0 0 0 0 0 0 0 0 0 0 0 0 0 0 0 0
 0 0 0 0 0 0 0 0 0 0 0 0 0 0 0 0 0 0 0 0 0 0 0 0 0 0
 0 0 0 0 0 0 0 0 0 0 0 0 0 0 0 0 0 0 0 0 0 0 0 0 0 0
 0 0 0 0 0 0 0 0 0 0 0 0 0 0 0 0 0 0 0 0 0 0 0 0 0 0
 0 0 0 0 0 0 0 0 0 0 0 0 0 0 0 0 0 0 0 0 0 0 0 0 0 0
 0 0 0 0 0 0 0 0 0 0 0 0 0 0 0 0 0 0 0 0 0 0 0 0 0 0
 0 0 0 0 0 0 0 0 0 0 0 0 0 0 0 0 0 0 0 0 0 0 0 0 0 0
 0 0 0 0 0 0 0 0 0 0 0 0 0 0 0 0 0 0 0 0 0 0 0 0 0 0
 0 0 0 0 0 0 0 0 0 0 0 0 0 0 0 0 0 0 0 0 0 0 0 0 0 0
 0 0 0 0 0 0 0 0 0 0 0 0 0 0 0 0 0 0 0 0 0 0 0 0 0 0
 0.00862536 0 0 0.000197151 0.00414017 0.0128641 0.00837892 0.0270097 0.101434 0.158115 0.152841 0.127902 0.109271 0.109419 0.0830992 0.0579132 0.0238553 0.00714673 0.00463305 0.00128148 0.00103504 0.000492878 0.000147863 0.000147863 4.92878e-05 0
 0 0 0 0 0 0 0 0 0 0 0 0 0 0 0 0 0 0 0 0 0 0 0 0 0 0
 0 0 0 0 0 0 0 0.0054083 0.00873648 0.0413646 0.0450493 0.0745869 0.0622846 0.0627006 0.0613931 0.0827291 0.12552 0.122667 0.0946155 0.0697135 0.0546179 0.0294188 0.0215738 0.0213955 0.0102223 0.00600262
 0 0 0 0 0.00359764 0.0251062 0.0480494 0.140153 0.205849 0.193036 0.1447 0.116669 0.0760912 0.0342217 0.00950174 0.001854 0.000860785 0 0 0 0.000165536 0 0.000143464 0 0 0
 0 0 0 0 0 0 0 0.000145254 0.000435761 0.0275982 0.070085 0.0708112 0.156366 0.174668 0.174014 0.160142 0.0824315 0.0480064 0.0283245 0.00493863 0.00203355 0 0 0 0 0
 0 0 0 0 0 0 0 0 0 0 0 0 0 0 0 0 0 0 0 0 0 0 0 0 0 0
 0 0 1.00437e-05 0.000401748 0.00122533 0.00171747 0.00176769 0.0269171 0.070346 0.194647 0.189555 0.159765 0.064822 0.0314167 0.0384472 0.0292271 0.0345202 0.0313363 0.0194345 0.0106764 0.0143323 0.0359363 0.0279516 0.0138201 0.00172751 0
 0 0.0021121 0.0136068 0.0755702 0.200478 0.177729 0.0527432 0.0373336 0.0318909 0.0142505 0.0149659 0.0166563 0.0217959 0.0798694 0.0677717 0.0528807 0.04013 0.0224614 0.0357745 0.0225083 0.00881397 0.00855152 0.00135912 0.000746735 0 0
 0 0 0 0 5.4009e-05 0.00500934 0.000945158 0.0243581 0.138947 0.33067 0.221406 0.137944 0.0707744 0.0437923 0.0131692 0.00525238 0.0047753 0.00276346 9.45158e-05 9.00151e-06 2.25038e-05 9.00151e-06 4.50075e-06 0 0 0
 0.000866109 0.00284123 0.00948549 0.0512746 0.133035 0.25785 0.225252 0.132002 0.0553304 0.0519788 0.0540692 0.017754 0.00435017 0.00159236 0.00146478 0.000404838 0.000125132 0.000115318 0.000107957 0.000100596 0 0 0 0 0 0
 0 0 0 0 0.00144013 0.00171154 0.00461396 0.0210425 0.0478622 0.0707936 0.0888783 0.103762 0.0637923 0.0337046 0.0602308 0.124433 0.169614 0.0934646 0.0462172 0.0250306 0.0313229 0.00938855 0.002487 0.000210481 0 0
 0 0.00764035 0.051015 0.0998891 0.058973 0.0496711 0.0374665 0.0718981 0.12319 0.153886 0.159021 0.0857701 0.0377988 0.023471 0.0147837 0.00900784 0.00315554 0.000888139 0.00291439 0.00214683 0.00393193 0.00274676 0.000635225 9.99891e-05 0 0
 0 0 0 0 0 0 0 0 0 0 0 0 0 0 0 0 0 0 0 0 0 0 0 0 0 0
 0 0 0 0 0 0 0 0 0 0 0 0 0 0 0 0 0 0 0 0 0 0 0 0 0 0
 0 0 0 0 0 0 0 0 0 0 0 0 0 0 0 0 0 0 0 0 0 0 0 0 0 0
 0 0 0 0 0 0 0 0 0 0 0 0 0 0 0 0 0 0 0 0 0 0 0 0 0 0
 0 0 0 0 0 0 0 0 0 0 0 0 0 0 0 0 0 0 0 0 0 0 0 0 0 0
 0 0 0 0 0 0 0 0 0 0 0 0 0 0 0 0 0 0 0 0 0 0 0 0 0 0
ppred_pel_tallas
 1.08521e-16 5.2977e-05 0.000514955 0.00342206 0.0155562 0.0484012 0.103125 0.150518 0.15054 0.103231 0.0487598 0.0165931 0.00602926 0.00622158 0.0109357 0.0181136 0.0263701 0.0337632 0.0383502 0.0392535 0.0371527 0.0337307 0.0305369 0.0281791 0.0263328 0.0243157
 1.10385e-16 2.09939e-05 0.000204068 0.00135611 0.0061647 0.019181 0.0408692 0.0596616 0.0597181 0.0411455 0.0201089 0.00884553 0.00808728 0.0149047 0.0279596 0.0462422 0.0667388 0.0842044 0.093306 0.0916082 0.0810179 0.0664419 0.0527784 0.0425917 0.0358218 0.0310215
 1.18089e-16 3.11336e-05 0.000302629 0.00201108 0.00914209 0.0284446 0.0606051 0.0884602 0.0884854 0.0607287 0.0288607 0.0103493 0.00506104 0.00702618 0.0129928 0.0219342 0.0327737 0.0436891 0.0527834 0.0591164 0.063058 0.065583 0.0671598 0.0672589 0.0648443 0.0592985
 1.11426e-16 5.56979e-05 0.000541404 0.00359782 0.0163552 0.0508871 0.108421 0.158247 0.158265 0.108506 0.0511738 0.0171843 0.00568318 0.00510773 0.00877024 0.0145254 0.0211987 0.027274 0.0312719 0.032587 0.0318564 0.030469 0.0296014 0.0295378 0.0296982 0.0291845
 1.05211e-16 5.25825e-05 0.00051112 0.00339658 0.0154404 0.0480408 0.102357 0.149399 0.149428 0.102497 0.048509 0.0167926 0.00679073 0.00792016 0.0141227 0.0232629 0.033505 0.0421385 0.0464446 0.0451922 0.0393823 0.0315752 0.0243555 0.0191188 0.0158825 0.0138849
 1.01733e-16 6.86251e-05 0.00066706 0.00443285 0.0201511 0.0626976 0.133584 0.194973 0.194986 0.133646 0.0629051 0.0207504 0.00593809 0.00395569 0.00632212 0.0103634 0.0149692 0.0189215 0.0210239 0.0207186 0.0184027 0.015133 0.0119694 0.00947496 0.00766523 0.00628045
 1.02555e-16 3.37234e-05 0.000327803 0.00217837 0.00990259 0.0308109 0.0656478 0.0958258 0.0958777 0.0659014 0.0316621 0.0123604 0.00834505 0.0137801 0.0255538 0.0421179 0.0604942 0.0757039 0.0826909 0.0791194 0.0667793 0.0504084 0.0349165 0.0231557 0.0155097 0.0108964
 1.0969e-16 2.75289e-05 0.000267591 0.00177824 0.00808364 0.0251514 0.0535892 0.0782231 0.0782622 0.0537801 0.0257935 0.00994176 0.00645606 0.0105244 0.0196389 0.032766 0.0479927 0.0620002 0.0713511 0.0743495 0.0718635 0.0663774 0.0601373 0.0539694 0.0474986 0.0401768
 1.11462e-16 5.03819e-05 0.00048973 0.00325443 0.0147942 0.0460303 0.0980731 0.143144 0.143164 0.0981665 0.0463445 0.0157038 0.00554565 0.00551822 0.00967983 0.0161336 0.0237369 0.0309195 0.0361166 0.0386366 0.0390174 0.0384932 0.0380184 0.03766 0.0367562 0.0345531
 1.01454e-16 7.55033e-05 0.000733919 0.00487715 0.0221708 0.0689816 0.146973 0.214513 0.214519 0.147003 0.0690842 0.0224671 0.00562099 0.00235821 0.00316183 0.00511192 0.00736758 0.00929049 0.0102888 0.0100988 0.00894072 0.00736826 0.00593063 0.00490963 0.00428425 0.00386981
 1.00486e-16 6.51275e-05 0.000633062 0.00420692 0.0191241 0.0595022 0.126776 0.185038 0.185057 0.126871 0.0598193 0.0200396 0.00650318 0.00563995 0.00955685 0.015651 0.022433 0.0279855 0.0304032 0.0288093 0.023888 0.0174495 0.0113877 0.00682961 0.00395847 0.00237217
 1.01579e-16 4.95082e-05 0.000481237 0.00319799 0.0145376 0.0452321 0.0963731 0.140667 0.140701 0.0965392 0.0457899 0.0161484 0.00724054 0.00930379 0.0167979 0.0276724 0.0398101 0.0499552 0.0548124 0.0528424 0.0451653 0.0347911 0.0248279 0.0170666 0.0117514 0.00824681
 1.03269e-16 5.29127e-05 0.000514331 0.00341791 0.0155373 0.0483426 0.103 0.150337 0.150363 0.103128 0.0487741 0.0167844 0.00655104 0.00736293 0.0130857 0.0216172 0.0312913 0.0396716 0.0442924 0.0439877 0.0395376 0.0330554 0.0266428 0.0213919 0.0173181 0.0139424
 1.03243e-16 5.60529e-05 0.000544854 0.00362075 0.0164594 0.0512115 0.109112 0.159258 0.159282 0.109232 0.0516122 0.0176171 0.0065278 0.00689497 0.0121279 0.0199921 0.0288664 0.0364523 0.0404399 0.0397577 0.03519 0.0288042 0.0226718 0.0178904 0.0144774 0.0119009
 1.0209e-16 6.20691e-05 0.000603334 0.00400937 0.018226 0.056708 0.120823 0.176349 0.176369 0.120919 0.0570295 0.0191548 0.00634128 0.00569527 0.00973651 0.0160084 0.0230782 0.0290698 0.0321107 0.031332 0.0273729 0.0219267 0.0167102 0.0126643 0.00984888 0.00785227
 1.00575e-16 7.4613e-05 0.000725265 0.00481964 0.0219094 0.0681683 0.14524 0.211984 0.211992 0.145278 0.0682972 0.0222817 0.00575414 0.00276492 0.00394717 0.00640436 0.00921117 0.0115672 0.0127106 0.0122891 0.0105647 0.00823271 0.00600685 0.00429103 0.00312814 0.00235792
 1.01329e-16 3.1102e-05 0.000302322 0.00200904 0.00913285 0.028416 0.0605454 0.0883797 0.0884367 0.0608241 0.0293517 0.0118343 0.00878534 0.0150792 0.0280485 0.0461981 0.0662587 0.082713 0.0899565 0.0854005 0.0710439 0.0521909 0.0343856 0.0209184 0.0123222 0.007436
 1.03061e-16 6.52498e-05 0.000634252 0.00421483 0.01916 0.0596139 0.127014 0.185383 0.185394 0.127069 0.0597981 0.0196935 0.0055594 0.00358699 0.00572417 0.00949268 0.0139757 0.0182111 0.0212371 0.0225653 0.0223936 0.0213321 0.019897 0.0182201 0.016158 0.0136062
 1.03023e-16 4.80531e-05 0.000467093 0.003104 0.0141103 0.0439027 0.0935407 0.136533 0.136568 0.0937145 0.0444863 0.0157954 0.00733186 0.00969067 0.0175482 0.0288906 0.0415119 0.0519941 0.0568924 0.0546337 0.0464708 0.0356596 0.0255414 0.0180062 0.0132196 0.0103385
 1.05738e-16 3.74561e-05 0.000364086 0.00241948 0.0109986 0.0342211 0.0729131 0.106427 0.106466 0.0731048 0.034865 0.0128597 0.00709585 0.0105885 0.0195018 0.0323012 0.0468052 0.0594324 0.066525 0.066348 0.0600467 0.0507291 0.0414714 0.0338486 0.027854 0.0227756
 1.05341e-16 5.81543e-05 0.000565281 0.00375649 0.0170765 0.0531314 0.113203 0.165226 0.165244 0.113291 0.0534277 0.0179336 0.0059123 0.00528607 0.00906696 0.0150108 0.0218841 0.0280804 0.0319911 0.0328649 0.0312053 0.0283213 0.0254171 0.0229657 0.0207489 0.0183319
 1.03786e-16 5.28835e-05 0.000514046 0.00341602 0.0155288 0.0483159 0.102943 0.150254 0.150283 0.103083 0.0487865 0.0168881 0.00682801 0.00796218 0.0141976 0.0233866 0.033683 0.0423588 0.0466724 0.0453696 0.0394315 0.0314033 0.023862 0.0182124 0.0145089 0.0120575
 1.07963e-16 1.54029e-05 0.000149722 0.000994958 0.00452297 0.014073 0.0299862 0.0437787 0.0438405 0.0302882 0.0150872 0.0074533 0.0083544 0.0162284 0.0305893 0.0506437 0.0731791 0.0924933 0.102751 0.10122 0.0898357 0.0737585 0.0581693 0.045829 0.0368301 0.0299275
 1.09634e-16 5.73732e-05 0.000557688 0.00370603 0.0168471 0.0524176 0.111682 0.163005 0.163014 0.111729 0.0525758 0.0173072 0.0048727 0.00314381 0.00508436 0.0086171 0.013116 0.0179799 0.0226025 0.0266653 0.030199 0.0332879 0.0356983 0.0368199 0.0360039 0.0330118
 1.08466e-16 3.77319e-05 0.000366768 0.0024373 0.0110797 0.0344732 0.0734503 0.107212 0.107255 0.0736604 0.0351784 0.0131162 0.00754784 0.0115186 0.0212047 0.0349668 0.050308 0.0631623 0.0694392 0.0673242 0.0584086 0.0466563 0.0360411 0.0286643 0.0244436 0.0220479
 1.12491e-16 2.65936e-05 0.000258499 0.00171782 0.00780899 0.0242969 0.0517686 0.0755665 0.075608 0.0519715 0.0249786 0.00978102 0.0066789 0.011125 0.020771 0.0345756 0.0504558 0.0648092 0.0739345 0.0760683 0.0723067 0.0655942 0.0586691 0.0526605 0.0471833 0.0413847
 1.09306e-16 5.7166e-05 0.000555674 0.00369265 0.0167863 0.0522284 0.111279 0.162417 0.162432 0.11135 0.0524692 0.0174835 0.00544966 0.00441382 0.00745144 0.0124054 0.0182846 0.0238874 0.0280261 0.030171 0.0307139 0.03056 0.0303911 0.0302195 0.0295258 0.027749
 1.06174e-16 4.62793e-05 0.000449851 0.00298942 0.0135895 0.0422822 0.0900879 0.131493 0.131528 0.0902575 0.0428515 0.0152339 0.00711662 0.00945812 0.0171508 0.0282721 0.0407071 0.0511694 0.056353 0.0547681 0.0476483 0.0381279 0.0293643 0.0230519 0.0191886 0.0168146
 1.10701e-16 1.67909e-05 0.000163214 0.00108462 0.00493054 0.015341 0.0326878 0.0477204 0.047776 0.0329596 0.0162541 0.00756981 0.00771714 0.0146672 0.027636 0.0458531 0.0664981 0.0845543 0.0948776 0.0950464 0.0867057 0.074249 0.0619774 0.0520179 0.0442276 0.0374686
 1.23761e-16 2.54207e-05 0.000247098 0.00164205 0.00746456 0.0232251 0.0494845 0.0722289 0.0722521 0.0495984 0.023609 0.00857979 0.0044657 0.00649181 0.0121231 0.0206269 0.0311819 0.0423141 0.0524863 0.0609578 0.0679988 0.0741665 0.0793026 0.0822213 0.0813793 0.0759269
pSPR Fmed_Fpbrs
0.561004   0.285403 0.285403
Fs Fmed_Fpbrs
0.391254   1.005 1.005
SSBpbr Bo_Bmed_Bpbrs
1.71164e+06  874656  402925 402925
Ro
141063
SPR SPRFo_SPRFmed_SPRFpbrs
1.00414e+06 563327 286584
Fref
1.005
log_Ro
11.677
likeval ReclasPelacesDesembMPH_pf_preclas_ppelaces_ptallas_desvR_qrecl_qpela
 24.1233 32.1689 0.284881 0.00250555 234.543 119.723 82.6271 0 35.0771 0 0 0.673787 0 0 0
q_reclas_q_pelaces
1 1
M
1
N
 314848 62128.5 22855.8 8408.18 4893.36
 73958.1 100467 17196 6326.04 3681.61
 55595.4 22267.1 24755.5 4237.17 2465.93
 85786.5 16850.4 5560.3 6181.68 1673.83
 72761 19781.8 2435.57 803.69 1135.44
 223636 22104.7 4962.85 611.032 486.487
 59269.6 62412.7 4679.93 1050.72 232.363
 18580.6 12381.4 7403.6 555.149 152.203
 22462.1 6045.73 3563.21 2130.66 203.567
 78264 4438.9 641.788 378.254 247.791
 119823 16296.5 523.16 75.6399 73.7845
 105799 40634.4 5094.42 163.544 46.7113
 99836.4 28154.3 7821.97 980.657 40.4734
 86437.2 26015.8 5196.79 1443.8 188.483
 100149 17798.5 2998.47 598.96 188.13
 464794 26417.1 3366.35 567.118 148.867
 148014 129113 5541.16 706.113 150.182
 572915 47974.1 36870.1 1582.36 244.527
 463935 177499 12517.3 9620.08 476.667
 256368 135918 41412.3 2920.42 2355.68
 508845 76631.3 33010.9 10058 1281.43
 586372 159517 20471.1 8818.47 3029.18
 94932.6 177887 39906.2 5121.25 2963.92
 412100 31322.1 52639.1 11808.8 2392.51
 257490 136125 9289.95 15612.4 4212.03
 120554 85865.6 41147.9 2808.18 5992.57
 342298 40680.6 26577.9 12736.5 2724.09
 325640 112723 11992.1 7834.79 4557.56
 72471.8 109208 34461.7 3666.24 3788.61
 57731.9 24633.4 34297.3 10822.9 2341.23
pred_Ctot
 26700.4 9952.77 3661.42 1346.96 783.9
 8629.16 21661.9 3707.67 1363.98 793.802
 6287.87 4665.47 5186.86 887.786 516.671
 21014.7 6962.19 2297.39 2554.13 691.588
 8137.75 4102.22 505.071 166.664 235.46
 34897.8 6201.1 1392.25 171.415 136.476
 16944.9 29205.1 2189.9 491.668 108.731
 1370.61 1738.35 1039.46 77.9427 21.3693
 6907.56 2994.54 1764.91 1055.35 100.83
 22476 2084.48 301.379 177.626 116.361
 5960.91 1568.4 50.3498 7.27971 7.10115
 18993.5 12898.1 1617.06 51.9118 14.827
 18928.5 9370.46 2603.35 326.387 13.4705
 25204.7 12364.1 2469.8 686.172 89.5773
 18404.3 5765.71 971.332 194.029 60.9433
 73615.3 7509.43 956.931 161.211 42.3175
 11245.3 18642.2 800.07 101.953 21.6844
 57965.3 9066.38 6967.89 299.041 46.2119
 60835.4 42581 3002.84 2307.81 114.35
 30899.5 30192.1 9199.11 648.728 523.278
 48181.9 13614.3 5864.69 1786.89 227.657
 66028.6 33287.6 4271.87 1840.22 632.123
 6243.99 22390.7 5023.02 644.615 373.07
 26831.5 3904.51 6561.82 1472.05 298.243
 15346.2 15591 1064.02 1788.17 482.425
 6349 8731.26 4184.14 285.55 609.356
 22890.8 5202.3 3398.83 1628.76 348.361
 18332.2 12222.4 1300.29 849.517 494.171
 3506.36 10231.4 3228.62 343.479 354.945
 4529.45 3666.72 5105.2 1611 348.496
F
 0.142265 0.28453 0.28453 0.28453 0.28453
 0.20039 0.40078 0.40078 0.40078 0.40078
 0.193728 0.387456 0.387456 0.387456 0.387456
 0.467097 0.934194 0.934194 0.934194 0.934194
 0.191392 0.382785 0.382785 0.382785 0.382785
 0.276252 0.552505 0.552505 0.552505 0.552505
 0.565901 1.1318 1.1318 1.1318 1.1318
 0.122767 0.245534 0.245534 0.245534 0.245534
 0.621425 1.24285 1.24285 1.24285 1.24285
 0.569137 1.13827 1.13827 1.13827 1.13827
 0.0814022 0.162804 0.162804 0.162804 0.162804
 0.323839 0.647678 0.647678 0.647678 0.647678
 0.34483 0.689659 0.689659 0.689659 0.689659
 0.580301 1.1606 1.1606 1.1606 1.1606
 0.332644 0.665289 0.665289 0.665289 0.665289
 0.280904 0.561809 0.561809 0.561809 0.561809
 0.126644 0.253288 0.253288 0.253288 0.253288
 0.171774 0.343548 0.343548 0.343548 0.343548
 0.227693 0.455386 0.455386 0.455386 0.455386
 0.207606 0.415213 0.415213 0.415213 0.415213
 0.159995 0.31999 0.31999 0.31999 0.31999
 0.192808 0.385617 0.385617 0.385617 0.385617
 0.108844 0.217688 0.217688 0.217688 0.217688
 0.107695 0.21539 0.21539 0.21539 0.21539
 0.0981981 0.196396 0.196396 0.196396 0.196396
 0.0863517 0.172703 0.172703 0.172703 0.172703
 0.110752 0.221505 0.221505 0.221505 0.221505
 0.0925398 0.18508 0.18508 0.18508 0.18508
 0.0790933 0.158187 0.158187 0.158187 0.158187
 0.131015 0.26203 0.26203 0.26203 0.26203
nmprior
 8 8 7 0
nm_flota  nm_reclas  nm_pelaces    nm_pelaL
inf 6.80968 6.44741 9.3597
cv_recla  cv_pelaces  cv_mph
0.454721 0.667394 1.54474
 ------------------------------------------------
Talla a la edad & desviación 
 8 13.2811 15.8009 17.003 17.5766
 0.8 1.32811 1.58009 1.7003 1.75766
