    unsorted:	 1.444821762e-05 6.816808097e-05 0.001099983960 9.215412622 8.014532575 14.72130370 34.30004285 41.87741851 52.01444054 99.30650364 138.7094649 206.2122834 215.1218038 287.3737390 392.0983100 447.1003149 485.9282259 574.8049714 625.1894940 708.5517134 771.4263488 813.1544776 839.9613928 865.4757340 936.3625829 955.5313980 1069.641982 1100.510643 1177.264867 1236.862752 1283.725574 1547.395730 1564.868914 1654.534097 1723.843355 1847.442952 1971.759283 2267.442759 2561.798243 2731.328226 2939.610016 14570.95129 37412.29093 163267.0102 195650.9595 211269.2295 319933.3637 331880.2691 337937.8104 300424.1458 267927.5522 350318.3937 409641.4051 419413.7265 456628.0386 547677.2125 583121.4770 730481.7158 760888.2400 809813.9606 864936.8053 1018239.647 1265700.903 1374845.500 1465190.055 1534912.782 1624856.484 1904417.874 2188429.607 2239552.666 2761251.904 2876280.862 3249980.939 3558786.489 3872156.752
      sorted:	 1.444821762e-05 6.816808097e-05 0.001099983960 8.014532575 9.215412622 14.72130370 34.30004285 41.87741851 52.01444054 99.30650364 138.7094649 206.2122834 215.1218038 287.3737390 392.0983100 447.1003149 485.9282259 574.8049714 625.1894940 708.5517134 771.4263488 813.1544776 839.9613928 865.4757340 936.3625829 955.5313980 1069.641982 1100.510643 1177.264867 1236.862752 1283.725574 1547.395730 1564.868914 1654.534097 1723.843355 1847.442952 1971.759283 2267.442759 2561.798243 2731.328226 2939.610016 14570.95129 37412.29093 163267.0102 195650.9595 211269.2295 267927.5522 300424.1458 319933.3637 331880.2691 337937.8104 350318.3937 409641.4051 419413.7265 456628.0386 547677.2125 583121.4770 730481.7158 760888.2400 809813.9606 864936.8053 1018239.647 1265700.903 1374845.500 1465190.055 1534912.782 1624856.484 1904417.874 2188429.607 2239552.666 2761251.904 2876280.862 3249980.939 3558786.489 3872156.752
