years
 1991 1992 1993 1994 1995 1996 1997 1998 1999 2000 2001 2002 2003 2004 2005 2006 2007 2008 2009 2010 2011 2012 2013 2014 2015 2016 2017 2018 2019 2020
reclasobs
 0 0 0 0 0 0 0 0 0 252601 567819 844713 477998 351125 339783 2.1784e+06 2.13404e+06 4.81314e+06 1.55562e+06 2.62356e+06 3.21686e+06 3.843e+06 1.13348e+06 3.07943e+06 1.97215e+06 2.03268e+06 2.025e+06 2.42433e+06 2.27542e+06 1.05018e+06
reclaspred
 3.26821e+06 1.6857e+06 850815 739330 648150 2.04736e+06 984003 731084 495851 276794 492121 756428 741405 516588 446012 1.52801e+06 1.01229e+06 3.66912e+06 2.55248e+06 1.96161e+06 3.1743e+06 2.73892e+06 1.80468e+06 3.05588e+06 2.21147e+06 1.82829e+06 2.35324e+06 2.85277e+06 2.04983e+06 959484
pelacesobs
 0 0 0 0 0 0 0 0 0 0 0 0 0 0 0 552880 188675 0 991730 2.46772e+06 1.41603e+06 1.21717e+06 2.29649e+06 1.80582e+06 0 1.4828e+06 1.56532e+06 1.57751e+06 1.42118e+06 867257
pelacespred
 1.84048e+06 982563 457193 315600 329207 1.13762e+06 444834 478950 264752 123886 275320 344691 380174 253004 222380 686970 468519 2.07032e+06 1.40285e+06 944317 1.65418e+06 1.41103e+06 1.00139e+06 1.90363e+06 1.29152e+06 1.09232e+06 1.60326e+06 1.92192e+06 1.18317e+06 583742
mphobs
 0 0 0 0 0 0 0 0 0 0 0 498337 0 5186 125008 0 168611 109162 213762 579715 649985 157893 87575 83554 0 0 0 0 0 0
mphpred
 549936 341551 150665 84451.3 68787.9 81774.4 211830 89270.2 71805.9 36246 18275.7 61227 68939.2 53154.9 27326.8 31944.9 164707 103218 375741 211290 245741 283861 291475 198488 316215 257701 192086 226293 374731 203955
desembarqueobs
 494567 514787 250237 358949 120608 361735 552515 73892 212993 205616 52469 317467 293654 387597 252695 516296 358380 742168 942051 627588 828172 859565 418607 520667 417249 300574 407403 355545 319650 289779
desembarquepred
 494538 514474 250157 358928 120601 361660 552276 73892.2 212989 205602 52468.2 317415 293565 387316 252574 516068 358339 741842 941349 627082 828091 859168 418490 520594 417115 300504 407304 355427 319532 289694
Reclutas
 127873 88747.4 88043.8 86863.7 63863.7 226392 61296.1 21313.1 27308.3 37498.8 61490.5 112066 91510.8 66603.8 50808.5 290675 37997.8 499123 234166 241081 262535 417828 59703.7 202682 177925 66242.6 168482 203990 45002.2 29718.9
log_desv_Rt
 0.253235 -0.11201 -0.11997 -0.133465 -0.441053 0.824462 -0.482088 -1.53848 -1.29061 -0.973496 -0.478922 0.121285 -0.0813478 -0.399043 -0.669741 1.0744 -0.960277 1.61505 0.858224 0.88733 0.972578 1.43727 -0.50841 0.713834 0.583558 -0.404481 0.529023 0.720267 -0.791093 -1.20602
SSB
 1.21039e+06 751741 331607 185874 151400 179982 466229 196480 158042 79776.2 40224.1 134758 151733 116992 60145.2 70309.5 362514 227178 826991 465041 540866 624766 641525 436864 695977 567190 422774 498063 824769 448898
BT
 1.80812e+06 1.23972e+06 574119 531265 351033 1.22509e+06 818074 438033 415346 291385 264856 534802 565551 601976 429845 968519 637333 2.33968e+06 1.98057e+06 1.27256e+06 1.99244e+06 1.87826e+06 1.12288e+06 2.012e+06 1.37718e+06 1.10568e+06 1.69731e+06 1.88226e+06 1.15683e+06 731272
Ftot
 0.348142 0.678718 0.678124 1.16188 0.473432 0.513485 1.1885 0.248834 1.04292 1.71982 0.321436 1.08789 1.0133 1.81166 1.51313 1.00304 0.796033 0.603104 0.885832 0.827278 0.678747 0.819691 0.533116 0.474257 0.469372 0.39456 0.474693 0.351014 0.346531 0.666547
BD_Bspro_t
 0.946163 0.660549 0.401771 0.298779 0.24046 0.32314 0.466514 0.240797 0.261801 0.182391 0.132996 0.416661 0.314927 0.227105 0.127367 0.14912 0.352593 0.250227 0.468117 0.311096 0.300596 0.329865 0.358003 0.305937 0.445422 0.454339 0.440749 0.515723 0.618174 0.472145
BD_Bspro
 1.71294 1.06386 0.469289 0.263049 0.21426 0.254711 0.659806 0.278058 0.223661 0.112899 0.056925 0.19071 0.214732 0.165567 0.0851173 0.0995018 0.513029 0.321502 1.17036 0.658124 0.765432 0.884167 0.907885 0.618248 0.984945 0.802685 0.598308 0.704857 1.16721 0.635279
BD_Bo
 0.965065 0.599376 0.264396 0.148201 0.120714 0.143503 0.371733 0.156657 0.12601 0.063607 0.0320714 0.107445 0.120979 0.0932799 0.0479549 0.0560591 0.289039 0.181133 0.659375 0.370785 0.431242 0.498138 0.5115 0.348319 0.554915 0.452231 0.337085 0.397114 0.657603 0.357915
BD_Brms
 4.83927 3.00554 1.3258 0.743146 0.605312 0.71959 1.86404 0.78555 0.63187 0.318954 0.16082 0.538779 0.606644 0.467747 0.240467 0.281105 1.44937 0.908283 3.3064 1.85928 2.16244 2.49789 2.56489 1.74663 2.78259 2.26769 1.6903 1.99131 3.29752 1.79474
Sel_flota
 0.644561 0.971795 0.998475 0.99992 0.999996
 0.644561 0.971795 0.998475 0.99992 0.999996
 0.644561 0.971795 0.998475 0.99992 0.999996
 0.644561 0.971795 0.998475 0.99992 0.999996
 0.644561 0.971795 0.998475 0.99992 0.999996
 0.644561 0.971795 0.998475 0.99992 0.999996
 0.644561 0.971795 0.998475 0.99992 0.999996
 0.644561 0.971795 0.998475 0.99992 0.999996
 0.644561 0.971795 0.998475 0.99992 0.999996
 0.644561 0.971795 0.998475 0.99992 0.999996
 0.644561 0.971795 0.998475 0.99992 0.999996
 0.644561 0.971795 0.998475 0.99992 0.999996
 0.644561 0.971795 0.998475 0.99992 0.999996
 0.644561 0.971795 0.998475 0.99992 0.999996
 0.644561 0.971795 0.998475 0.99992 0.999996
 0.644561 0.971795 0.998475 0.99992 0.999996
 0.644561 0.971795 0.998475 0.99992 0.999996
 0.644561 0.971795 0.998475 0.99992 0.999996
 0.644561 0.971795 0.998475 0.99992 0.999996
 0.644561 0.971795 0.998475 0.99992 0.999996
 0.644561 0.971795 0.998475 0.99992 0.999996
 0.644561 0.971795 0.998475 0.99992 0.999996
 0.644561 0.971795 0.998475 0.99992 0.999996
 0.644561 0.971795 0.998475 0.99992 0.999996
 0.644561 0.971795 0.998475 0.99992 0.999996
 0.644561 0.971795 0.998475 0.99992 0.999996
 0.644561 0.971795 0.998475 0.99992 0.999996
 0.644561 0.971795 0.998475 0.99992 0.999996
 0.644561 0.971795 0.998475 0.99992 0.999996
 0.644561 0.971795 0.998475 0.99992 0.999996
Sel_reclas
 0.999991 1 1 1 1
 0.999991 1 1 1 1
 0.999991 1 1 1 1
 0.999991 1 1 1 1
 0.999991 1 1 1 1
 0.999991 1 1 1 1
 0.999991 1 1 1 1
 0.999991 1 1 1 1
 0.999991 1 1 1 1
 0.999991 1 1 1 1
 0.999991 1 1 1 1
 0.999991 1 1 1 1
 0.999991 1 1 1 1
 0.999991 1 1 1 1
 0.999991 1 1 1 1
 0.999991 1 1 1 1
 0.999991 1 1 1 1
 0.999991 1 1 1 1
 0.999991 1 1 1 1
 0.999991 1 1 1 1
 0.999991 1 1 1 1
 0.999991 1 1 1 1
 0.999991 1 1 1 1
 0.999991 1 1 1 1
 0.999991 1 1 1 1
 0.999991 1 1 1 1
 0.999991 1 1 1 1
 0.999991 1 1 1 1
 0.999991 1 1 1 1
 0.999991 1 1 1 1
Sel_pelaces
 0.910481 1 1 1 1
 0.910481 1 1 1 1
 0.910481 1 1 1 1
 0.910481 1 1 1 1
 0.910481 1 1 1 1
 0.910481 1 1 1 1
 0.910481 1 1 1 1
 0.910481 1 1 1 1
 0.910481 1 1 1 1
 0.910481 1 1 1 1
 0.910481 1 1 1 1
 0.910481 1 1 1 1
 0.910481 1 1 1 1
 0.910481 1 1 1 1
 0.910481 1 1 1 1
 0.910481 1 1 1 1
 0.910481 1 1 1 1
 0.910481 1 1 1 1
 0.910481 1 1 1 1
 0.910481 1 1 1 1
 0.910481 1 1 1 1
 0.910481 1 1 1 1
 0.910481 1 1 1 1
 0.910481 1 1 1 1
 0.910481 1 1 1 1
 0.910481 1 1 1 1
 0.910481 1 1 1 1
 0.910481 1 1 1 1
 0.910481 1 1 1 1
 0.910481 1 1 1 1
pf_obs 
 0.8446 0.082 0.0669 0.0065 0
 0.8095 0.147 0.0364 0.0071 0
 0.9664 0.0169 0.016 0.0007 0
 0.9276 0.0648 0.0075 0.0001 0
 0.7033 0.2144 0.0806 0.0017 0
 0.9318 0.0425 0.0243 0.0014 0
 0.5671 0.3108 0.0964 0.0239 0.0018
 0.0768 0.2599 0.5324 0.112 0.0189
 0.490249 0.384438 0.106611 0.0170017 0.00170017
 0.7925 0.1577 0.0466 0.003 0.0002
 0.840416 0.127587 0.0312969 0.00059994 9.999e-05
 0.8084 0.0986 0.0794 0.0134 0.0002
 0.7335 0.1905 0.0724 0.0035 0.0001
 0.4001 0.4547 0.1325 0.0127 0
 0.49795 0.308269 0.164784 0.0264974 0.00249975
 0.9179 0.0499 0.0305 0.0017 0
 0.2467 0.6533 0.0926 0.0074 0
 0.9418 0.0223 0.034 0.0019 0
 0.707729 0.231977 0.0356964 0.0245975 0
 0.517169 0.277429 0.184464 0.0207286 0.00020938
 0.811772 0.124168 0.05621 0.00726502 0.000585176
 0.764997 0.148141 0.077277 0.00933861 0.000247198
 0.163321 0.427699 0.378323 0.0303852 0.000271297
 0.753843 0.0900009 0.118128 0.0371064 0.000921714
 0.721811 0.176058 0.0630433 0.0369309 0.00215725
 0.143369 0.312575 0.442814 0.0836902 0.0175525
 0.692698 0.0596174 0.167031 0.0765114 0.00414204
 0.394062 0.376323 0.152708 0.0712218 0.00568511
 0.125707 0.32114 0.495352 0.0537591 0.00404204
 0.23352 0.215282 0.420074 0.123614 0.00750983
pf_pred 
 0.506449 0.176888 0.288449 0.0282128 1.99743e-06
 0.514964 0.302488 0.0667657 0.105482 0.0103003
 0.660593 0.219376 0.0759424 0.0161459 0.0279431
 0.707787 0.225178 0.0439131 0.01464 0.0084816
 0.709958 0.238486 0.0401557 0.00747476 0.00392565
 0.880949 0.0952086 0.0197218 0.00321059 0.000909824
 0.418255 0.537842 0.0353545 0.00707358 0.00147508
 0.446061 0.320092 0.216958 0.0136072 0.00328181
 0.631195 0.206219 0.0951469 0.0625756 0.00486323
 0.815835 0.140701 0.0247911 0.0109383 0.00773423
 0.894383 0.0957535 0.00763972 0.00127024 0.000953686
 0.810027 0.176788 0.0119882 0.000926944 0.00026937
 0.748013 0.223922 0.0261986 0.00169781 0.000169008
 0.719759 0.2371 0.0385218 0.00431236 0.000306552
 0.816041 0.156857 0.0231403 0.003539 0.000422953
 0.965215 0.0313859 0.00292137 0.000408343 6.97103e-05
 0.32693 0.660098 0.0117538 0.00104736 0.000170986
 0.951318 0.0223077 0.0258857 0.000443035 4.58249e-05
 0.57375 0.41383 0.00580337 0.00649485 0.000122419
 0.719138 0.198182 0.080368 0.00108137 0.00123029
 0.748833 0.205846 0.0323553 0.0126039 0.000361727
 0.80394 0.163915 0.0265236 0.00401549 0.00160587
 0.290984 0.622706 0.0726298 0.0112918 0.00238794
 0.78719 0.0858774 0.11195 0.0126114 0.00237087
 0.662207 0.290343 0.0195367 0.0246238 0.0032894
 0.421131 0.440652 0.119373 0.00776706 0.0110771
 0.77197 0.122903 0.0806428 0.0211509 0.0033329
 0.724514 0.233549 0.0229578 0.0145651 0.00441404
 0.296161 0.567744 0.115938 0.0110429 0.00911351
 0.393256 0.243341 0.294924 0.0583517 0.0101271
pobs_RECLAS
 0 0 0 0 0
 0 0 0 0 0
 0 0 0 0 0
 0 0 0 0 0
 0 0 0 0 0
 0 0 0 0 0
 0 0 0 0 0
 0 0 0 0 0
 0 0 0 0 0
 0 0 0 0 0
 0.991045 0.00858322 0.000360255 1.14367e-05 0
 0.934742 0.0480273 0.0164251 0.00080598 0
 0.827803 0.169806 0.00239088 0 0
 0.941827 0.0461693 0.0120037 0 0
 0.791401 0.0380133 0.147996 0.0225897 0
 0.846168 0.0940531 0.0597789 0 0
 0.134021 0.677848 0.182769 0.00536245 0
 0.80878 0.0450904 0.141981 0.00414843 0
 0.846168 0.0940531 0.0597789 0 0
 0.905697 0.0802665 0.012482 0.00150086 5.37128e-05
 0.989698 0.0102097 9.19794e-05 0 0
 0.975433 0.0193895 0.00387452 0.00125025 5.28907e-05
 0.303575 0.632131 0.0575291 0.00676475 0
 0.966965 0.00978017 0.0227588 0.000495775 0
 0.843318 0.132988 0.00938335 0.0141283 0.000182051
 0.564624 0.303363 0.111486 0.0197234 0.00080311
 0.826376 0.0876187 0.0782897 0.00655872 0.00115652
 0.89761 0.0855135 0.0140674 0.00269457 0.000114338
 0.34875 0.467042 0.161289 0.0227151 0.000203297
 0.318654 0.224769 0.449479 0.00709798 0
ppred_RECLAS
 0.61449 0.140678 0.223047 0.0217832 1.5421e-06
 0.624661 0.236753 0.0507378 0.0800337 0.00781462
 0.752982 0.161351 0.0542327 0.0115121 0.0199219
 0.795848 0.158494 0.0299281 0.00996034 0.00576996
 0.790531 0.173112 0.0283271 0.00526488 0.00276483
 0.919601 0.0646678 0.013016 0.00211567 0.000599495
 0.535649 0.430354 0.0273866 0.00546989 0.00114055
 0.553197 0.261214 0.172204 0.0107843 0.00260078
 0.733338 0.151217 0.0676069 0.0443883 0.00344945
 0.881862 0.091041 0.0154689 0.00681188 0.00481604
 0.928259 0.0652109 0.00505922 0.000839928 0.000630562
 0.871651 0.119702 0.00786333 0.000606969 0.00017637
 0.824875 0.156158 0.0177071 0.00114559 0.000114028
 0.813108 0.159017 0.0248953 0.00278139 0.000197699
 0.879774 0.103035 0.0146818 0.00224121 0.000267825
 0.977768 0.0201201 0.00181514 0.000253292 4.32369e-05
 0.431237 0.558122 0.00964346 0.00085793 0.000140049
 0.968397 0.0147104 0.0165797 0.000283321 2.93026e-05
 0.67878 0.312141 0.00424553 0.00474363 8.94029e-05
 0.801481 0.141321 0.0556015 0.000746923 0.000849712
 0.822864 0.14595 0.022274 0.00866307 0.000248607
 0.865548 0.112965 0.0177352 0.00268065 0.00107195
 0.387834 0.539528 0.0611402 0.00949084 0.00200692
 0.852335 0.0606138 0.0767902 0.00863738 0.00162365
 0.75118 0.214744 0.014043 0.0176725 0.00236062
 0.528208 0.361566 0.0952185 0.00618609 0.00882169
 0.840323 0.087209 0.0556099 0.014563 0.00229462
 0.801202 0.169267 0.0161778 0.0102482 0.00310555
 0.392244 0.4929 0.0978668 0.00930764 0.00768083
 0.505385 0.201913 0.237617 0.0469393 0.00814579
pobs_PELACES
 0 0 0 0 0
 0 0 0 0 0
 0 0 0 0 0
 0 0 0 0 0
 0 0 0 0 0
 0 0 0 0 0
 0 0 0 0 0
 0 0 0 0 0
 0 0 0 0 0
 0 0 0 0 0
 0 0 0 0 0
 0 0 0 0 0
 0 0 0 0 0
 0 0 0 0 0
 0 0 0 0 0
 0 0 0 0 0
 0.505614 0.472636 0.0217494 0 0
 0 0 0 0 0
 0.443492 0.261883 0.143347 0.151278 0
 0.227955 0.32914 0.350689 0.0885471 0.00366901
 0.970185 0.0296113 0.000203453 0 0
 0.997202 0.00247181 0.000326279 0 0
 0.445219 0.490057 0.0546422 0.010081 0
 0.90214 0.0892962 0.00764917 0.000914606 0
 0 0 0 0 0
 0.581667 0.319106 0.0959925 0.00289975 0.000334073
 0.762889 0.0836404 0.116647 0.0363945 0.000428098
 0.88444 0.0763242 0.0277011 0.0115352 0
 0.521256 0.241999 0.230069 0.00667565 0
 0.616807 0.101726 0.260614 0.0208532 0
ppred_PELACES
 0.601568 0.145678 0.230268 0.0224847 1.59174e-06
 0.620384 0.239997 0.0511266 0.0806209 0.00787182
 0.749537 0.163947 0.0547771 0.0116239 0.020115
 0.801319 0.154605 0.0288966 0.00961173 0.00556785
 0.783505 0.179049 0.0291768 0.00542158 0.00284708
 0.91679 0.0669888 0.0134223 0.00218118 0.000618051
 0.544428 0.422544 0.0266096 0.0053117 0.00110754
 0.536835 0.271027 0.178282 0.0111636 0.00269224
 0.737793 0.149295 0.0661375 0.043402 0.00337271
 0.891452 0.0839467 0.0140491 0.00618161 0.00437024
 0.924244 0.0688792 0.00532871 0.000884533 0.000664043
 0.874351 0.11726 0.00762948 0.000588613 0.000171031
 0.827262 0.154178 0.0173273 0.00112048 0.000111526
 0.828435 0.146324 0.0225456 0.00251669 0.000178877
 0.887137 0.0969098 0.0136262 0.00207857 0.000248381
 0.9781 0.0198363 0.00177381 0.000247406 4.22311e-05
 0.429354 0.560043 0.00960907 0.000854547 0.000139494
 0.967598 0.0151254 0.0169571 0.000289688 2.99606e-05
 0.67924 0.311764 0.00420746 0.00469911 8.85619e-05
 0.801108 0.141884 0.0554177 0.000744161 0.000846552
 0.820017 0.148454 0.0225212 0.00875637 0.00025128
 0.86507 0.113497 0.0176907 0.00267288 0.00106882
 0.379406 0.547263 0.0617263 0.00957939 0.00202562
 0.847218 0.0628695 0.0793161 0.00891946 0.00167665
 0.743151 0.221802 0.0144447 0.0181741 0.00242758
 0.515646 0.371496 0.0974945 0.00633276 0.00903076
 0.834801 0.0903984 0.0574033 0.0150293 0.00236806
 0.79223 0.176989 0.0168636 0.0106809 0.00323663
 0.379032 0.503908 0.0997477 0.00948495 0.00782709
 0.500812 0.204495 0.239247 0.0472464 0.00819894
pobs_pel_tallas
 0 0 0 0 0 0 0 0 0 0 0 0 0 0 0 0 0 0 0 0 0 0 0 0 0 0
 0 0 0 0 0 0 0 0 0 0 0 0 0 0 0 0 0 0 0 0 0 0 0 0 0 0
 0 0 0 0 0 0 0 0 0 0 0 0 0 0 0 0 0 0 0 0 0 0 0 0 0 0
 0 0 0 0 0 0 0 0 0 0 0 0 0 0 0 0 0 0 0 0 0 0 0 0 0 0
 0 0 0 0 0 0 0 0 0 0 0 0 0 0 0 0 0 0 0 0 0 0 0 0 0 0
 0 0 0 0 0 0 0 0 0 0 0 0 0 0 0 0 0 0 0 0 0 0 0 0 0 0
 0 0 0 0 0 0 0 0 0 0 0 0 0 0 0 0 0 0 0 0 0 0 0 0 0 0
 0 0 0 0 0 0 0 0 0 0 0 0 0 0 0 0 0 0 0 0 0 0 0 0 0 0
 0 0 0 0 0 0 0 0 0 0 0 0 0 0 0 0 0 0 0 0 0 0 0 0 0 0
 0 0 0 0 0 0 0 0 0 0 0 0 0 0 0 0 0 0 0 0 0 0 0 0 0 0
 0 0 0 0 0 0 0 0 0 0 0 0 0 0 0 0 0 0 0 0 0 0 0 0 0 0
 0 0 0 0 0 0 0 0 0 0 0 0 0 0 0 0 0 0 0 0 0 0 0 0 0 0
 0.00862536 0 0 0.000197151 0.00414017 0.0128641 0.00837892 0.0270097 0.101434 0.158115 0.152841 0.127902 0.109271 0.109419 0.0830992 0.0579132 0.0238553 0.00714673 0.00463305 0.00128148 0.00103504 0.000492878 0.000147863 0.000147863 4.92878e-05 0
 0 0 0 0 0 0 0 0 0 0 0 0 0 0 0 0 0 0 0 0 0 0 0 0 0 0
 0 0 0 0 0 0 0 0.0054083 0.00873648 0.0413646 0.0450493 0.0745869 0.0622846 0.0627006 0.0613931 0.0827291 0.12552 0.122667 0.0946155 0.0697135 0.0546179 0.0294188 0.0215738 0.0213955 0.0102223 0.00600262
 0 0 0 0 0.00359764 0.0251062 0.0480494 0.140153 0.205849 0.193036 0.1447 0.116669 0.0760912 0.0342217 0.00950174 0.001854 0.000860785 0 0 0 0.000165536 0 0.000143464 0 0 0
 0 0 0 0 0 0 0 0.000145254 0.000435761 0.0275982 0.070085 0.0708112 0.156366 0.174668 0.174014 0.160142 0.0824315 0.0480064 0.0283245 0.00493863 0.00203355 0 0 0 0 0
 0 0 0 0 0 0 0 0 0 0 0 0 0 0 0 0 0 0 0 0 0 0 0 0 0 0
 0 0 1.00437e-05 0.000401748 0.00122533 0.00171747 0.00176769 0.0269171 0.070346 0.194647 0.189555 0.159765 0.064822 0.0314167 0.0384472 0.0292271 0.0345202 0.0313363 0.0194345 0.0106764 0.0143323 0.0359363 0.0279516 0.0138201 0.00172751 0
 0 0.0021121 0.0136068 0.0755702 0.200478 0.177729 0.0527432 0.0373336 0.0318909 0.0142505 0.0149659 0.0166563 0.0217959 0.0798694 0.0677717 0.0528807 0.04013 0.0224614 0.0357745 0.0225083 0.00881397 0.00855152 0.00135912 0.000746735 0 0
 0 0 0 0 5.4009e-05 0.00500934 0.000945158 0.0243581 0.138947 0.33067 0.221406 0.137944 0.0707744 0.0437923 0.0131692 0.00525238 0.0047753 0.00276346 9.45158e-05 9.00151e-06 2.25038e-05 9.00151e-06 4.50075e-06 0 0 0
 0.000866109 0.00284123 0.00948549 0.0512746 0.133035 0.25785 0.225252 0.132002 0.0553304 0.0519788 0.0540692 0.017754 0.00435017 0.00159236 0.00146478 0.000404838 0.000125132 0.000115318 0.000107957 0.000100596 0 0 0 0 0 0
 0 0 0 0 0.00144013 0.00171154 0.00461396 0.0210425 0.0478622 0.0707936 0.0888783 0.103762 0.0637923 0.0337046 0.0602308 0.124433 0.169614 0.0934646 0.0462172 0.0250306 0.0313229 0.00938855 0.002487 0.000210481 0 0
 0 0.00764035 0.051015 0.0998891 0.058973 0.0496711 0.0374665 0.0718981 0.12319 0.153886 0.159021 0.0857701 0.0377988 0.023471 0.0147837 0.00900784 0.00315554 0.000888139 0.00291439 0.00214683 0.00393193 0.00274676 0.000635225 9.99891e-05 0 0
 0 0 0 0 0 0 0 0 0 0 0 0 0 0 0 0 0 0 0 0 0 0 0 0 0 0
 0 0 0 0 0 0 0 0 0 0 0 0 0 0 0 0 0 0 0 0 0 0 0 0 0 0
 0 0 0 0 0 0 0 0 0 0 0 0 0 0 0 0 0 0 0 0 0 0 0 0 0 0
 0 0 0 0 0 0 0 0 0 0 0 0 0 0 0 0 0 0 0 0 0 0 0 0 0 0
 0 0 0 0 0 0 0 0 0 0 0 0 0 0 0 0 0 0 0 0 0 0 0 0 0 0
 0 0 0 0 0 0 0 0 0 0 0 0 0 0 0 0 0 0 0 0 0 0 0 0 0 0
ppred_pel_tallas
 1.08938e-16 4.95504e-05 0.000481647 0.00320072 0.01455 0.0452705 0.0964541 0.140781 0.140795 0.0965245 0.0455078 0.0152394 0.00494714 0.00434647 0.00754276 0.0127902 0.0193476 0.0262591 0.0325143 0.0375391 0.0413331 0.0440735 0.0455884 0.0452574 0.0424594 0.0371476
 1.10955e-16 5.11003e-05 0.000496713 0.00330083 0.0150051 0.0466866 0.0994716 0.145187 0.14521 0.0995849 0.0470673 0.0161053 0.00606554 0.00654244 0.0115648 0.0191256 0.0277636 0.0354015 0.0399893 0.0406671 0.0382969 0.0348394 0.0320657 0.0306082 0.0299282 0.028976
 1.06193e-16 6.17384e-05 0.000600119 0.00398801 0.0181289 0.0564058 0.120179 0.175408 0.175424 0.120257 0.0566662 0.0188817 0.00588047 0.00474051 0.00795217 0.0131206 0.0190655 0.0243404 0.0275162 0.0279486 0.0261451 0.0233694 0.0208107 0.0189794 0.0176872 0.0164427
 1.0278e-16 6.60036e-05 0.000641579 0.00426352 0.0193813 0.0603026 0.128482 0.187526 0.187541 0.128555 0.0605474 0.0200885 0.00603918 0.00452015 0.00743891 0.0122117 0.0176286 0.0222623 0.0247063 0.0243179 0.0215938 0.0178152 0.0142579 0.0115849 0.00977544 0.00845403
 1.01914e-16 6.45363e-05 0.000627316 0.00416874 0.0189505 0.0589621 0.125626 0.183358 0.183375 0.12571 0.0592453 0.0197687 0.00622289 0.00511251 0.0085855 0.0140986 0.0203199 0.025587 0.0282487 0.0275401 0.0240281 0.0192113 0.0146101 0.01106 0.00861444 0.00690508
 1.00728e-16 7.55148e-05 0.00073403 0.00487789 0.0221742 0.0689922 0.146995 0.214545 0.214552 0.147027 0.0690982 0.0224806 0.00564731 0.00241463 0.00327006 0.00529374 0.00763509 0.00963535 0.0106768 0.0104727 0.00922835 0.00749095 0.0058125 0.0044914 0.00354287 0.00283631
 1.01597e-16 4.48439e-05 0.000435898 0.0028967 0.013168 0.0409708 0.087294 0.127417 0.127457 0.0874927 0.0416378 0.0150939 0.00772831 0.0109744 0.0200331 0.0329786 0.0473397 0.0591872 0.0645451 0.0615774 0.0516949 0.0386357 0.0262863 0.0169234 0.0108776 0.00730933
 1.0679e-16 4.42184e-05 0.000429819 0.0028563 0.0129843 0.0403992 0.0860758 0.125636 0.125662 0.0862046 0.0408323 0.014238 0.00601364 0.00735655 0.0132993 0.0221761 0.0325433 0.0421716 0.0487644 0.0511766 0.0499519 0.0466812 0.0427733 0.0386974 0.0341698 0.0288628
 1.06871e-16 6.0771e-05 0.000590716 0.00392552 0.0178448 0.055522 0.118296 0.172659 0.172674 0.118367 0.0557598 0.0185329 0.00565688 0.00438447 0.00730796 0.0120974 0.0176882 0.0228163 0.0262401 0.0274093 0.0267646 0.0253496 0.0240569 0.0231212 0.0221774 0.0206969
 1.01787e-16 7.34278e-05 0.000713744 0.00474308 0.0215614 0.0670854 0.142933 0.208616 0.208625 0.142972 0.0672183 0.0219452 0.0057068 0.00281854 0.00407382 0.00662682 0.00955924 0.0120658 0.0133822 0.0131643 0.0116906 0.00966753 0.0077962 0.00643665 0.00556601 0.00495848
 1.00373e-16 7.61287e-05 0.000739998 0.00491755 0.0223545 0.0695531 0.14819 0.21629 0.216296 0.148223 0.0696619 0.0226685 0.00570554 0.00245899 0.00333731 0.00538754 0.00773187 0.00967711 0.0105733 0.0101221 0.00855245 0.00646955 0.00450036 0.00300861 0.00204233 0.00146198
 1.00339e-16 7.20191e-05 0.000700052 0.00465209 0.0211477 0.0657985 0.140191 0.204615 0.204627 0.140246 0.0659836 0.0216822 0.00599291 0.00362458 0.00561885 0.00915563 0.013136 0.0164211 0.0179024 0.017068 0.0143071 0.0106555 0.00719241 0.00455351 0.00283744 0.00181938
 1.00671e-16 6.81405e-05 0.00066235 0.00440155 0.0200088 0.062255 0.132641 0.193597 0.193612 0.132714 0.0624986 0.0207124 0.00616714 0.00451515 0.00738086 0.0120823 0.0173695 0.0217799 0.0238688 0.0229641 0.0195608 0.0149837 0.010603 0.00721017 0.00491384 0.00342978
 1.00971e-16 6.82371e-05 0.000663289 0.00440779 0.0200372 0.0623432 0.132829 0.193871 0.193885 0.132898 0.0625746 0.0207056 0.00608575 0.00432648 0.00702579 0.0115081 0.0165728 0.0208418 0.0229557 0.0222804 0.0192736 0.0151626 0.0112035 0.00810355 0.00593848 0.00443793
 1.00669e-16 7.30723e-05 0.000710289 0.00472012 0.021457 0.0667607 0.142241 0.207607 0.207616 0.142287 0.0669139 0.0218996 0.005831 0.00313521 0.00467797 0.00761659 0.0109613 0.0137754 0.0151559 0.0146839 0.0126666 0.00992355 0.00729431 0.0052523 0.0038471 0.00289316
 1.00089e-16 8.05648e-05 0.000783119 0.0052041 0.0236571 0.073606 0.156825 0.228892 0.228894 0.156835 0.0736373 0.0237476 0.00543111 0.00127838 0.0010203 0.00155695 0.00222954 0.00279185 0.00305323 0.00292726 0.00247891 0.00188099 0.00131251 0.000877325 0.000589644 0.000411085
 1.0053e-16 3.53654e-05 0.000343765 0.00228444 0.0103848 0.0323111 0.0688443 0.100492 0.100545 0.0691074 0.0331943 0.0129343 0.00867851 0.0142834 0.0264544 0.0435343 0.0623705 0.0777183 0.0842582 0.0795386 0.0654764 0.0471522 0.0299026 0.0169333 0.00880516 0.00441728
 1.00528e-16 7.96998e-05 0.00077471 0.00514822 0.0234031 0.0728156 0.155141 0.226434 0.226435 0.155149 0.07284 0.0234738 0.00532688 0.00116831 0.000837675 0.00128581 0.00190723 0.0025279 0.00302445 0.00333226 0.00346437 0.00347403 0.00339451 0.00321321 0.00289915 0.00244999
 1.00688e-16 5.59482e-05 0.000543836 0.00361399 0.0164287 0.0511159 0.108909 0.158962 0.158992 0.109055 0.0516075 0.0178479 0.00717342 0.0083038 0.0147632 0.0242388 0.0347258 0.0432794 0.0469422 0.0443583 0.0366043 0.0265146 0.0170568 0.00999863 0.00562352 0.00328531
 1.01854e-16 6.59862e-05 0.00064141 0.00426239 0.0193762 0.0602867 0.128448 0.187476 0.18749 0.128515 0.0605122 0.0200281 0.00590126 0.00422732 0.00690028 0.0113651 0.0165081 0.0210524 0.0237268 0.0239169 0.0219868 0.0189586 0.0158331 0.0131074 0.0107749 0.00863958
 1.01609e-16 6.75437e-05 0.000656549 0.004363 0.0198336 0.0617097 0.13148 0.191901 0.191916 0.131549 0.0619445 0.0205119 0.00606584 0.00437448 0.00713043 0.0116861 0.0168396 0.0212018 0.0234046 0.022818 0.0199176 0.0159508 0.0121785 0.00928593 0.00730359 0.0059102
 1.00989e-16 7.12547e-05 0.000692621 0.00460271 0.0209233 0.0651001 0.138703 0.202443 0.202454 0.138757 0.0652796 0.0214418 0.00590442 0.00353457 0.0054695 0.00893156 0.012864 0.0161855 0.0178438 0.0173505 0.0150639 0.0119364 0.00893921 0.00661297 0.00500435 0.00389048
 1.03225e-16 3.12513e-05 0.000303774 0.00201869 0.00917669 0.0285524 0.0608358 0.0888026 0.0888554 0.0610934 0.0294172 0.0116742 0.0082864 0.0139816 0.0259939 0.0428867 0.0616885 0.077385 0.0848745 0.0817881 0.0698949 0.0539004 0.0386515 0.0269207 0.0190404 0.0139462
 1.03484e-16 6.97843e-05 0.000678328 0.00450773 0.0204915 0.0637566 0.13584 0.198264 0.198271 0.135871 0.0638584 0.0207868 0.0052543 0.00232583 0.00325064 0.00539893 0.00808582 0.0108247 0.0131484 0.0148098 0.0158586 0.0164754 0.0167203 0.0164419 0.0154201 0.0135901
 1.02708e-16 6.12124e-05 0.000595007 0.00395403 0.0179745 0.0559253 0.119156 0.173916 0.173937 0.11926 0.0562756 0.0189859 0.00649195 0.00613208 0.0105679 0.0173507 0.0249364 0.0312554 0.0342509 0.0329956 0.0282589 0.0220051 0.0162316 0.0120404 0.00947573 0.0079679
 1.05072e-16 4.24731e-05 0.000412854 0.00274356 0.0124719 0.0388048 0.082679 0.12068 0.120716 0.0828543 0.0393937 0.0141736 0.00701846 0.00975571 0.0178175 0.0294698 0.0426356 0.0540023 0.0601998 0.059641 0.0534148 0.0444499 0.0356697 0.0286088 0.0232979 0.0190469
 1.03588e-16 6.87615e-05 0.000668386 0.00444166 0.0201911 0.0628222 0.13385 0.195359 0.195368 0.133893 0.0629667 0.0206094 0.00549516 0.00298008 0.00449412 0.00741265 0.0108867 0.0141424 0.016431 0.0173973 0.0172498 0.016533 0.0157014 0.0148567 0.0138149 0.0123668
 1.02151e-16 6.5255e-05 0.000634302 0.00421516 0.0191615 0.0596187 0.127025 0.1854 0.185417 0.127108 0.0598983 0.0199691 0.00624193 0.00505723 0.00846086 0.0138733 0.0199545 0.0250459 0.027508 0.0265963 0.022909 0.0179887 0.0134041 0.0100201 0.00787845 0.00655071
 1.05284e-16 3.12205e-05 0.000303474 0.00201669 0.00916763 0.0285242 0.0607755 0.0887138 0.0887624 0.0610131 0.0293219 0.0114722 0.00780356 0.0129427 0.0240543 0.0397656 0.057392 0.072399 0.0801633 0.0785216 0.0690181 0.0557805 0.0429866 0.0329165 0.0257197 0.0204345
 1.13083e-16 4.12513e-05 0.000400977 0.00266464 0.0121131 0.0376883 0.0802997 0.117204 0.117224 0.0803979 0.0380188 0.013072 0.00508817 0.00574632 0.0103538 0.0174723 0.0261488 0.0349421 0.0423551 0.0476277 0.0510029 0.0531682 0.0543959 0.0541948 0.0517426 0.0466367
pSPR Fmed_Fpbrs
0.365448   0.249424 0.249424
Fs Fmed_Fpbrs
0.67694   1.005 1.005
SSBpbr Bo_Bmed_Bpbrs
1.2542e+06  395637  250118 250118
Ro
99266.2
SPR SPRFo_SPRFmed_SPRFpbrs
706616 258231 176247
Fref
1.005
log_Ro
11.3256
likeval ReclasPelacesDesembMPH_pf_preclas_ppelaces_ptallas_desvR_qrecl_qpela
 10.9216 16.5467 0.0203323 0.000847467 234.385 102.942 80.6587 0 28.3693 3.19024e-05 6.34898e-05 0.00994075 0 0 0
q_reclas_q_pelaces
2.22638 3.10686
M
1
N
 127873 30990.3 49364.3 4822.22 0.341384
 88747.4 37586.3 8128.29 12827.8 1252.56
 88043.8 21079.9 7149.67 1518.42 2627.72
 86863.7 20920.8 4012.13 1336.4 774.199
 63863.7 15111.2 2488.38 462.65 242.963
 226392 17315.4 3509.1 570.595 161.687
 61296.1 59817.3 3867.45 773.104 161.211
 21313.1 10481.9 6933.13 434.266 104.73
 27308.3 6678.77 3027.8 1989.45 154.608
 37498.8 5129.28 891.748 393.178 277.998
 61490.5 4552.98 354.749 58.9088 44.2254
 112066 18388 1225.58 94.6764 27.5117
 91510.8 20447.9 2350.18 152.161 15.1461
 66603.8 17519.6 2809.92 314.344 22.3449
 50808.5 7621.97 1108.22 169.357 20.2394
 290675 7048.11 644.412 89.9891 15.3617
 37997.8 56018.6 978.245 87.0796 14.2153
 499123 8368.18 9507.71 162.543 16.8114
 234166 124476 1713.16 1915.38 36.1004
 241081 48669.7 19361.1 260.243 296.067
 262535 52034.3 8013.37 3118.19 89.4859
 417828 62357.8 9897.68 1496.9 598.608
 59703.7 90624.9 10343.1 1606.18 339.648
 202682 15576.6 19858.9 2234.49 420.046
 177925 54924.1 3614.26 4549.95 607.773
 66242.6 48367.3 12804.8 832.129 1186.68
 168482 18897.1 12126.5 3176.75 500.554
 203990 45643.4 4382.86 2777.15 841.576
 45002.2 59848.8 11938.2 1135.67 937.188
 29718.9 13241.4 15722.1 3107.27 539.245
pred_Ctot
 16547.1 5779.41 9424.44 921.79 0.0652615
 20593.7 12096.6 2669.99 4218.29 411.915
 20415.5 6779.76 2346.98 498.985 863.575
 30725.3 9775.06 1906.28 635.526 368.189
 10883.4 3655.89 615.571 114.585 60.1786
 41422 4476.68 927.314 150.961 42.7797
 22041.6 28343.8 1863.15 372.771 77.7353
 2022.76 1451.52 983.841 61.7045 14.8821
 8915.86 2912.92 1343.98 883.902 68.6949
 17320.8 2987.19 526.332 232.228 164.203
 7397.55 791.988 63.1891 10.5063 7.88805
 37763.5 8241.88 558.892 43.2142 12.5581
 29233.1 8751.1 1023.87 66.3522 6.60502
 31772.8 10466.5 1700.49 190.363 13.5323
 21606.6 4153.15 612.694 93.7033 11.1987
 92140.3 2996.13 278.877 38.9808 6.65461
 10047.4 20286.6 361.226 32.1882 5.25486
 104872 2459.16 2853.59 48.8395 5.05165
 67418.8 48627.3 681.928 763.182 14.3849
 65747.3 18118.9 7347.66 98.8646 112.48
 60922.8 16747.1 2632.33 1025.41 29.429
 113113 23062.5 3731.82 564.972 225.943
 11285.3 24150.5 2816.82 437.931 92.6119
 34593.1 3773.89 4919.66 554.209 104.188
 30092.2 13193.8 887.794 1118.96 149.478
 9599.51 10044.5 2721.06 177.047 252.498
 28779.2 4581.84 3006.37 788.507 124.251
 26594.9 8572.94 842.716 534.643 162.027
 5798.85 11116.4 2270.08 216.22 178.443
 6793.01 4203.41 5094.45 1007.95 174.934
F
 0.224399 0.338322 0.347611 0.348114 0.34814
 0.437475 0.659575 0.677683 0.678664 0.678715
 0.437092 0.658997 0.677089 0.678069 0.678121
 0.748902 1.12911 1.16011 1.16179 1.16187
 0.305156 0.460079 0.47271 0.473394 0.47343
 0.330972 0.499002 0.512701 0.513443 0.513482
 0.766064 1.15498 1.18669 1.18841 1.1885
 0.160389 0.241816 0.248454 0.248814 0.248833
 0.672226 1.01351 1.04133 1.04284 1.04292
 1.10853 1.67131 1.71719 1.71968 1.71981
 0.207185 0.31237 0.320946 0.321411 0.321435
 0.701211 1.05721 1.08623 1.0878 1.08788
 0.653136 0.984724 1.01176 1.01322 1.0133
 1.16773 1.76057 1.8089 1.81152 1.81166
 0.975304 1.47045 1.51082 1.51301 1.51312
 0.646524 0.974754 1.00151 1.00296 1.00304
 0.513092 0.773581 0.794819 0.795969 0.796029
 0.388738 0.586094 0.602184 0.603056 0.603102
 0.570973 0.860847 0.884481 0.88576 0.885828
 0.533231 0.803945 0.826016 0.827211 0.827274
 0.437494 0.659604 0.677712 0.678693 0.678745
 0.528341 0.796572 0.818441 0.819626 0.819688
 0.343626 0.518079 0.532302 0.533073 0.533113
 0.305687 0.46088 0.473533 0.474219 0.474255
 0.302539 0.456133 0.468656 0.469334 0.46937
 0.254318 0.383432 0.393958 0.394528 0.394559
 0.305969 0.461304 0.473969 0.474655 0.474691
 0.22625 0.341114 0.350478 0.350986 0.351012
 0.22336 0.336757 0.346002 0.346503 0.346529
 0.429631 0.647748 0.665531 0.666494 0.666545
nmprior
 8 8 7 0
nm_flota  nm_reclas  nm_pelaces    nm_pelaL
inf 18.0169 14.8581 25.4893
cv_recla  cv_pelaces  cv_mph
0.305964 0.478653 0.898394
 ------------------------------------------------
Talla a la edad & desviación 
 8 13.2811 15.8009 17.003 17.5766
 0.8 1.32811 1.58009 1.7003 1.75766
